3.996455239
3.609910612
3.47074846
3.421956335
3.405486475
3.400323648
3.39902413
3.399010779
3.399412358
3.399941584
3.400506168
3.40107726
3.401646098
3.4022101
3.402768527
3.403321177
3.403867995
3.404408967
3.404944089
3.405473361
3.405996782
3.406514353
3.407026073
3.407531943
3.408031962
3.408526131
3.409014449
3.409496916
3.409973533
3.4104443
3.410909216
3.411368281
3.411821496
3.41226886
3.412710374
3.413146037
3.413575849
3.413999811
3.414417923
3.414830184
3.415236594
3.415637154
3.416031863
3.416420722
3.41680373
3.417180888
3.417552195
3.417917651
3.418277257
3.418631013
3.418978918
3.419320972
3.419657176
3.419987529
3.420312032
3.420630684
3.420943485
3.421250436
3.421551537
3.421846787
3.422136186
3.422419735
3.422697433
3.422969281
3.423235278
3.423495425
3.423749721
3.423998166
3.424240761
3.424477506
3.4247084
3.424933443
3.425152636
3.425365978
3.42557347
3.425775111
3.425970901
3.426160841
3.426344931
3.42652317
3.426695558
3.426862096
3.427022783
3.427177619
3.427326604
3.427469734
3.427606995
3.427738332
3.427863543
3.427981889
3.428090787
3.428181476
3.428225107
3.428129389
3.42760704
3.425786824
3.420091597
3.403077635
3.353729708
3.214000052
2.826876221