-0.576455239
-0.189910612
-0.05074846
-0.001956335
0.014513525
0.019676352
0.02097587
0.020989221
0.020587642
0.020058416
0.019493832
0.01892274
0.018353902
0.0177899
0.017231473
0.016678823
0.016132005
0.015591033
0.015055911
0.014526639
0.014003218
0.013485647
0.012973927
0.012468057
0.011968038
0.011473869
0.010985551
0.010503084
0.010026467
0.0095557
0.009090785
0.008631719
0.008178504
0.00773114
0.007289627
0.006853963
0.006424151
0.006000189
0.005582077
0.005169816
0.004763406
0.004362846
0.003968137
0.003579278
0.00319627
0.002819112
0.002447805
0.002082349
0.001722743
0.001368987
0.001021083
0.000679028
0.000342824
1.24712E-05
-0.000312032
-0.000630684
-0.000943485
-0.001250436
-0.001551537
-0.001846787
-0.002136186
-0.002419735
-0.002697433
-0.002969281
-0.003235278
-0.003495425
-0.003749721
-0.003998166
-0.004240761
-0.004477506
-0.004708399
-0.004933443
-0.005152636
-0.005365978
-0.005573469
-0.005775111
-0.005970901
-0.006160841
-0.006344931
-0.00652317
-0.006695558
-0.006862096
-0.007022783
-0.007177619
-0.007326604
-0.007469734
-0.007606995
-0.007738332
-0.007863543
-0.007981889
-0.008090787
-0.008181476
-0.008225107
-0.008129389
-0.00760704
-0.005786824
-9.15966E-05
0.016922365
0.066270292
0.205999948
0.593123779