FiniteElementSpace
FiniteElementCollection: H1_3D_P1
VDim: 1
Ordering: 0

0
0
0
0
0
0
0
0
0
0
0
0
0
0
0
0
0
0
0
0
0
0
0
0
0
0
0
0
0
0
0
0
0
0
0
0
0
0
0
0
0
0
0
0
0
0
0
0
0
0
0
0
0
0
0
43.85565570213139
82.43529509790119
145.1920057717728
239.0864858872035
367.3762867080194
525.9665171954377
700.9412848036485
869.191500266945
1002.973933856837
1077.275952522235
1077.275952522235
1002.973933856837
869.191500266945
700.9412848036485
525.9665171954377
367.3762867080194
239.0864858872035
145.1920057717728
82.43529509790119
43.85565570213139
0
0
0
0
0
0
0
0
0
0
0
0
0
0
0
0
0
0
0
0
0
0
0
0
0
0
0
0
0
0
0
0
0
0
0
0
0
0
0
0
0
0
0
0
0
0
0
0
0
0
0
0
0
0
0
0
0
0
0
64.44704757907056
140.1268831019961
285.8932670969748
545.1937160829326
967.7373622839475
1592.642993054001
2423.164725035442
3405.439347709311
4428.581150101326
5351.996395669398
6044.724928766677
6413.943693389483
6413.943693389483
6044.724928766677
5351.996395669398
4428.581150101326
3405.439347709311
2423.164725035442
1592.642993054001
967.7373622839475
545.1937160829326
285.8932670969748
140.1268831019961
64.44704757907056
0
0
0
0
0
0
0
0
0
0
0
0
0
0
0
0
0
0
0
0
0
0
0
0
0
0
0
0
0
0
0
0
0
0
0
0
0
0
0
0
0
0
0
0
0
0
0
0
0
0
0
0
0
0
0
0
0
0
0
0
0
0
0
0
0
0
0
0
0
0
0
0
0
0
0
0
0
0
0
0
0
0
0
0
0
0
0
0
0
0
0
0
0
0
0
0
0
0
0
0
0
0
0
0
0
0
43.85565570213139
82.43529509790119
145.1920057717728
239.0864858872035
367.3762867080194
525.9665171954377
700.9412848036485
869.191500266945
1002.973933856837
1077.275952522235
1077.275952522235
1002.973933856837
869.191500266945
700.9412848036485
525.9665171954377
367.3762867080194
239.0864858872035
145.1920057717728
82.43529509790119
43.85565570213139
0
0
0
0
0
0
0
0
0
0
0
0
0
0
0
0
0
0
0
0
0
0
0
0
0
0
0
0
0
0
0
0
0
0
0
0
0
0
0
0
0
0
0
0
0
0
0
0
0
0
0
0
0
0
0
0
0
0
0
64.44704757907056
140.1268831019961
285.8932670969748
545.1937160829326
967.7373622839475
1592.642993054001
2423.164725035442
3405.439347709311
4428.581150101326
5351.996395669398
6044.724928766677
6413.943693389483
6413.943693389483
6044.724928766677
5351.996395669398
4428.581150101326
3405.439347709311
2423.164725035442
1592.642993054001
967.7373622839475
545.1937160829326
285.8932670969748
140.1268831019961
64.44704757907056
0
0
0
0
0
0
0
0
0
0
0
0
0
0
0
0
0
0
0
0
0
0
0
0
0
0
0
0
0
0
0
0
0
0
0
0
0
0
0
0
0
0
0
0
0
0
0
0
0
0
0
