FiniteElementSpace
FiniteElementCollection: H1_3D_P1
VDim: 1
Ordering: 0

0
0
0
0
0
0
0
0
0
0
0
0
0
0
0
0
0
0
0
0
0
0
0
0
0
0
0
0
0
0
0
0
0
0
0
0
0
0
0
48.69880770034509
140.1268831019961
380.78932552877
967.7373622839475
2261.048123811171
4721.053870059321
8466.241807164968
12530.74901440101
15067.44570242072
15106.11478942362
13381.41334397113
11161.17432205156
9223.341944228396
7814.960528653883
6932.309841732094
6512.525611459663
6512.525611459663
6932.309841732094
7814.960528653883
9223.341944228396
11161.17432205156
13381.41334397113
15106.11478942362
15067.44570242072
12530.74901440101
8466.241807164968
4721.053870059321
2261.048123811171
967.7373622839475
380.78932552877
140.1268831019961
48.69880770034509
0
0
0
0
0
0
0
0
0
0
0
0
0
0
0
0
0
0
0
0
0
0
0
0
0
0
0
0
0
0
0
0
0
0
0
0
0
0
0
0
0
0
0
0
0
0
0
0
82.43529509790119
256.8021269091076
753.0834448098537
2036.787907138069
4873.008484054873
9590.974204003674
14212.3103324942
15182.00945938872
12325.41936204071
8508.975143351559
5533.581211175097
3621.524831111802
2474.575766175448
1800.319171998265
1409.366606427735
1194.103151046931
1098.381512121823
1098.381512121823
1194.103151046931
1409.366606427735
1800.319171998265
2474.575766175448
3621.524831111802
5533.581211175097
8508.975143351559
12325.41936204071
15182.00945938872
14212.3103324942
9590.974204003674
4873.008484054873
2036.787907138069
753.0834448098537
256.8021269091076
82.43529509790119
0
0
0
0
0
0
0
0
0
0
0
0
0
0
0
0
0
0
0
0
0
0
0
0
0
0
0
0
0
0
0
0
0
0
0
0
0
0
0
0
0
0
0
0
0
34.36952585438644
121.5934266822009
409.1111797409312
1287.440728466622
3639.985699005337
8466.241807164968
14052.98948438792
14919.72225003818
10679.10676177704
6108.506925424119
3237.832536961174
0
0
0
0
0
0
0
0
0
0
0
0
0
0
0
0
0
0
0
0
0
0
0
0
0
0
0
0
0
0
0
0
0
0
0
0
0
0
0
48.69880770034509
140.1268831019961
380.78932552877
967.7373622839475
2261.048123811171
4721.053870059321
8466.241807164968
12530.74901440101
15067.44570242072
15106.11478942362
13381.41334397113
11161.17432205156
9223.341944228396
7814.960528653883
6932.309841732094
6512.525611459663
6512.525611459663
6932.309841732094
7814.960528653883
9223.341944228396
11161.17432205156
13381.41334397113
15106.11478942362
15067.44570242072
12530.74901440101
8466.241807164968
4721.053870059321
2261.048123811171
967.7373622839475
380.78932552877
140.1268831019961
48.69880770034509
0
0
0
0
0
0
0
0
0
0
0
0
0
0
0
0
0
0
0
0
0
0
0
0
0
0
0
0
0
0
0
0
0
0
0
0
0
0
0
0
0
0
0
0
0
0
0
0
82.43529509790119
256.8021269091076
753.0834448098537
2036.787907138069
4873.008484054873
9590.974204003674
14212.3103324942
15182.00945938872
12325.41936204071
8508.975143351559
5533.581211175097
3621.524831111802
2474.575766175448
1800.319171998265
1409.366606427735
1194.103151046931
1098.381512121823
1098.381512121823
1194.103151046931
1409.366606427735
1800.319171998265
2474.575766175448
3621.524831111802
5533.581211175097
8508.975143351559
12325.41936204071
15182.00945938872
14212.3103324942
9590.974204003674
4873.008484054873
2036.787907138069
753.0834448098537
256.8021269091076
82.43529509790119
0
0
0
0
0
0
0
0
0
0
0
0
0
0
0
0
0
0
0
0
0
0
0
0
0
0
0
0
0
0
0
0
0
0
0
0
0
0
0
0
0
0
0
0
0
34.36952585438644
121.5934266822009
409.1111797409312
1287.440728466622
3639.985699005337
8466.241807164968
14052.98948438792
14919.72225003818
10679.10676177704
6108.506925424119
3237.832536961174
