FiniteElementSpace
FiniteElementCollection: H1_3D_P1
VDim: 1
Ordering: 0

0
0
0
0
0
0
0
64.44704757907056
140.1268831019961
285.8932670969748
545.1937160829326
967.7373622839475
1592.642993054001
2423.164725035442
3405.439347709311
4428.581150101326
5351.996395669398
6044.724928766677
6413.943693389483
6413.943693389483
6044.724928766677
5351.996395669398
4428.581150101326
3405.439347709311
2423.164725035442
1592.642993054001
967.7373622839475
545.1937160829326
285.8932670969748
140.1268831019961
64.44704757907056
0
0
0
0
0
0
0
0
0
0
0
0
0
0
0
0
0
0
0
0
0
0
0
0
0
0
0
0
0
0
0
0
0
0
0
0
0
0
0
0
0
0
0
0
0
0
0
0
0
0
0
0
0
0
0
66.74999054431851
167.3782281348983
394.6949705101524
869.191500266945
1770.312729224048
3293.219893529492
5519.397575314501
8247.514090356206
10972.60684367494
13145.92895025163
14505.15210786052
15147.88274961029
15353.55934833758
15384.23085254222
15384.23085254222
15353.55934833758
15147.88274961029
14505.15210786052
13145.92895025163
10972.60684367494
8247.514090356206
5519.397575314501
3293.219893529492
1770.312729224048
869.191500266945
394.6949705101524
167.3782281348983
66.74999054431851
0
0
0
0
0
0
0
0
0
0
0
0
0
0
0
0
0
0
0
0
0
0
0
0
0
0
0
0
0
0
0
0
0
0
0
0
0
0
0
0
0
0
0
0
0
0
0
0
0
0
0
48.69880770034509
140.1268831019961
380.78932552877
967.7373622839475
2261.048123811171
4721.053870059321
8466.241807164968
12530.74901440101
15067.44570242072
15106.11478942362
13381.41334397113
11161.17432205156
9223.341944228396
7814.960528653883
6932.309841732094
6512.525611459663
6512.525611459663
6932.309841732094
7814.960528653883
9223.341944228396
11161.17432205156
13381.41334397113
15106.11478942362
15067.44570242072
12530.74901440101
8466.241807164968
4721.053870059321
2261.048123811171
967.7373622839475
380.78932552877
140.1268831019961
48.69880770034509
0
0
0
0
0
0
0
0
0
0
0
0
0
0
0
0
0
0
64.44704757907056
140.1268831019961
285.8932670969748
545.1937160829326
967.7373622839475
1592.642993054001
2423.164725035442
3405.439347709311
4428.581150101326
5351.996395669398
6044.724928766677
6413.943693389483
6413.943693389483
6044.724928766677
5351.996395669398
4428.581150101326
3405.439347709311
2423.164725035442
1592.642993054001
967.7373622839475
545.1937160829326
285.8932670969748
140.1268831019961
64.44704757907056
0
0
0
0
0
0
0
0
0
0
0
0
0
0
0
0
0
0
0
0
0
0
0
0
0
0
0
0
0
0
0
0
0
0
0
0
0
0
0
0
0
0
0
0
0
0
0
0
0
0
0
0
0
0
0
66.74999054431851
167.3782281348983
394.6949705101524
869.191500266945
1770.312729224048
3293.219893529492
5519.397575314501
8247.514090356206
10972.60684367494
13145.92895025163
14505.15210786052
15147.88274961029
15353.55934833758
15384.23085254222
15384.23085254222
15353.55934833758
15147.88274961029
14505.15210786052
13145.92895025163
10972.60684367494
8247.514090356206
5519.397575314501
3293.219893529492
1770.312729224048
869.191500266945
394.6949705101524
167.3782281348983
66.74999054431851
0
0
0
0
0
0
0
0
0
0
0
0
0
0
0
0
0
0
0
0
0
0
0
0
0
0
0
0
0
0
0
0
0
0
0
0
0
0
0
0
0
0
0
0
0
0
0
0
0
0
0
48.69880770034509
140.1268831019961
380.78932552877
967.7373622839475
2261.048123811171
4721.053870059321
8466.241807164968
12530.74901440101
15067.44570242072
15106.11478942362
13381.41334397113
11161.17432205156
9223.341944228396
7814.960528653883
6932.309841732094
6512.525611459663
6512.525611459663
6932.309841732094
7814.960528653883
9223.341944228396
11161.17432205156
13381.41334397113
15106.11478942362
15067.44570242072
12530.74901440101
8466.241807164968
4721.053870059321
2261.048123811171
967.7373622839475
380.78932552877
140.1268831019961
48.69880770034509
0
0
0
0
0
0
0
0
0
0
0
