FiniteElementSpace
FiniteElementCollection: H1_2D_P1
VDim: 1
Ordering: 0

0
0
0
0
0
89.59224390490641
337.8158609016725
1209.155852578144
3866.93003640815
9747.067356320864
15207.56078702173
12522.27937871196
6370.707499609596
2636.413831791053
1030.368999526305
412.8538238623734
172.6065892598537
76.37840107665994
35.87701282487746
0
0
0
0
0
0
0
0
0
0
0
0
0
0
0
0
0
0
35.87701282487746
76.37840107665994
172.6065892598537
412.8538238623734
1030.368999526305
2636.413831791053
6370.707499609596
12522.27937871196
15207.56078702173
9747.067356320864
3866.93003640815
1209.155852578144
337.8158609016725
89.59224390490641
0
0
0
0
0
0
0
0
0
0
0
0
0
0
0
0
0
0
0
0
0
0
0
0
0
0
0
0
0
0
0
0
0
0
0
0
0
0
0
0
0
0
0
0
0
0
0
0
0
0
95.26115692434651
381.5082530535948
1442.566045617882
4814.191712062595
11698.50944161415
15254.26859904377
9783.385993737395
4055.955685517857
1451.04044462251
510.4200959354557
185.7552611491573
70.95392516558954
0
0
0
0
0
0
0
0
0
0
0
0
0
0
0
0
0
0
0
0
0
0
0
0
70.95392516558954
185.7552611491573
510.4200959354557
1451.04044462251
4055.955685517857
9783.385993737395
15254.26859904377
11698.50944161415
4814.191712062595
1442.566045617882
381.5082530535948
95.26115692434651
0
0
0
0
0
0
0
0
0
0
0
0
0
0
0
0
0
0
0
0
0
0
0
0
0
0
0
0
0
0
0
0
0
0
0
0
0
0
0
0
0
0
0
0
0
0
0
0
89.59224390490641
381.5082530535948
1538.417522400388
5351.268384246815
12752.28116073375
14633.80922161915
7808.096008260535
2803.41697561455
898.417612797945
288.3381574940879
95.26115692434651
33.32586018912535
0
0
0
0
0
0
0
0
0
0
0
0
0
0
0
0
0
0
0
0
0
0
0
0
0
0
33.32586018912535
95.26115692434651
288.3381574940879
898.417612797945
2803.41697561455
7808.096008260535
14633.80922161915
12752.28116073375
5351.268384246815
1538.417522400388
381.5082530535948
89.59224390490641
0
0
0
0
0
0
0
0
0
0
0
0
0
0
0
0
0
0
0
0
0
0
0
0
0
0
0
0
0
0
0
0
0
0
0
0
0
0
0
0
0
0
0
0
0
0
74.98468351999036
337.8158609016725
1442.566045617882
5351.268384246815
13101.83623671439
14141.50331255032
6706.267556565869
2162.994046789746
634.3673831038408
185.7552611491573
56.53209829810273
0
0
0
0
0
0
0
0
0
0
0
0
0
0
0
0
0
0
0
0
0
0
0
0
0
0
0
0
0
0
56.53209829810273
185.7552611491573
634.3673831038408
2162.994046789746
6706.267556565869
14141.50331255032
13101.83623671439
5351.268384246815
1442.566045617882
337.8158609016725
74.98468351999036
0
0
0
0
0
0
0
0
0
0
0
0
0
0
0
0
0
0
0
0
0
0
0
0
0
0
0
0
0
0
0
0
0
0
0
0
0
0
0
0
0
0
0
0
55.49987059550924
264.7424481084195
1209.155852578144
4814.191712062595
12752.28116073375
14141.50331255032
6370.707499609596
1895.736010005338
510.4200959354557
138.4618288251316
38.86132778676896
0
0
0
0
0
0
0
0
0
0
0
0
0
0
0
0
0
0
0
0
0
0
0
0
0
0
0
0
0
0
0
0
38.86132778676896
138.4618288251316
510.4200959354557
1895.736010005338
6370.707499609596
14141.50331255032
12752.28116073375
4814.191712062595
1209.155852578144
264.7424481084195
55.49987059550924
0
0
0
0
0
0
0
0
0
0
0
0
0
0
0
0
0
0
0
0
0
0
0
0
0
0
0
0
0
0
0
0
0
0
0
0
0
0
0
0
0
0
36.77002919165814
184.6225204672002
893.0682415063264
3866.93003640815
11698.50944161415
14633.80922161915
6706.267556565869
1895.736010005338
477.5347897251186
119.5245434909462
0
0
0
0
0
0
0
0
0
0
0
0
0
0
0
0
0
0
0
0
0
0
0
0
0
0
0
0
0
0
0
0
0
0
0
0
119.5245434909462
477.5347897251186
1895.736010005338
6706.267556565869
14633.80922161915
11698.50944161415
3866.93003640815
893.0682415063264
184.6225204672002
36.77002919165814
0
0
0
0
0
0
0
0
0
0
0
0
0
0
0
0
0
0
0
0
0
0
0
0
0
0
0
0
0
0
0
0
0
0
0
0
0
0
0
0
0
113.804031433059
583.0045138949538
2756.959973328916
9747.067356320864
15254.26859904377
7808.096008260535
2162.994046789746
510.4200959354557
119.5245434909462
0
0
0
0
0
0
0
0
0
0
0
0
0
0
0
0
0
0
0
0
0
0
0
0
0
0
0
0
0
0
0
0
0
0
0
0
0
0
119.5245434909462
510.4200959354557
2162.994046789746
7808.096008260535
15254.26859904377
9747.067356320864
2756.959973328916
583.0045138949538
113.804031433059
0
0
0
0
0
0
0
0
0
0
0
0
0
0
0
0
0
0
0
0
0
0
0
0
0
0
0
0
0
0
0
0
0
0
0
0
0
0
0
0
0
337.8158609016725
1728.271319847696
7213.183090110013
15207.56078702173
9783.385993737395
2803.41697561455
634.3673831038408
138.4618288251316
0
0
0
0
0
0
0
0
0
0
0
0
0
0
0
0
0
0
0
0
0
0
0
0
0
0
0
0
0
0
0
0
0
0
0
0
0
0
0
0
138.4618288251316
634.3673831038408
2803.41697561455
9783.385993737395
15207.56078702173
7213.183090110013
1728.271319847696
337.8158609016725
62.75392799658984
0
0
0
0
0
0
0
0
0
0
0
0
0
0
0
0
0
0
0
0
0
0
0
0
0
0
0
0
0
0
0
0
0
0
0
0
0
0
0
0
947.9791906524491
4549.903725463136
13434.73682362553
12522.27937871196
4055.955685517857
898.417612797945
185.7552611491573
38.86132778676896
0
0
0
0
0
0
0
0
0
0
0
0
0
0
0
0
0
0
0
0
0
0
0
0
0
0
0
0
0
0
0
0
0
0
0
0
0
0
0
0
38.86132778676896
185.7552611491573
898.417612797945
4055.955685517857
12522.27937871196
13434.73682362553
4549.903725463136
947.9791906524491
173.6660279803852
0
0
0
0
0
0
0
0
0
0
0
0
0
0
0
0
0
0
0
0
0
0
0
0
0
0
0
0
0
0
0
0
0
0
0
0
0
0
0
0
