FiniteElementSpace
FiniteElementCollection: H1_3D_P1
VDim: 1
Ordering: 0

12325.41936204071
8508.975143351559
5533.581211175097
3621.524831111802
2474.575766175448
1800.319171998265
1409.366606427735
1194.103151046931
1098.381512121823
1098.381512121823
1194.103151046931
1409.366606427735
1800.319171998265
2474.575766175448
3621.524831111802
5533.581211175097
8508.975143351559
12325.41936204071
15182.00945938872
14212.3103324942
9590.974204003674
4873.008484054873
2036.787907138069
753.0834448098537
256.8021269091076
82.43529509790119
0
0
0
0
0
0
0
0
0
0
0
0
0
0
0
0
0
0
0
0
0
0
0
0
0
0
0
0
0
0
0
0
0
0
0
0
0
0
0
0
0
0
0
0
0
34.36952585438644
121.5934266822009
409.1111797409312
1287.440728466622
3639.985699005337
8466.241807164968
14052.98948438792
14919.72225003818
10679.10676177704
6108.506925424119
3237.832536961174
1728.928214537934
968.220401230765
579.6753325127524
374.7090998047402
262.9998998163006
201.1453517852044
168.0209392643368
153.5109561255363
153.5109561255363
168.0209392643368
201.1453517852044
262.9998998163006
374.7090998047402
579.6753325127524
968.220401230765
1728.928214537934
3237.832536961174
6108.506925424119
10679.10676177704
14919.72225003818
14052.98948438792
8466.241807164968
3639.985699005337
1287.440728466622
409.1111797409312
121.5934266822009
34.36952585438644
0
0
0
0
0
0
0
0
0
0
0
0
0
0
0
0
0
0
0
0
0
0
0
0
0
0
0
0
0
0
0
0
0
0
0
0
0
0
0
0
0
0
40.90153114101923
155.8858677179736
565.1239577685183
1899.117126222109
5519.397575314501
11878.42127269322
15365.75822339433
11399.65876546302
5912.648215231286
2674.794170528492
1194.103151046931
555.1122869021452
274.9604264805536
146.7202877288973
84.88012883945365
53.47106999414619
36.80222166566776
0
0
0
0
0
0
36.80222166566776
53.47106999414619
84.88012883945365
146.7202877288973
274.9604264805536
555.1122869021452
1194.103151046931
2674.794170528492
5912.648215231286
11399.65876546302
15365.75822339433
11878.42127269322
5519.397575314501
1899.117126222109
565.1239577685183
155.8858677179736
40.90153114101923
0
0
0
0
0
0
0
0
0
0
0
0
0
0
0
0
0
12325.41936204071
8508.975143351559
5533.581211175097
3621.524831111802
2474.575766175448
1800.319171998265
1409.366606427735
1194.103151046931
1098.381512121823
1098.381512121823
1194.103151046931
1409.366606427735
1800.319171998265
2474.575766175448
3621.524831111802
5533.581211175097
8508.975143351559
12325.41936204071
15182.00945938872
14212.3103324942
9590.974204003674
4873.008484054873
2036.787907138069
753.0834448098537
256.8021269091076
82.43529509790119
0
0
0
0
0
0
0
0
0
0
0
0
0
0
0
0
0
0
0
0
0
0
0
0
0
0
0
0
0
0
0
0
0
0
0
0
0
0
0
0
0
0
0
0
0
34.36952585438644
121.5934266822009
409.1111797409312
1287.440728466622
3639.985699005337
8466.241807164968
14052.98948438792
14919.72225003818
10679.10676177704
6108.506925424119
3237.832536961174
1728.928214537934
968.220401230765
579.6753325127524
374.7090998047402
262.9998998163006
201.1453517852044
168.0209392643368
153.5109561255363
153.5109561255363
168.0209392643368
201.1453517852044
262.9998998163006
374.7090998047402
579.6753325127524
968.220401230765
1728.928214537934
3237.832536961174
6108.506925424119
10679.10676177704
14919.72225003818
14052.98948438792
8466.241807164968
3639.985699005337
1287.440728466622
409.1111797409312
121.5934266822009
34.36952585438644
0
0
0
0
0
0
0
0
0
0
0
0
0
0
0
0
0
0
0
0
0
0
0
0
0
0
0
0
0
0
0
0
0
0
0
0
0
0
0
0
0
0
40.90153114101923
155.8858677179736
565.1239577685183
1899.117126222109
5519.397575314501
11878.42127269322
15365.75822339433
11399.65876546302
5912.648215231286
2674.794170528492
1194.103151046931
555.1122869021452
274.9604264805536
146.7202877288973
84.88012883945365
53.47106999414619
36.80222166566776
0
0
0
0
0
0
36.80222166566776
53.47106999414619
84.88012883945365
146.7202877288973
274.9604264805536
555.1122869021452
1194.103151046931
2674.794170528492
5912.648215231286
11399.65876546302
15365.75822339433
11878.42127269322
5519.397575314501
1899.117126222109
565.1239577685183
155.8858677179736
40.90153114101923
0
0
0
0
0
0
0
0
0
0
0
0
0
0
0
0
0
