FiniteElementSpace
FiniteElementCollection: H1_3D_P1
VDim: 1
Ordering: 0

0
0
0
0
0
0
0
0
0
0
0
0
0
0
0
0
0
0
0
0
0
0
0
0
0
0
0
0
0
0
0
0
0
0
0
0
0
0
0
0
0
0
0
0
0
0
0
0
0
0
0
0
0
0
0
0
0
0
0
0
0
0
0
0
0
0
0
0
0
0
0
0
0
0
0
0
0
0
0
0
0
0
0
0
0
0
0
0
0
0
0
0
0
0
0
0
0
0
0
0
0
0
0
0
34.36952585438644
52.22628105569036
74.17291151453193
98.3379229407696
121.5934266822009
140.1268831019961
150.4427139618292
150.4427139618292
140.1268831019961
121.5934266822009
98.3379229407696
74.17291151453193
52.22628105569036
34.36952585438644
0
0
0
0
0
0
0
0
0
0
0
0
0
0
0
0
0
0
0
0
0
0
0
0
0
0
0
0
0
0
0
0
0
0
0
0
0
0
0
0
0
0
0
0
0
0
0
0
0
0
0
0
0
0
0
0
0
0
0
0
0
0
0
0
43.85565570213139
82.43529509790119
145.1920057717728
239.0864858872035
367.3762867080194
525.9665171954377
700.9412848036485
869.191500266945
1002.973933856837
1077.275952522235
1077.275952522235
1002.973933856837
869.191500266945
700.9412848036485
525.9665171954377
367.3762867080194
239.0864858872035
145.1920057717728
82.43529509790119
43.85565570213139
0
0
0
0
0
0
0
0
0
0
0
0
0
0
0
0
0
0
0
0
0
0
0
0
0
0
0
0
0
0
0
0
0
0
0
0
0
0
0
0
0
0
0
0
0
0
0
0
0
0
0
0
0
0
0
0
0
0
0
0
0
0
0
0
0
0
0
0
0
0
0
0
0
0
0
0
0
0
0
0
0
0
0
0
0
0
0
0
0
0
0
0
0
0
0
0
0
0
0
0
0
0
0
0
0
0
0
0
0
0
0
34.36952585438644
52.22628105569036
74.17291151453193
98.3379229407696
121.5934266822009
140.1268831019961
150.4427139618292
150.4427139618292
140.1268831019961
121.5934266822009
98.3379229407696
74.17291151453193
52.22628105569036
34.36952585438644
0
0
0
0
0
0
0
0
0
0
0
0
0
0
0
0
0
0
0
0
0
0
0
0
0
0
0
0
0
0
0
0
0
0
0
0
0
0
0
0
0
0
0
0
0
0
0
0
0
0
0
0
0
0
0
0
0
0
0
0
0
0
0
0
43.85565570213139
82.43529509790119
145.1920057717728
239.0864858872035
367.3762867080194
525.9665171954377
700.9412848036485
869.191500266945
1002.973933856837
1077.275952522235
1077.275952522235
1002.973933856837
869.191500266945
700.9412848036485
525.9665171954377
367.3762867080194
239.0864858872035
145.1920057717728
82.43529509790119
43.85565570213139
0
0
0
0
0
0
0
