FiniteElementSpace
FiniteElementCollection: H1_2D_P1
VDim: 1
Ordering: 0

0.01986505643591419
0.01998157603393248
0.01999740085563062
0.01999959565608152
0.01999983615915161
0.01999991782275179
0.01999989039967253
0.01999989602794436
0.01999991684700498
0.01999988852633857
0.01999990694132375
0.01999991224520778
0.01999990557694713
0.01999990658989219
0.01999990821764602
0.01999990834391211
0.01999990844146494
0.01999990837540417
0.01999990840419808
0.01999990841314035
0.0199999084254159
0.01999990841860568
0.01999990840091621
0.01999990841374543
0.0199999084069685
0.01999990840907837
0.01999990841075184
0.01999990840989639
0.01999990841005682
0.01999990841087671
0.019999908408552
0.01999990840529463
0.01999990840839463
0.01999990840241708
0.01999990846262653
0.01999990845884921
0.01999990827830401
0.01999990831581029
0.01999990867371205
0.01999990839226026
0.01999990795019476
0.01999990875847505
0.0199999063571538
0.01999989602715449
0.01999984015862877
0.01999970078780423
0.01999981530739764
0.02000058648957155
0.02000066992559905
0.01999963230649536
0.02000020365891213
0.02000022653624635
0.01999938090403766
0.01999783144321029
0.01998147208977766
0.01986526141316624
0.01904458728115722
0.01459140315909198
0.005348836141843756
0.0009418434340089621
0.0001328665951028645
1.809415439585358e-05
2.44643900844512e-06
3.314316142842757e-07
4.479111629263066e-08
2e-08
2e-08
2e-08
2e-08
2e-08
2e-08
2e-08
2e-08
2e-08
2e-08
2e-08
2e-08
2e-08
2e-08
2e-08
2e-08
2e-08
2e-08
2e-08
2e-08
2e-08
2e-08
2e-08
2e-08
2e-08
2e-08
2e-08
2e-08
2e-08
2e-08
2e-08
2e-08
0.01986505643591436
0.01998157603393225
0.01999740085563079
0.01999959565608127
0.01999983615915159
0.01999991782275154
0.01999989039967265
0.01999989602794468
0.01999991684700448
0.01999988852633883
0.01999990694132361
0.01999991224520753
0.01999990557694761
0.019999906589892
0.01999990821764621
0.01999990834391178
0.01999990844146532
0.01999990837540466
0.01999990840419814
0.01999990841314061
0.01999990842541606
0.01999990841860565
0.01999990840091637
0.01999990841374531
0.01999990840696866
0.01999990840907857
0.01999990841075182
0.0199999084098963
0.01999990841005678
0.01999990841087646
0.01999990840855184
0.01999990840529469
0.01999990840839462
0.01999990840241701
0.01999990846262658
0.01999990845884931
0.01999990827830388
0.01999990831581027
0.01999990867371214
0.01999990839226014
0.01999990795019468
0.01999990875847511
0.01999990635715396
0.01999989602715464
0.01999984015862846
0.0199997007878044
0.01999981530739802
0.02000058648957129
0.02000066992559928
0.01999963230649539
0.02000020365891251
0.0200002265362461
0.0199993809040377
0.01999783144321063
0.01998147208977749
0.01986526141316613
0.01904458728115739
0.01459140315909217
0.00534883614184373
0.0009418434340089766
0.0001328665951028665
1.809415439585279e-05
2.446439008445346e-06
3.314316142842162e-07
4.479111629263066e-08
2e-08
2e-08
2e-08
2e-08
2e-08
2e-08
2e-08
2e-08
2e-08
2e-08
2e-08
2e-08
2e-08
2e-08
2e-08
2e-08
2e-08
2e-08
2e-08
2e-08
2e-08
2e-08
2e-08
2e-08
2e-08
2e-08
2e-08
2e-08
2e-08
2e-08
2e-08
2e-08
0.01985480452782418
0.01998017869813014
0.01999720393656969
0.01999957230165602
0.01999984904066405
0.01999991979703883
0.01999989921728286
0.01999989603090378
0.01999991762787007
0.01999988532073329
0.01999990552021622
0.0199999117524456
0.0199999045139451
0.01999990656606273
0.0199999079743572
0.01999990849005538
0.01999990830494921
0.01999990850313644
0.01999990833902253
0.01999990841654449
0.01999990842790774
0.01999990841117662
0.01999990842292596
0.01999990839501836
0.01999990841671132
0.01999990840709778
0.01999990840825693
0.01999990841077716
0.01999990841094497
0.0199999084082971
0.01999990840666205
0.01999990841493497
0.01999990838920662
0.01999990842720793
0.0199999084559276
0.01999990845106721
0.01999990827285159
0.01999990829106105
0.01999990881581382
0.01999990811949085
0.01999990826915126
0.01999990844372661
0.01999990617427015
0.01999989474726144
0.01999983271078217
0.01999969664179892
0.01999983759159016
0.02000063054335751
0.02000063091656967
0.01999959310334578
0.02000029016931098
0.02000011452902267
0.01999944341070497
0.01999764564251391
0.01997990845379334
0.01985521048883608
0.01898083270259013
0.01432042468380402
0.005111037557812152
0.0008881782287830868
0.0001249735948458073
1.71223995573844e-05
2.314488248019168e-06
3.135708120952462e-07
4.237782914695565e-08
2e-08
2e-08
2e-08
2e-08
2e-08
2e-08
2e-08
2e-08
2e-08
2e-08
2e-08
2e-08
2e-08
2e-08
2e-08
2e-08
2e-08
2e-08
2e-08
2e-08
2e-08
2e-08
2e-08
2e-08
2e-08
2e-08
2e-08
2e-08
2e-08
2e-08
2e-08
2e-08
0.01983293984886698
0.01997691201289646
0.01999676402730386
0.01999952972183255
0.01999983794147853
0.01999994797133276
0.01999990388122666
0.01999990933180126
0.0199999184272223
0.01999988197317766
0.01999990186066726
0.01999990993833608
0.01999990262528586
0.01999990566295998
0.01999990824717647
0.01999990809231459
0.01999990857754854
0.01999990832814792
0.01999990849205865
0.01999990831386377
0.01999990843090654
0.01999990843625846
0.01999990840887878
0.01999990842085746
0.0199999083933761
0.0199999084167644
0.01999990840671493
0.01999990840850313
0.01999990840861137
0.01999990840671605
0.01999990841637501
0.01999990839128534
0.01999990841505116
0.01999990841658406
0.01999990848522739
0.01999990842767316
0.01999990816538166
0.01999990853049566
0.01999990858129435
0.01999990832199968
0.01999990793803989
0.01999990883279049
0.01999990509645878
0.01999989067493278
0.01999982107029476
0.01999968128849577
0.01999990290993535
0.02000070337193391
0.02000052614738936
0.019999590534697
0.02000034046033682
0.02000007199217251
0.01999940954939284
0.01999703004990691
0.0199769663889881
0.01983294142262724
0.01883536429881002
0.01375374389097856
0.00461336872698085
0.0007846748461486357
0.0001106010669294999
1.513692330458675e-05
2.059450559886032e-06
2.808861788760254e-07
3.816848418880526e-08
2e-08
2e-08
2e-08
2e-08
2e-08
2e-08
2e-08
2e-08
2e-08
2e-08
2e-08
2e-08
2e-08
2e-08
2e-08
2e-08
2e-08
2e-08
2e-08
2e-08
2e-08
2e-08
2e-08
2e-08
2e-08
2e-08
2e-08
2e-08
2e-08
2e-08
2e-08
2e-08
0.01979196921750187
0.01997122800250344
0.01999594651282891
0.01999943407514404
0.01999984033943946
0.01999995736124734
0.01999992596238504
0.01999992559439531
0.01999993769921155
0.01999987565999747
0.01999990068748965
0.01999990350885313
0.01999989993603879
0.01999990352119632
0.01999990823470712
0.01999990833232118
0.01999990806987179
0.01999990874789784
0.01999990826400704
0.01999990846763963
0.0199999083060153
0.01999990845148978
0.01999990844658434
0.01999990840738299
0.01999990841596815
0.01999990839154386
0.01999990841507482
0.0199999084052043
0.01999990840529055
0.01999990841497012
0.01999990839127457
0.01999990841338104
0.01999990840142158
0.01999990846136062
0.0199999084985476
0.01999990827301471
0.01999990832461865
0.01999990839810508
0.01999990893278489
0.01999990762613546
0.01999990861894633
0.01999990843519564
0.01999990283006629
0.01999988589273121
0.01999979362231021
0.0199996800001565
0.01999999985703756
0.02000080261854708
0.0200003618877495
0.01999955825802552
0.02000054968523814
0.01999978173548551
0.01999943177351244
0.01999639210471431
0.019970760726123
0.01979258240850306
0.01858280841883116
0.01285068960966818
0.00395138871208749
0.000652950432857571
9.201254759464085e-05
1.267220582566263e-05
1.732567312675169e-06
2.379499359118932e-07
3.232550670473345e-08
2e-08
2e-08
2e-08
2e-08
2e-08
2e-08
2e-08
2e-08
2e-08
2e-08
2e-08
2e-08
2e-08
2e-08
2e-08
2e-08
2e-08
2e-08
2e-08
2e-08
2e-08
2e-08
2e-08
2e-08
2e-08
2e-08
2e-08
2e-08
2e-08
2e-08
2e-08
2e-08
0.0197248700908157
0.01996113081007536
0.01999449242956473
0.0199992318232384
0.01999982386588426
0.01999998502543994
0.01999992993895802
0.01999995740753358
0.01999996874948779
0.01999988853529774
0.01999989711908446
0.01999989845528643
0.01999988920524875
0.01999990298642134
0.01999990592349206
0.01999990936214248
0.01999990786106998
0.0199999082289768
0.01999990890035486
0.01999990813554813
0.01999990844535205
0.01999990831365085
0.01999990848424008
0.01999990845480563
0.01999990840472103
0.01999990841532309
0.0199999083893415
0.01999990840834905
0.01999990840834317
0.01999990838924307
0.0199999084150397
0.01999990840140173
0.01999990844989
0.01999990850574726
0.01999990835788005
0.01999990837121991
0.01999990802980069
0.01999990913094248
0.01999990821119702
0.01999990751149297
0.01999990981092479
0.01999990578449254
0.01999990266009663
0.01999986948626172
0.01999976444473219
0.01999968172736674
0.02000017695192832
0.02000086904670213
0.02000009087243678
0.01999971113572228
0.02000054894615394
0.01999962803574494
0.01999950571708568
0.01999437633153798
0.01996142690987331
0.01972464212478472
0.01817293959728855
0.01159430767177671
0.003195556888406118
0.000514045529231851
7.24875909471876e-05
1.001222366273689e-05
1.379333425382235e-06
1.890483135846832e-07
2.606184318354465e-08
2e-08
2e-08
2e-08
2e-08
2e-08
2e-08
2e-08
2e-08
2e-08
2e-08
2e-08
2e-08
2e-08
2e-08
2e-08
2e-08
2e-08
2e-08
2e-08
2e-08
2e-08
2e-08
2e-08
2e-08
2e-08
2e-08
2e-08
2e-08
2e-08
2e-08
2e-08
2e-08
0.01960915866346221
0.01994386539331862
0.01999192616668046
0.01999890723831977
0.0199997172595395
0.02000003236828177
0.01999992700120968
0.01999997640289778
0.02000001567626476
0.01999992188857873
0.01999991874742601
0.01999988430804097
0.01999987638427471
0.01999989460079689
0.01999990723859556
0.01999990672096525
0.01999990990707057
0.01999990719032988
0.01999990862704568
0.01999990899656608
0.0199999079414223
0.01999990842498418
0.01999990835024964
0.0199999085091209
0.01999990846544069
0.01999990841693541
0.01999990842734423
0.01999990840241882
0.01999990840234923
0.01999990842724846
0.01999990841659059
0.01999990846134164
0.01999990850574688
0.01999990838007752
0.01999990845762641
0.01999990783123979
0.01999990895782161
0.01999990889686742
0.01999990697653748
0.019999909730189
0.01999990728675067
0.019999906618234
0.01999989483725889
0.01999984890199361
0.01999971706848629
0.01999974092163677
0.02000041281576967
0.02000083836908739
0.01999980609835533
0.01999992731765315
0.02000053787562852
0.0199994160485582
0.01999924577663234
0.01999196320829436
0.01994380404696885
0.01960933511587231
0.01751411514981055
0.009915992328226412
0.002426572382240742
0.0003782397680609998
5.332500655534157e-05
7.457090190014137e-06
1.031908717406008e-06
1.433202761613739e-07
2e-08
2e-08
2e-08
2e-08
2e-08
2e-08
2e-08
2e-08
2e-08
2e-08
2e-08
2e-08
2e-08
2e-08
2e-08
2e-08
2e-08
2e-08
2e-08
2e-08
2e-08
2e-08
2e-08
2e-08
2e-08
2e-08
2e-08
2e-08
2e-08
2e-08
2e-08
2e-08
2e-08
0.01940505472941962
0.0199126728877274
0.01998731485294919
0.01999818221301188
0.01999966473275795
0.0199999575026396
0.01999997848621376
0.01999995943185406
0.02000004968663332
0.01999997416012917
0.01999998911938856
0.01999988289401142
0.01999984437808743
0.01999988582036722
0.01999990180713915
0.01999990827189013
0.01999990766199342
0.01999990962775398
0.0199999067580128
0.01999990921259086
0.01999990891673414
0.01999990776954115
0.0199999084197586
0.01999990835890152
0.01999990850341547
0.0199999084857167
0.01999990845604251
0.01999990846266496
0.01999990846254626
0.0199999084559602
0.01999990848524634
0.01999990849853047
0.01999990835788097
0.01999990845763225
0.01999990778320128
0.01999990878193788
0.01999990926039269
0.01999990699838419
0.01999990926328326
0.01999990775462757
0.01999990867651194
0.01999990103927067
0.01999988655696563
0.019999805131112
0.01999968073500436
0.01999988587115159
0.02000068335042698
0.02000064054513418
0.0199995470492764
0.02000036205760694
0.02000013304007185
0.01999953261771067
0.01999855911034913
0.01998711677297152
0.01991295708841456
0.01940485600491871
0.01646981841671318
0.007974846763296347
0.00171368774449538
0.0002613826160142255
3.713001735161629e-05
5.216764275595956e-06
7.312126744465291e-07
1.027990542512569e-07
2e-08
2e-08
2e-08
2e-08
2e-08
2e-08
2e-08
2e-08
2e-08
2e-08
2e-08
2e-08
2e-08
2e-08
2e-08
2e-08
2e-08
2e-08
2e-08
2e-08
2e-08
2e-08
2e-08
2e-08
2e-08
2e-08
2e-08
2e-08
2e-08
2e-08
2e-08
2e-08
2e-08
0.01904473710368072
0.01985488246057677
0.01997853011849896
0.01999688803066769
0.01999940504159381
0.02000002191016378
0.01999983656516634
0.02000009885020393
0.0199999419446448
0.02000003863610625
0.02000011917684898
0.01999993651668565
0.01999979573630064
0.01999985827230712
0.01999990022075826
0.01999990220108459
0.01999991000646582
0.01999990795468615
0.01999990883188002
0.01999990699282389
0.01999990950222841
0.01999990878946152
0.01999990778831522
0.01999990836868281
0.01999990827863368
0.01999990842841412
0.01999990845109521
0.01999990845894414
0.01999990845875638
0.01999990845108697
0.01999990842770042
0.01999990827299622
0.01999990837121802
0.0199999078312457
0.01999990878193848
0.0199999093558226
0.01999990712697725
0.01999990900058964
0.0199999074861789
0.0199999104238898
0.01999990221340589
0.01999989964014406
0.01999985931347986
0.01999974085280076
0.01999970178163079
0.02000013531477255
0.02000093065914383
0.02000014428370853
0.01999966267864191
0.02000058035017598
0.0199997312960812
0.01999970975647609
0.01999685794049453
0.01997872319492805
0.01985472521217738
0.01904495662070109
0.01485397485166275
0.005870395937317943
0.001128514608103045
0.0001696644383324155
2.444228987081251e-05
3.477703880755826e-06
4.930012183103607e-07
6.976172432615613e-08
2e-08
2e-08
2e-08
2e-08
2e-08
2e-08
2e-08
2e-08
2e-08
2e-08
2e-08
2e-08
2e-08
2e-08
2e-08
2e-08
2e-08
2e-08
2e-08
2e-08
2e-08
2e-08
2e-08
2e-08
2e-08
2e-08
2e-08
2e-08
2e-08
2e-08
2e-08
2e-08
2e-08
0.0183855156476985
0.01974271267290026
0.01996101368963708
0.0199942817968743
0.01999883571047198
0.02000018351331033
0.0199995915880041
0.02000024822318077
0.01999994497217669
0.01999980943013101
0.02000042268301876
0.02000003852859525
0.01999978767121598
0.01999979006649199
0.01999988872870386
0.01999990253524969
0.01999990228935151
0.01999991196426029
0.0199999070873898
0.01999990873389039
0.0199999072650558
0.01999990929431272
0.01999990891006226
0.01999990802403629
0.01999990833072874
0.01999990816632856
0.01999990827287827
0.01999990827840263
0.01999990827822085
0.01999990827285618
0.01999990816541522
0.01999990832460208
0.01999990802979517
0.01999990895782749
0.01999990926039267
0.01999990712697645
0.01999990894027564
0.0199999071338801
0.01999991154949643
0.01999990279523193
0.01999990234961036
0.01999988842808282
0.0199997905788872
0.01999971625313686
0.01999977464539767
0.02000060217511682
0.02000079207197556
0.01999967429165584
0.02000010006753847
0.02000044106261776
0.01999947675027897
0.01999967028261743
0.01999367817023775
0.0199617836329974
0.01974201573232734
0.01838617400579799
0.01253562926105447
0.00395198244016645
0.0006969033874734715
0.0001040531277077229
1.513261326566056e-05
2.178625422196224e-06
3.127765483644903e-07
4.479111629263066e-08
2e-08
2e-08
2e-08
2e-08
2e-08
2e-08
2e-08
2e-08
2e-08
2e-08
2e-08
2e-08
2e-08
2e-08
2e-08
2e-08
2e-08
2e-08
2e-08
2e-08
2e-08
2e-08
2e-08
2e-08
2e-08
2e-08
2e-08
2e-08
2e-08
2e-08
2e-08
2e-08
2e-08
0.01718958348004105
0.01951770778627531
0.01992429386631826
0.0199888081084888
0.01999744100974437
0.02000051138142619
0.01999924747119895
0.0200002853890764
0.02000026060040113
0.01999929295000742
0.02000057034440302
0.0200004429394587
0.01999974872607564
0.01999976733957657
0.01999981616024879
0.01999990459227429
0.01999990101121482
0.0199999037099803
0.01999991195262846
0.0199999068821403
0.01999990912535998
0.01999990705151366
0.01999990884910019
0.01999990912116349
0.01999990840461328
0.01999990853175974
0.01999990829099279
0.01999990831595585
0.01999990831572399
0.01999990829105516
0.01999990853053438
0.01999990839808964
0.01999990913093571
0.01999990889687284
0.01999990699838559
0.01999990900058842
0.01999990713387995
0.01999991191674664
0.01999990329523577
0.0199999016990367
0.01999990410546483
0.01999981598737125
0.01999976838352491
0.01999965642879868
0.02000016712056277
0.02000092331558721
0.02000024920821893
0.01999959860436781
0.02000056625502779
0.01999993036110521
0.0199996294855003
0.01999859083402262
0.01998801461408737
0.01992508081233617
0.01951710266421232
0.01718992105243069
0.009577317541692653
0.00242673151428849
0.0004017313233459958
6.029258224041395e-05
8.859336628576853e-06
1.295547549174093e-06
1.890483135846832e-07
2.754598634635563e-08
2e-08
2e-08
2e-08
2e-08
2e-08
2e-08
2e-08
2e-08
2e-08
2e-08
2e-08
2e-08
2e-08
2e-08
2e-08
2e-08
2e-08
2e-08
2e-08
2e-08
2e-08
2e-08
2e-08
2e-08
2e-08
2e-08
2e-08
2e-08
2e-08
2e-08
2e-08
2e-08
2e-08
0.01510725614246464
0.01904678212180151
0.01984163614698749
0.01997732812349486
0.01999398668045959
0.02000096846728329
0.01999892896100312
0.01999993004033574
0.02000097173127097
0.01999882264492036
0.02000021245606969
0.02000100443628327
0.01999998638856095
0.01999965376652698
0.01999980395995552
0.01999982774023273
0.01999991048348062
0.01999990143672517
0.01999990342814134
0.01999991126720008
0.01999990759077172
0.01999990933517051
0.01999990692794733
0.0199999081987978
0.01999990893944134
0.01999990858271436
0.01999990881576832
0.019999908673843
0.01999990867363997
0.01999990881579757
0.01999990858133478
0.01999990893277253
0.01999990821118804
0.01999990697654344
0.01999990926328408
0.01999990748617772
0.01999991154949648
0.01999990329523561
0.01999990112773123
0.01999991113987426
0.01999982714282546
0.01999980414138499
0.01999965398961518
0.01999987785392004
0.02000072470160444
0.02000072094750204
0.01999968245578296
0.02000003348198161
0.02000068702421608
0.0199991571316863
0.02000033773459332
0.01999520216948706
0.01997613801621097
0.0198429688596394
0.0190457723225586
0.01510764106276102
0.006447632087858178
0.001349502358945789
0.000217869270517083
3.302329290205084e-05
4.937994915809903e-06
7.314483137958402e-07
1.086531258043255e-07
2e-08
2e-08
2e-08
2e-08
2e-08
2e-08
2e-08
2e-08
2e-08
2e-08
2e-08
2e-08
2e-08
2e-08
2e-08
2e-08
2e-08
2e-08
2e-08
2e-08
2e-08
2e-08
2e-08
2e-08
2e-08
2e-08
2e-08
2e-08
2e-08
2e-08
2e-08
2e-08
2e-08
2e-08
0.01189197992795182
0.01804758585162934
0.01965870045858581
0.01994482243087089
0.01998991664307814
0.01999864477218372
0.02000041437923177
0.01999828676383395
0.02000205966443529
0.0199987315487239
0.01999951070532846
0.02000114515433912
0.02000060991320919
0.01999973576523037
0.01999967563774123
0.01999982057231604
0.01999982959003641
0.01999991143770031
0.01999990187061426
0.01999990250012649
0.01999991051633871
0.01999990783503339
0.01999990968352342
0.01999990749682116
0.0199999076328201
0.01999990832363632
0.01999990811937653
0.01999990839241926
0.0199999083921874
0.01999990811946828
0.01999990832204319
0.0199999076261233
0.01999990751148364
0.01999990973019445
0.01999990775462899
0.01999991042388878
0.01999990279523157
0.01999990169903692
0.01999991113987426
0.01999983031892447
0.0199998198511162
0.01999967580863797
0.01999973644559138
0.02000048757000692
0.0200008722829296
0.0200001242000398
0.01999947623904867
0.02000101919812319
0.01999927902620919
0.02000037488628911
0.01999830606679557
0.01999068064946604
0.01994440167436428
0.01965905850737825
0.01804743179164239
0.01189197129614682
0.0037605275427955
0.0006969170798920866
0.0001106099855468816
1.711383890303879e-05
2.605077637612128e-06
3.922047762762517e-07
5.908234714246952e-08
2e-08
2e-08
2e-08
2e-08
2e-08
2e-08
2e-08
2e-08
2e-08
2e-08
2e-08
2e-08
2e-08
2e-08
2e-08
2e-08
2e-08
2e-08
2e-08
2e-08
2e-08
2e-08
2e-08
2e-08
2e-08
2e-08
2e-08
2e-08
2e-08
2e-08
2e-08
2e-08
2e-08
2e-08
0.007975722003412088
0.01603779477798076
0.01921931897726547
0.0198641228829243
0.01997767399569235
0.01999520270082168
0.02000035798118762
0.01999852174686534
0.02000105430798322
0.02000010586282348
0.01999860650405504
0.02000080602882425
0.020000962447109
0.02000033760449109
0.01999968299883318
0.01999968659729094
0.01999981916276854
0.0199998273954076
0.01999990430651074
0.01999990204964279
0.01999990229710616
0.01999990876249513
0.0199999072401898
0.01999990979567779
0.01999990862562532
0.01999990793965521
0.01999990826907034
0.01999990795033952
0.01999990795012735
0.01999990826912703
0.01999990793808257
0.01999990861893565
0.01999990981091463
0.01999990728675636
0.01999990867651332
0.01999990221340444
0.01999990234961059
0.0199999041054648
0.01999982714282533
0.0199998198511163
0.01999968588014311
0.01999968327559675
0.02000033792519213
0.02000083649496056
0.02000053741204553
0.01999925896960715
0.02000080236296887
0.01999995236412795
0.01999963278571725
0.02000020044524413
0.01999492448076122
0.01997849085725962
0.01986356417611488
0.01921976652130509
0.01603771596784193
0.007975794633743753
0.001927003860190346
0.0003331795455161258
5.332765460038801e-05
8.379458774634382e-06
1.29686163984987e-06
1.998139506653729e-07
3.058384937859593e-08
2e-08
2e-08
2e-08
2e-08
2e-08
2e-08
2e-08
2e-08
2e-08
2e-08
2e-08
2e-08
2e-08
2e-08
2e-08
2e-08
2e-08
2e-08
2e-08
2e-08
2e-08
2e-08
2e-08
2e-08
2e-08
2e-08
2e-08
2e-08
2e-08
2e-08
2e-08
2e-08
2e-08
2e-08
0.004397744617234528
0.01253780371737354
0.01817073521707952
0.0196620132624738
0.01993721915752205
0.0199912694641073
0.01999660457699904
0.02000009883136454
0.02000007429811011
0.01999992768098388
0.01999976596493368
0.01999955794474767
0.02000089641376572
0.02000077705341973
0.02000028968911906
0.01999968401721742
0.01999967508743116
0.0199998044199907
0.01999981617597286
0.01999988812881753
0.01999989972812588
0.01999990112169178
0.01999990657238115
0.01999990576981702
0.01999990844170178
0.01999990883440142
0.01999990844361891
0.01999990875862905
0.01999990875840655
0.019999908443702
0.01999990883283422
0.01999990843518424
0.01999990578448298
0.01999990661823953
0.01999990103927219
0.01999989964014307
0.01999988842808292
0.01999981598737135
0.01999980414138517
0.01999967580863789
0.01999968327559683
0.0200002899525145
0.02000077748230285
0.02000077558756094
0.01999929077063599
0.02000038747297879
0.02000065132319558
0.01999896668828537
0.02000115410043557
0.01999653340930847
0.0199909027416891
0.01993817750992792
0.01966114002712835
0.01817183608165812
0.01253690982539806
0.004398322492274124
0.000888190346539939
0.0001501339333607652
2.444705899049224e-05
3.908081784791673e-06
6.154619150771736e-07
9.72603899807023e-08
2e-08
2e-08
2e-08
2e-08
2e-08
2e-08
2e-08
2e-08
2e-08
2e-08
2e-08
2e-08
2e-08
2e-08
2e-08
2e-08
2e-08
2e-08
2e-08
2e-08
2e-08
2e-08
2e-08
2e-08
2e-08
2e-08
2e-08
2e-08
2e-08
2e-08
2e-08
2e-08
2e-08
2e-08
2e-08
0.00203704036489267
0.007975015460096942
0.01581934723936963
0.01910517119397677
0.01983210681180012
0.01996935107387915
0.01999479984647609
0.01999699784808044
0.02000236459046519
0.01999785617928731
0.0200005688256222
0.02000033451976978
0.01999947691336451
0.02000084621823086
0.0200007774067742
0.02000033856149674
0.01999973573765697
0.01999965431191244
0.01999976852722279
0.01999979029326303
0.01999985941062244
0.01999988663094127
0.01999989479142345
0.01999990264721345
0.01999990283647661
0.01999990509784958
0.01999990617419623
0.01999990635730036
0.01999990635707906
0.01999990617425235
0.01999990509649942
0.01999990283005405
0.0199999026600878
0.01999989483726447
0.01999988655696676
0.01999985931347865
0.01999979057888734
0.01999976838352473
0.01999965398961501
0.01999973644559155
0.020000337925192
0.0200007774823029
0.02000084688446079
0.01999936993178962
0.02000006800155183
0.02000109191248871
0.01999866330547719
0.02000134161714876
0.01999778101305979
0.01999507335266335
0.01996867918440308
0.01983326522626686
0.01910427352201421
0.01582032008745295
0.007974324989663587
0.002037463787389274
0.0003780849519022523
6.414946008584529e-05
1.058447941965397e-05
1.737222489820685e-06
2.794301391317154e-07
4.479111629263066e-08
2e-08
2e-08
2e-08
2e-08
2e-08
2e-08
2e-08
2e-08
2e-08
2e-08
2e-08
2e-08
2e-08
2e-08
2e-08
2e-08
2e-08
2e-08
2e-08
2e-08
2e-08
2e-08
2e-08
2e-08
2e-08
2e-08
2e-08
2e-08
2e-08
2e-08
2e-08
2e-08
2e-08
2e-08
2e-08
0.0008371262822049757
0.003952295236553954
0.01159342632269816
0.01765870240973639
0.01951708566110564
0.01990609275387516
0.01998180177513645
0.01999589211445315
0.01999954271092666
0.02000035542346975
0.01999819956645904
0.02000154660950046
0.02000004174281087
0.0199993694200205
0.02000077560750406
0.02000083700128771
0.02000048690217902
0.01999987822664299
0.0199996565062441
0.0199997159893647
0.01999974096616627
0.01999980518975412
0.01999984885659141
0.0199998694764518
0.01999988589872991
0.01999989067611409
0.01999989474721047
0.01999989602728797
0.01999989602707794
0.01999989474724991
0.01999989067497194
0.01999988589271783
0.01999986948625397
0.01999984890199906
0.01999980513111264
0.01999974085279979
0.0199997162531368
0.01999965642879903
0.01999987785392032
0.02000048757000702
0.02000083649496067
0.02000077558756077
0.01999936993178957
0.0199999549876706
0.02000128777418833
0.01999856763832967
0.02000124982544672
0.0199987379827904
0.01999624272073408
0.0199824857236918
0.01990514317923734
0.01951846408542709
0.01765757230443355
0.01159445003432322
0.003951905710134949
0.0008372130262225161
0.0001501971378850351
2.598305327630459e-05
4.395683762465756e-06
7.315818056378438e-07
1.213803580435435e-07
2e-08
2e-08
2e-08
2e-08
2e-08
2e-08
2e-08
2e-08
2e-08
2e-08
2e-08
2e-08
2e-08
2e-08
2e-08
2e-08
2e-08
2e-08
2e-08
2e-08
2e-08
2e-08
2e-08
2e-08
2e-08
2e-08
2e-08
2e-08
2e-08
2e-08
2e-08
2e-08
2e-08
2e-08
2e-08
2e-08
