FiniteElementSpace
FiniteElementCollection: H1_3D_P1
VDim: 1
Ordering: 0

0.00894973962255213
0.0358879642968201
0.07829315307235721
0.05090943325158562
0.04017657661134276
0.03211152142386819
0.02439022803690285
0.02070123205862233
0.02003699140152622
0.01999732179747839
0.01999950913238236
0.01998362742666321
0.02000489501361001
0.01999054181414775
0.01998664797302698
0.01998810613508923
0.01999311450347369
0.01999248669209587
0.01999488586911598
0.02000402981156701
0.02000396960934483
0.01999500551638266
0.0199875696222247
0.01998392466409813
0.01998298167019204
0.01998298309781942
0.01998392486017117
0.01998756905572772
0.01999500454782525
0.0200039565751918
0.02000404745974545
0.01999517049674183
0.01999411306907476
0.01999835468544126
0.0199990275455606
0.01999915909939965
0.01999613340625267
0.02000959634104264
0.01999331350851913
0.02000564565905347
0.01999926264321971
0.02004901960712081
0.02070069965314057
0.02439560215143807
0.03211835742197333
0.04018363107700312
0.05092862102981102
0.07830199009266178
0.03588427003418035
0.008965112150002483
0.001524127565929138
0.0002274187683972225
2.163878179364599e-05
3.55705291922281e-07
4.666500369787663e-08
2e-08
2e-08
2e-08
2e-08
2e-08
2e-08
2e-08
2e-08
2e-08
2e-08
2e-08
2e-08
2e-08
2e-08
2e-08
2e-08
2e-08
2e-08
2e-08
2e-08
2e-08
2e-08
2e-08
2e-08
2e-08
2e-08
0.01770515837697813
0.05379239165870538
0.08717013112174281
0.04517328021413265
0.03649922325210727
0.02756556977905429
0.02169884038416774
0.0201321959359521
0.01999240510363473
0.02000202954014252
0.01999505421774645
0.01999299683274613
0.01998988460414396
0.01999548367676438
0.01998916617433727
0.01998865241991261
0.0199876899393551
0.01999769830413394
0.02000650534689735
0.01999491615393303
0.01998312425654876
0.01997912755639649
0.019981577315068
0.01998528871642234
0.01998760106390947
0.01998760115459515
0.01998528940265783
0.01998157746500234
0.01997912168705659
0.01998312106544738
0.01999494846421127
0.02000720865047486
0.02000057721636695
0.01999419371169606
0.01999941313092226
0.01999932020105791
0.02000051942480156
0.01999531548963605
0.02000224820303748
0.01999878907380912
0.02000737979938276
0.01999871075975466
0.0201323976532796
0.02170564668119645
0.02756872839268461
0.03650613967532837
0.04517184001373109
0.08711131768844725
0.05383933520771342
0.01792331454953445
0.003177020843838194
0.0005057358856451105
4.615217643738895e-05
1.075632482603303e-06
9.124659431369864e-08
2e-08
2e-08
2e-08
2e-08
2e-08
2e-08
2e-08
2e-08
2e-08
2e-08
2e-08
2e-08
2e-08
2e-08
2e-08
2e-08
2e-08
2e-08
2e-08
2e-08
2e-08
2e-08
2e-08
2e-08
2e-08
2e-08
0.02764233925803114
0.07683250517203288
0.05310193380896404
0.04075126106892384
0.0320991548980145
0.02411306550652381
0.02052071906495749
0.02000484859539048
0.01999933072210415
0.01999221426229185
0.02000037314280298
0.01998641989808782
0.0199960973189484
0.01999360853324931
0.01999049425777009
0.01998276727160133
0.01999374761198756
0.02000170349340522
0.01998773293872411
0.01997885796173747
0.01998463622107436
0.01999583939332577
0.02000757567820606
0.02001448657106891
0.02001714022040813
0.02001714090885455
0.02001448703709588
0.02000757747960668
0.01999583346653167
0.01998462345374908
0.01997899315206296
0.01998849732782813
0.02000645033286837
0.02000268523210876
0.01999293900601436
0.01999845679121794
0.01999859793854909
0.02000308138352263
0.01999247308727971
0.02000450534611599
0.01999758441741592
0.02000368727245918
0.02000688847693411
0.02052563205110122
0.02411277828742976
0.03210595085766005
0.04075784770618374
0.05300470057374384
0.07680768057359275
0.02922403438266723
0.006390608118154601
0.0009795670520748518
9.970521813958593e-05
3.545581574241314e-06
1.684354195752302e-07
2.48020718351949e-08
2e-08
2e-08
2e-08
2e-08
2e-08
2e-08
2e-08
2e-08
2e-08
2e-08
2e-08
2e-08
2e-08
2e-08
2e-08
2e-08
2e-08
2e-08
2e-08
2e-08
2e-08
2e-08
2e-08
2e-08
2e-08
0.03873191218585607
0.08504847521550177
0.0491275273097073
0.03770524281500719
0.02833173248222152
0.02193331742789149
0.02009997028752584
0.0199945123393202
0.01999229715992076
0.01999821692282518
0.01999095364850874
0.01999849243145805
0.0199872878564436
0.01999429857253034
0.01998786868016041
0.01999070089714871
0.01999487535499116
0.01998115153564775
0.01997766149780775
0.01999264136378555
0.02001352538696503
0.0200244527113047
0.02002659656735957
0.02002578863586867
0.02002498540319678
0.02002498425002614
0.02002578939936621
0.02002659846122238
0.02002444569904649
0.02001349832681622
0.01999283616568941
0.01997906662264586
0.01998550001002711
0.02000541862009617
0.02000081955822565
0.01999408753380019
0.01999973692256209
0.01999363553942518
0.02000360932076924
0.01999394232253244
0.02000362051402057
0.01999661152810569
0.01999599026910816
0.0201036204133376
0.0219342254968051
0.02831975926233271
0.03769369757598784
0.04898214627292888
0.0850344559035579
0.04307593201641643
0.01151949017986404
0.001795037620423485
0.0002553066438606536
2.232479313609627e-05
3.451134081156831e-07
4.242681154620343e-08
2e-08
2e-08
2e-08
2e-08
2e-08
2e-08
2e-08
2e-08
2e-08
2e-08
2e-08
2e-08
2e-08
2e-08
2e-08
2e-08
2e-08
2e-08
2e-08
2e-08
2e-08
2e-08
2e-08
2e-08
2e-08
0.04963580575013184
0.07607010371239593
0.04250673564336773
0.03475747741070286
0.02547061449913637
0.02081469545700341
0.02000219183070196
0.01998789932144277
0.02000671782585195
0.01998558739927528
0.02000021695122142
0.01998890551424846
0.01999136562061476
0.01999156715202422
0.0199941628885517
0.0199952504071418
0.01997679498085035
0.01997357464274682
0.01999540622911423
0.02002184723317296
0.02002733763652292
0.02002314233077071
0.02001843503372872
0.02001527717367596
0.02001367752421845
0.02001367697298115
0.02001527734593212
0.02001843610051481
0.02002313878066914
0.02002729089155049
0.02002213624926753
0.0199972921905257
0.01997945066329888
0.01998637512885336
0.02000616926705283
0.01999863018917345
0.01999656234439622
0.019997478763586
0.01999211878177084
0.02000535414477767
0.01998990612811837
0.0200102371669505
0.01998981921791354
0.02000520529781502
0.02081353335980324
0.0254539934630017
0.03469374594824803
0.04232421490246769
0.07681630001911768
0.05774358042608937
0.01825457254846491
0.003107895587444275
0.0004532864811032706
3.957278949227595e-05
7.303266168211837e-07
6.839491034971168e-08
2e-08
2e-08
2e-08
2e-08
2e-08
2e-08
2e-08
2e-08
2e-08
2e-08
2e-08
2e-08
2e-08
2e-08
2e-08
2e-08
2e-08
2e-08
2e-08
2e-08
2e-08
2e-08
2e-08
2e-08
2e-08
0.06462340518376769
0.05463573322721565
0.0411332372405973
0.03147035641490621
0.02339675687675967
0.02030050966089949
0.01997489074822427
0.01999912371641282
0.01999219645672127
0.01999652046734769
0.01998937633248514
0.01999597605037482
0.01999083796470237
0.01999011408911839
0.02000413986785238
0.0199833499818118
0.01996767688198071
0.01998901188995028
0.02002091333580016
0.02002655887094906
0.020018828301278
0.02001223832214617
0.02000793047934438
0.02000503668135039
0.02000357937907948
0.02000357716628717
0.02000503621452744
0.02000793112305568
0.02001223442534353
0.020018796822538
0.02002671442473727
0.02002372455461633
0.01999563601570847
0.01997850110728663
0.01999120554670077
0.02000770519146854
0.01999396333461053
0.01999688569872465
0.01999968124531288
0.01999302413610118
0.01999875694001365
0.01999463736070194
0.02000280202194616
0.01997748054986211
0.02031106832188489
0.02336840371367299
0.03133992253025328
0.04091928160151457
0.05525939060429876
0.07525151524050887
0.02550166763540868
0.005037369176270541
0.0007026822722244794
6.257556870999541e-05
1.325514287893995e-06
1.037634141054511e-07
2e-08
2e-08
2e-08
2e-08
2e-08
2e-08
2e-08
2e-08
2e-08
2e-08
2e-08
2e-08
2e-08
2e-08
2e-08
2e-08
2e-08
2e-08
2e-08
2e-08
2e-08
2e-08
2e-08
2e-08
2e-08
0.008949739622551817
0.03588796429682034
0.07829315307235435
0.05090943325158551
0.04017657661134375
0.03211152142386758
0.02439022803690302
0.02070123205862243
0.0200369914015251
0.01999732179747856
0.01999950913238206
0.0199836274266629
0.02000489501361015
0.01999054181414789
0.01998664797302743
0.01998810613508896
0.01999311450347311
0.01999248669209582
0.01999488586911582
0.02000402981156743
0.02000396960934545
0.01999500551638313
0.01998756962222486
0.01998392466409891
0.01998298167019178
0.01998298309781957
0.01998392486017063
0.01998756905572842
0.01999500454782531
0.02000395657519185
0.02000404745974429
0.01999517049674153
0.01999411306907487
0.01999835468544162
0.01999902754556084
0.01999915909939949
0.01999613340625246
0.02000959634104305
0.0199933135085192
0.02000564565905443
0.01999926264321898
0.02004901960712061
0.02070069965314048
0.02439560215143911
0.03211835742197264
0.04018363107700349
0.05092862102981303
0.07830199009266751
0.03588427003418096
0.008965112150002199
0.001524127565928737
0.0002274187683972398
2.163878179364807e-05
3.55705291923062e-07
4.666500369787663e-08
2e-08
2e-08
2e-08
2e-08
2e-08
2e-08
2e-08
2e-08
2e-08
2e-08
2e-08
2e-08
2e-08
2e-08
2e-08
2e-08
2e-08
2e-08
2e-08
2e-08
2e-08
2e-08
2e-08
2e-08
2e-08
2e-08
0.01770515837697788
0.05379239165870656
0.08717013112174603
0.04517328021413353
0.03649922325210767
0.02756556977905406
0.02169884038416701
0.02013219593595252
0.01999240510363505
0.02000202954014198
0.01999505421774632
0.01999299683274617
0.01998988460414419
0.01999548367676457
0.01998916617433686
0.01998865241991307
0.01998768993935535
0.01999769830413386
0.02000650534689628
0.0199949161539332
0.01998312425654904
0.01997912755639636
0.0199815773150681
0.01998528871642185
0.01998760106391003
0.0199876011545947
0.01998528940265813
0.01998157746500206
0.01997912168705638
0.01998312106544735
0.019994948464212
0.02000720865047521
0.02000057721636692
0.01999419371169615
0.01999941313092153
0.01999932020105838
0.02000051942480074
0.01999531548963669
0.02000224820303588
0.01999878907380894
0.02000737979938242
0.01999871075975412
0.02013239765327919
0.02170564668119611
0.02756872839268567
0.03650613967532746
0.04517184001373127
0.08711131768844843
0.05383933520771723
0.01792331454953582
0.003177020843838067
0.0005057358856451478
4.615217643737324e-05
1.075632482601302e-06
9.124659431369864e-08
2e-08
2e-08
2e-08
2e-08
2e-08
2e-08
2e-08
2e-08
2e-08
2e-08
2e-08
2e-08
2e-08
2e-08
2e-08
2e-08
2e-08
2e-08
2e-08
2e-08
2e-08
2e-08
2e-08
2e-08
2e-08
2e-08
0.02764233925802975
0.07683250517203211
0.05310193380896549
0.04075126106892367
0.03209915489801388
0.02411306550652547
0.02052071906495749
0.02000484859539117
0.01999933072210388
0.01999221426229212
0.02000037314280369
0.01998641989808778
0.01999609731894813
0.01999360853324931
0.01999049425776984
0.01998276727160164
0.01999374761198641
0.02000170349340667
0.01998773293872426
0.01997885796173723
0.01998463622107457
0.01999583939332553
0.02000757567820617
0.02001448657106781
0.02001714022040841
0.02001714090885473
0.02001448703709658
0.02000757747960605
0.01999583346653167
0.01998462345374963
0.01997899315206335
0.01998849732782799
0.02000645033286882
0.02000268523210848
0.01999293900601399
0.01999845679121905
0.01999859793854906
0.02000308138352369
0.01999247308727895
0.02000450534611666
0.01999758441741681
0.02000368727245937
0.02000688847693359
0.02052563205110092
0.02411277828742971
0.0321059508576596
0.04075784770618503
0.05300470057374287
0.07680768057359276
0.02922403438266694
0.006390608118153637
0.0009795670520749194
9.970521813959679e-05
3.545581574243499e-06
1.684354195752302e-07
2.48020718351949e-08
2e-08
2e-08
2e-08
2e-08
2e-08
2e-08
2e-08
2e-08
2e-08
2e-08
2e-08
2e-08
2e-08
2e-08
2e-08
2e-08
2e-08
2e-08
2e-08
2e-08
2e-08
2e-08
2e-08
2e-08
2e-08
0.03873191218585269
0.08504847521549973
0.04912752730970752
0.03770524281500854
0.02833173248221907
0.0219333174278913
0.02009997028752643
0.01999451233932001
0.01999229715992177
0.01999821692282411
0.01999095364850948
0.01999849243145842
0.01998728785644337
0.01999429857253093
0.01998786868016037
0.01999070089714878
0.01999487535499102
0.01998115153564783
0.01997766149780772
0.01999264136378521
0.0200135253869632
0.02002445271130445
0.02002659656735915
0.02002578863586851
0.0200249854031966
0.02002498425002582
0.02002578939936642
0.02002659846122143
0.02002444569904679
0.02001349832681585
0.01999283616568868
0.01997906662264577
0.01998550001002776
0.02000541862009643
0.02000081955822635
0.01999408753379967
0.01999973692256215
0.0199936355394256
0.02000360932076926
0.01999394232253253
0.02000362051402024
0.01999661152810609
0.01999599026910842
0.02010362041333828
0.02193422549680416
0.02831975926233241
0.03769369757598856
0.04898214627292822
0.08503445590355478
0.04307593201641676
0.01151949017986468
0.001795037620423361
0.0002553066438605852
2.23247931361055e-05
3.451134081162678e-07
4.242681154620343e-08
2e-08
2e-08
2e-08
2e-08
2e-08
2e-08
2e-08
2e-08
2e-08
2e-08
2e-08
2e-08
2e-08
2e-08
2e-08
2e-08
2e-08
2e-08
2e-08
2e-08
2e-08
2e-08
2e-08
2e-08
2e-08
0.04963580575013583
0.07607010371241039
0.04250673564336897
0.03475747741070259
0.02547061449913799
0.02081469545700216
0.02000219183070227
0.01998789932144166
0.0200067178258537
0.01998558739927508
0.02000021695122046
0.01998890551424838
0.01999136562061479
0.01999156715202364
0.01999416288855312
0.01999525040714064
0.0199767949808511
0.01997357464274627
0.01999540622911377
0.02002184723317385
0.02002733763652243
0.02002314233077252
0.02001843503372878
0.02001527717367654
0.02001367752421911
0.02001367697298051
0.02001527734593226
0.02001843610051423
0.02002313878066965
0.02002729089154979
0.02002213624926806
0.01999729219052576
0.0199794506632988
0.0199863751288538
0.02000616926705259
0.01999863018917347
0.019996562344395
0.01999747876358536
0.01999211878177035
0.02000535414477701
0.01998990612811887
0.02001023716694961
0.01998981921791325
0.02000520529781556
0.02081353335980378
0.0254539934630022
0.03469374594824708
0.04232421490246787
0.07681630001912125
0.0577435804260888
0.01825457254846533
0.003107895587444541
0.000453286481103299
3.95727894922657e-05
7.303266168228991e-07
6.839491034971168e-08
2e-08
2e-08
2e-08
2e-08
2e-08
2e-08
2e-08
2e-08
2e-08
2e-08
2e-08
2e-08
2e-08
2e-08
2e-08
2e-08
2e-08
2e-08
2e-08
2e-08
2e-08
2e-08
2e-08
2e-08
2e-08
0.06462340518376437
0.05463573322721627
0.04113323724059715
0.03147035641490654
0.02339675687675948
0.02030050966089926
0.01997489074822406
0.01999912371641299
0.01999219645672149
0.01999652046734784
0.01998937633248513
0.01999597605037528
0.01999083796470222
0.01999011408911761
0.0200041398678526
0.01998334998181191
0.01996767688198015
0.01998901188995034
0.02002091333580087
0.02002655887094913
0.02001882830127794
0.02001223832214555
0.02000793047934319
0.02000503668135022
0.02000357937907916
0.02000357716628732
0.02000503621452769
0.0200079311230556
0.02001223442534449
0.02001879682253788
0.02002671442473691
0.02002372455461611
0.01999563601570907
0.01997850110728564
0.01999120554670026
0.02000770519146796
0.01999396333461048
0.01999688569872452
0.0199996812453131
0.01999302413610087
0.01999875694001374
0.01999463736070264
0.02000280202194615
0.01997748054986147
0.0203110683218854
0.02336840371367321
0.03133992253025344
0.04091928160151316
0.05525939060430409
0.07525151524050865
0.02550166763540897
0.005037369176269893
0.0007026822722244813
6.257556870999124e-05
1.325514287891997e-06
1.037634141054511e-07
2e-08
2e-08
2e-08
2e-08
2e-08
2e-08
2e-08
2e-08
2e-08
2e-08
2e-08
2e-08
2e-08
2e-08
2e-08
2e-08
2e-08
2e-08
2e-08
2e-08
2e-08
2e-08
2e-08
2e-08
2e-08
