FiniteElementSpace
FiniteElementCollection: H1_2D_P1
VDim: 1
Ordering: 0

0.008529505302630812
0.0402638483876873
0.1176890253237712
0.1754744030810021
0.1577004552602499
0.07821347709497327
0.05001516048958025
0.0388804442485902
0.03192008756648677
0.02619479119019485
0.02250162387215903
0.02071491870773047
0.0201699243228903
0.01998071417130852
0.0199643301377198
0.01998810840802576
0.01998775633944689
0.02001636998807067
0.01999262354823056
0.02000311659982718
0.02000271275720152
0.01999083499452492
0.01998581336230184
0.01998708185546516
0.01999171311569778
0.01999511095353958
0.01999557548928983
0.01999618465790173
0.01999614528918204
0.01999553755190807
0.01999508870188057
0.01999156331331938
0.01998692425894048
0.01998592324830939
0.01999092450073651
0.02000244780065608
0.02000263688899598
0.01999199485220348
0.0200160039862986
0.01999292514255608
0.02001406660796252
0.02000554267524958
0.02002551476931812
0.02020058904046439
0.02075962407186642
0.02257365645632273
0.02625821305843823
0.03199374298635405
0.03894649594581948
0.05009319409886909
0.07910672060839531
0.1584879042453088
0.1763150590266722
0.1182104909717136
0.040437867699631
0.008568313476637449
0.001537244445959081
0.000265757943868957
3.590998305673182e-05
1.555230592340352e-06
1.213803580435435e-07
2e-08
2e-08
2e-08
2e-08
2e-08
2e-08
2e-08
2e-08
2e-08
2e-08
2e-08
2e-08
2e-08
2e-08
2e-08
2e-08
2e-08
2e-08
2e-08
2e-08
2e-08
2e-08
2e-08
2e-08
2e-08
2e-08
2e-08
2e-08
2e-08
2e-08
2e-08
2e-08
2e-08
2e-08
2e-08
2e-08
0.003196484335032965
0.01641009939312026
0.06564794991499916
0.1448190705370022
0.1808950491830623
0.1484692608858282
0.06452782401063278
0.04642373184959965
0.0369751221682052
0.03058183047445198
0.02554367444816114
0.02229295582237129
0.02071340841246067
0.02016281862041292
0.0200022645256488
0.01999408023175259
0.02000416520315593
0.01999608998710625
0.02000381396706261
0.01999423399452046
0.01999346803782101
0.02000352485823374
0.02000253402094164
0.01999625106892021
0.01998937917586281
0.01998683113726762
0.01998913760053241
0.01998873170409584
0.01998874385277055
0.01998913231659644
0.01998674449157996
0.01998933663574996
0.01999637417198784
0.02000249175136092
0.02000321083609122
0.01999337160704081
0.01999379171640227
0.02000246071271759
0.01999484954237186
0.02000702039766643
0.02001124020154414
0.0200510720126144
0.02022804823225611
0.02075933592739508
0.02234360512790761
0.02562406191542001
0.0306522380399774
0.03703051236037667
0.04657656139610786
0.06494157269598837
0.1489621436878437
0.1817820834442105
0.1454701341702863
0.06593377523835568
0.0164823211626285
0.003209822529936729
0.0005800369081524216
7.860734634338536e-05
4.529693747447762e-06
5.462762898045935e-07
5.003780357060173e-08
2e-08
2e-08
2e-08
2e-08
2e-08
2e-08
2e-08
2e-08
2e-08
2e-08
2e-08
2e-08
2e-08
2e-08
2e-08
2e-08
2e-08
2e-08
2e-08
2e-08
2e-08
2e-08
2e-08
2e-08
2e-08
2e-08
2e-08
2e-08
2e-08
2e-08
2e-08
2e-08
2e-08
2e-08
2e-08
2e-08
0.001126864956428505
0.005905498142355106
0.0276738186399159
0.09089115504894149
0.1613314804600608
0.1763651624311634
0.1380876512805939
0.05666044127601947
0.04258755424258264
0.0359627491611394
0.03019966172176526
0.02555891978235584
0.02250426458499191
0.02090178649712108
0.02027243842435927
0.02007199643708015
0.02001255278977214
0.02000870110823335
0.01999683718057596
0.01999920410310555
0.0200039474907701
0.01998741357044453
0.0199960249297807
0.01999570362344235
0.02000018356612346
0.01999869341928028
0.01999474713013398
0.0199927507530527
0.01999281516170923
0.01999474948876286
0.01999863617656235
0.02000022820888065
0.01999555618576944
0.01999584407696701
0.01998759271180914
0.02000363158458491
0.01999883157162307
0.01999581931829262
0.02000592184388708
0.02001108108028315
0.02008572222679634
0.02031918617726601
0.02097586658200557
0.02257252245033505
0.02562333502528423
0.03026211284470054
0.03600103016647633
0.04270351445071275
0.05700587501410095
0.1386663790806575
0.1774535134708916
0.16207401243816
0.09129715787118199
0.02779580085005587
0.00593143594295831
0.001131955832007955
0.00020926397738989
2.310200632676411e-05
1.399991083717463e-06
1.148405657636076e-07
2e-08
2e-08
2e-08
2e-08
2e-08
2e-08
2e-08
2e-08
2e-08
2e-08
2e-08
2e-08
2e-08
2e-08
2e-08
2e-08
2e-08
2e-08
2e-08
2e-08
2e-08
2e-08
2e-08
2e-08
2e-08
2e-08
2e-08
2e-08
2e-08
2e-08
2e-08
2e-08
2e-08
2e-08
2e-08
2e-08
2e-08
0.000378522056641452
0.00195294934655184
0.009598364926649111
0.04026129928845194
0.1110227602730433
0.1703604655908722
0.167136580123245
0.1299517599747563
0.05271358597352509
0.04152903660574336
0.03597104199004655
0.03058390789631543
0.02616933035159709
0.02309259133409079
0.02132164337596178
0.02049826647569844
0.02016525053114546
0.02003933650263285
0.02001064389420617
0.01999140288603561
0.01998915206316907
0.01999748502076258
0.01998169625744059
0.01998883802140826
0.01998022444954891
0.01999002212481587
0.01998615973731671
0.01999119610362398
0.01999109414557054
0.01998612938362659
0.01999008291747206
0.01998007906538683
0.01998874747980806
0.01998189704492538
0.0199972804410435
0.01998903095285311
0.01999116843261029
0.02000916458221122
0.02003693878199166
0.02016270325126978
0.02050909897258807
0.0213662351385719
0.02317410691361915
0.02625562945938012
0.03065059407810783
0.03600045872151842
0.04162013749480862
0.05309354893040796
0.1305869793577761
0.1682737503044534
0.1711445335833865
0.111523359235395
0.04044036530257498
0.009641110563863695
0.001961670158366193
0.0003801277270998805
5.47821520917036e-05
3.592222900429072e-06
4.5629670702215e-07
4.237782914695565e-08
2e-08
2e-08
2e-08
2e-08
2e-08
2e-08
2e-08
2e-08
2e-08
2e-08
2e-08
2e-08
2e-08
2e-08
2e-08
2e-08
2e-08
2e-08
2e-08
2e-08
2e-08
2e-08
2e-08
2e-08
2e-08
2e-08
2e-08
2e-08
2e-08
2e-08
2e-08
2e-08
2e-08
2e-08
2e-08
2e-08
2e-08
0.0001218169650396039
0.0006148112437997905
0.003007040048662836
0.01375546876253579
0.0520636517309052
0.12394956908658
0.1747611098540697
0.1607865642002545
0.126863564450649
0.0527205965471085
0.04258926795923756
0.03696195517628803
0.03189163200637393
0.02743408932807525
0.02416796244325635
0.02204513695492786
0.02088457970179074
0.02033666347554349
0.02009769670622933
0.02003069253062207
0.01999577632120076
0.01998804919097304
0.01999203544849383
0.0199891685609026
0.01999424481602795
0.01997633618616167
0.01998852202768317
0.01997963848868118
0.01997963314833147
0.01998853860349451
0.01997627425889304
0.01999426080844462
0.01998918723917572
0.01999182267155526
0.01998795958290231
0.01999589105116269
0.02003033032917831
0.02009778115053761
0.02033600347982027
0.02088628194222312
0.02205981630208052
0.02421525164743512
0.0275148023241681
0.03198873130733552
0.03702644492036197
0.04269609753910771
0.05308491600400729
0.1276175546929311
0.1618910413161068
0.1755232227830704
0.1245114081674938
0.05229512454471446
0.0138169310251457
0.003020664985836734
0.000617486792994723
0.0001223459190098345
9.303507200781107e-06
8.318252941239963e-07
8.237143489631116e-08
2e-08
2e-08
2e-08
2e-08
2e-08
2e-08
2e-08
2e-08
2e-08
2e-08
2e-08
2e-08
2e-08
2e-08
2e-08
2e-08
2e-08
2e-08
2e-08
2e-08
2e-08
2e-08
2e-08
2e-08
2e-08
2e-08
2e-08
2e-08
2e-08
2e-08
2e-08
2e-08
2e-08
2e-08
2e-08
2e-08
2e-08
2e-08
3.041392275869096e-05
0.0001840200323709536
0.0008825569440623891
0.004094151858928166
0.01746344957953516
0.0597849156526782
0.1302713254894962
0.1760477468879303
0.1607772735220311
0.1299492458718809
0.05664726529017614
0.04640282063954238
0.03886713846832632
0.03386676033226254
0.02924607371408326
0.02574324834751986
0.02322633542136395
0.02164558500694649
0.0207966535971152
0.02034129574206815
0.02015606760194642
0.02004993025585965
0.02000238461815667
0.01998422713206128
0.01998111122766391
0.01998529206939235
0.01997895499575333
0.01998167481929426
0.0199818298498519
0.01997889049034225
0.01998524252449596
0.01998111125875842
0.0199840595138093
0.02000266998216506
0.02005024524927711
0.02015701910480605
0.02034332785327566
0.02080063190832754
0.02165231792572883
0.02323900520189917
0.02576795601657684
0.02928617509606715
0.03393343706400482
0.03894028619315026
0.04656196740317942
0.05697998642043796
0.1305520775018021
0.1618602452796369
0.17679353385872
0.1308505631593092
0.06004752797890106
0.01754143836400037
0.004112347064783958
0.000886479259432183
0.0001849293877110666
2.845989172631119e-05
1.613108539642128e-06
1.433202761613739e-07
2.754598634635563e-08
2e-08
2e-08
2e-08
2e-08
2e-08
2e-08
2e-08
2e-08
2e-08
2e-08
2e-08
2e-08
2e-08
2e-08
2e-08
2e-08
2e-08
2e-08
2e-08
2e-08
2e-08
2e-08
2e-08
2e-08
2e-08
2e-08
2e-08
2e-08
2e-08
2e-08
2e-08
2e-08
2e-08
2e-08
2e-08
2e-08
2e-08
2e-08
3.945943457791623e-06
4.060678750499952e-05
0.0002489509644947126
0.001127186757855866
0.004904305428945721
0.01963980776214944
0.06267871697759392
0.1302693227212816
0.1747586705709693
0.167143004180553
0.1380824141423017
0.06449745507376568
0.04999730728286428
0.04073344949550924
0.03620103178980802
0.03185241630531353
0.02805558150696679
0.02518692011697935
0.0231909476669779
0.02192477532664244
0.02109772361130115
0.02062295763115863
0.02034593046118858
0.02019240718896955
0.0201009937166906
0.02005757783041193
0.02004176046020989
0.02003699328196798
0.02003689032009124
0.02004184314060135
0.02005772567470357
0.02010107820571104
0.02019342338200782
0.0203468473637783
0.02062543124373156
0.02110276214766042
0.0219336284078021
0.02320562986022985
0.02520830126822052
0.02808546551366887
0.03189097511440843
0.03623867744027959
0.04080540013122758
0.05008382152418566
0.06489545634692953
0.1386101919577408
0.1681868949909882
0.1754810284481962
0.1308356860376519
0.06294828588871812
0.0197257270118235
0.004926124682034453
0.001132255991697207
0.0002500696576285318
4.071032794972215e-05
2.938213678099022e-06
4.387191350764116e-07
4.479111629263066e-08
2e-08
2e-08
2e-08
2e-08
2e-08
2e-08
2e-08
2e-08
2e-08
2e-08
2e-08
2e-08
2e-08
2e-08
2e-08
2e-08
2e-08
2e-08
2e-08
2e-08
2e-08
2e-08
2e-08
2e-08
2e-08
2e-08
2e-08
2e-08
2e-08
2e-08
2e-08
2e-08
2e-08
2e-08
2e-08
2e-08
2e-08
2e-08
2e-08
7.662706917729786e-07
3.774650227230009e-06
5.255649537430185e-05
0.0002975431029880118
0.001273849302090219
0.005239259452462284
0.01963938248032831
0.05978490770829253
0.1239504947584725
0.1703603829081264
0.1763416646063674
0.148427003614315
0.07818314020395467
0.05380568788135064
0.0455151264722353
0.0391478284337657
0.03516487398517578
0.03131646729064531
0.02840134675021338
0.02604645929571528
0.02422509429660542
0.02293351290965937
0.02202917866148023
0.02143022677739538
0.02107255592218187
0.02086288869475132
0.02075118003593716
0.02070730071597101
0.02070753987215401
0.02075161740742722
0.02086375064506411
0.02107428794701634
0.02143300628261856
0.02203440446031862
0.02294231749401348
0.02423853046088729
0.0260656546403403
0.02842376717033798
0.03134887724166269
0.0351836543124921
0.03913770927191899
0.04561371192960852
0.05399593715288728
0.07898712435575474
0.1488979738416769
0.1773320970793085
0.1710690017689565
0.1244698335821806
0.06003437459809641
0.01972353040732335
0.005261965033977686
0.001279469164387267
0.000298916653200092
5.244469961711538e-05
3.874098252737849e-06
6.630353351884594e-07
6.600305770487757e-08
2e-08
2e-08
2e-08
2e-08
2e-08
2e-08
2e-08
2e-08
2e-08
2e-08
2e-08
2e-08
2e-08
2e-08
2e-08
2e-08
2e-08
2e-08
2e-08
2e-08
2e-08
2e-08
2e-08
2e-08
2e-08
2e-08
2e-08
2e-08
2e-08
2e-08
2e-08
2e-08
2e-08
2e-08
2e-08
2e-08
2e-08
2e-08
2e-08
2e-08
8.706222507814943e-08
8.224320580518364e-07
4.273420082118201e-06
5.871480212685492e-05
0.0003164558080157325
0.001273747520001042
0.004904300788788622
0.01746404800316802
0.05206398399722576
0.1110161025065197
0.161302038432172
0.1808678042351377
0.1576797551481887
0.1315270666042392
0.06231303485154406
0.04873621892005113
0.04327912444136415
0.03896032332876015
0.03594836880182892
0.03283871536367364
0.03022042309739703
0.02819006367345371
0.02646035130976756
0.02520146289311695
0.02438243335971049
0.02387607148455143
0.02354508942820118
0.0233939865850726
0.02339427791492796
0.02354672565418554
0.02387878459961489
0.0243863554559778
0.02520848848279509
0.02647097351631301
0.02820501202368153
0.03023983135974877
0.03286191129226412
0.03597270261118898
0.03897486009402729
0.04328657810444458
0.04887343381915209
0.06260436320458601
0.1321150234466523
0.1583897310138181
0.1816730079569421
0.161982412721366
0.1114669863768145
0.0522731457136156
0.01753569615248069
0.004925007922140149
0.001279314768199294
0.0003178230416953993
5.953457313022725e-05
4.451298400494067e-06
8.213884911022553e-07
8.706222507814943e-08
2e-08
2e-08
2e-08
2e-08
2e-08
2e-08
2e-08
2e-08
2e-08
2e-08
2e-08
2e-08
2e-08
2e-08
2e-08
2e-08
2e-08
2e-08
2e-08
2e-08
2e-08
2e-08
2e-08
2e-08
2e-08
2e-08
2e-08
2e-08
2e-08
2e-08
2e-08
2e-08
2e-08
2e-08
2e-08
2e-08
2e-08
2e-08
2e-08
2e-08
2e-08
