FiniteElementSpace
FiniteElementCollection: H1_3D_P1
VDim: 1
Ordering: 0

0.06455684073134892
0.04555237499387794
0.03737568153285873
0.02722667446732597
0.0212477603920217
0.01999619338499199
0.01998933833365318
0.01999287593497458
0.01999761797035188
0.01998926739264062
0.01999380953147921
0.01999443301759617
0.01998372150250868
0.02000330322971373
0.01999240105708937
0.01997430934791516
0.01999057172825716
0.02001655936272981
0.02001833336923436
0.02001040350891887
0.02000389591665888
0.01999905450666621
0.01999637133595169
0.0199947525049771
0.01999407509511674
0.01999407249270491
0.01999475169416861
0.01999637405271894
0.01999905274933253
0.0200038704760541
0.02001061297987436
0.02002073750961032
0.02002682815767415
0.02000460744887325
0.01998102679725589
0.01998973019077228
0.02000556206597408
0.0199918070747471
0.01999565923772541
0.01999518293386687
0.01999560677012802
0.02000018559904311
0.01999585677411243
0.01999206631136941
0.01999315475591963
0.02129912734636752
0.02713038543504347
0.03656279154609397
0.04601241457971249
0.08573039488948185
0.03996638227686217
0.01021791998189508
0.001437814895861193
0.0001904101138834533
1.481262001365524e-05
1.98121271476337e-07
2.725770595901622e-08
2e-08
2e-08
2e-08
2e-08
2e-08
2e-08
2e-08
2e-08
2e-08
2e-08
2e-08
2e-08
2e-08
2e-08
2e-08
2e-08
2e-08
2e-08
2e-08
2e-08
2e-08
2e-08
2e-08
2e-08
0.0684268386790199
0.05204766817530612
0.03885894257587243
0.02910795180703036
0.02206636762415949
0.0200666543696489
0.01998663876792711
0.01999047038279744
0.01999732764427441
0.01999175162735902
0.01999349987341324
0.01999772741777231
0.01998345414772619
0.01999690557375645
0.01999999855720358
0.01997293662142089
0.01997695343710845
0.02000859882866984
0.02002469759917928
0.02001770432351151
0.02000982715119163
0.02000452535996436
0.02000043634242393
0.01999847068373086
0.01999753381131699
0.01999753304392727
0.01999846960603025
0.02000043787495988
0.02000452141107786
0.02000980022135626
0.02001788552301188
0.02002711163357875
0.02001879870617577
0.0199885416037132
0.01998046545413202
0.02000001634589169
0.01999988955299489
0.0199903737786214
0.02000208891145758
0.01999520978047778
0.01999479521277072
0.02000039984764663
0.01999512884561258
0.01998740544792101
0.02007254287877771
0.02207499910014201
0.0289393043773513
0.03859778241383576
0.05233695635275079
0.0829898809575393
0.03331031997588537
0.007442948820721925
0.001045663764243166
9.938705164899921e-05
3.014507791975753e-06
1.479682365879142e-07
2.054315929256312e-08
2e-08
2e-08
2e-08
2e-08
2e-08
2e-08
2e-08
2e-08
2e-08
2e-08
2e-08
2e-08
2e-08
2e-08
2e-08
2e-08
2e-08
2e-08
2e-08
2e-08
2e-08
2e-08
2e-08
2e-08
0.06462340518377094
0.05463573322721094
0.04113323724059795
0.03147035641490804
0.02339675687675951
0.02030050966089976
0.01997489074822511
0.01999912371641316
0.0199921964567214
0.01999652046734788
0.01998937633248476
0.01999597605037484
0.01999083796470293
0.0199901140891178
0.02000413986785223
0.0199833499818127
0.01996767688198036
0.01998901188995042
0.02002091333580067
0.02002655887094968
0.02001882830127782
0.02001223832214684
0.02000793047934382
0.02000503668134929
0.02000357937907969
0.02000357716628682
0.0200050362145278
0.02000793112305606
0.02001223442534327
0.02001879682253746
0.02002671442473699
0.02002372455461572
0.01999563601570973
0.01997850110728614
0.01999120554670014
0.02000770519146879
0.01999396333461054
0.01999688569872465
0.01999968124531319
0.01999302413610068
0.01999875694001332
0.01999463736070256
0.02000280202194634
0.01997748054986163
0.02031106832188443
0.02336840371367336
0.03133992253025331
0.04091928160151253
0.05525939060429629
0.0752515152405057
0.02550166763540904
0.005037369176271392
0.0007026822722243039
6.25755687099848e-05
1.325514287894323e-06
1.037634141054511e-07
2e-08
2e-08
2e-08
2e-08
2e-08
2e-08
2e-08
2e-08
2e-08
2e-08
2e-08
2e-08
2e-08
2e-08
2e-08
2e-08
2e-08
2e-08
2e-08
2e-08
2e-08
2e-08
2e-08
2e-08
2e-08
0.04963580575013381
0.07607010371240235
0.04250673564336915
0.03475747741070313
0.02547061449913861
0.02081469545700267
0.02000219183070247
0.01998789932144232
0.02000671782585395
0.01998558739927474
0.02000021695122092
0.01998890551424882
0.01999136562061449
0.01999156715202382
0.01999416288855285
0.01999525040714114
0.01997679498085065
0.01997357464274686
0.01999540622911422
0.02002184723317345
0.02002733763652279
0.02002314233077072
0.02001843503372948
0.0200152771736764
0.02001367752421842
0.02001367697298036
0.02001527734593294
0.02001843610051533
0.02002313878066899
0.02002729089154997
0.02002213624926818
0.01999729219052601
0.0199794506632991
0.01998637512885408
0.02000616926705297
0.01999863018917394
0.01999656234439571
0.01999747876358568
0.01999211878177046
0.02000535414477805
0.01998990612811878
0.02001023716694971
0.01998981921791346
0.0200052052978152
0.02081353335980254
0.02545399346300204
0.03469374594824714
0.04232421490246824
0.07681630001913571
0.05774358042609055
0.01825457254846642
0.003107895587444163
0.0004532864811033228
3.957278949227262e-05
7.303266168217236e-07
6.839491034971168e-08
2e-08
2e-08
2e-08
2e-08
2e-08
2e-08
2e-08
2e-08
2e-08
2e-08
2e-08
2e-08
2e-08
2e-08
2e-08
2e-08
2e-08
2e-08
2e-08
2e-08
2e-08
2e-08
2e-08
2e-08
2e-08
0.03873191218585514
0.08504847521549935
0.04912752730970792
0.03770524281500821
0.02833173248222004
0.02193331742789133
0.02009997028752579
0.01999451233932071
0.01999229715992099
0.01999821692282427
0.01999095364850918
0.0199984924314584
0.01998728785644389
0.01999429857253084
0.01998786868016088
0.01999070089714884
0.01999487535499095
0.01998115153564721
0.01997766149780768
0.01999264136378542
0.02001352538696505
0.02002445271130535
0.02002659656735933
0.02002578863586766
0.02002498540319593
0.02002498425002613
0.02002578939936584
0.02002659846122186
0.02002444569904666
0.02001349832681574
0.01999283616568948
0.01997906662264476
0.01998550001002724
0.02000541862009717
0.02000081955822676
0.01999408753379987
0.01999973692256247
0.01999363553942636
0.0200036093207691
0.019993942322533
0.02000362051402042
0.01999661152810596
0.01999599026910851
0.0201036204133379
0.02193422549680549
0.02831975926233368
0.03769369757598673
0.04898214627292834
0.08503445590355567
0.04307593201641487
0.01151949017986422
0.001795037620423378
0.0002553066438605892
2.232479313611319e-05
3.451134081155158e-07
4.242681154620343e-08
2e-08
2e-08
2e-08
2e-08
2e-08
2e-08
2e-08
2e-08
2e-08
2e-08
2e-08
2e-08
2e-08
2e-08
2e-08
2e-08
2e-08
2e-08
2e-08
2e-08
2e-08
2e-08
2e-08
2e-08
2e-08
0.02764233925803126
0.07683250517203428
0.05310193380896606
0.04075126106892336
0.03209915489801608
0.02411306550652438
0.02052071906495737
0.02000484859539131
0.01999933072210484
0.01999221426229178
0.0200003731428041
0.01998641989808812
0.01999609731894863
0.01999360853324996
0.01999049425777019
0.01998276727160106
0.01999374761198751
0.02000170349340655
0.01998773293872516
0.01997885796173839
0.01998463622107505
0.0199958393933278
0.02000757567821022
0.02001448657107263
0.02001714022041369
0.02001714090885994
0.02001448703710011
0.02000757747960994
0.01999583346653329
0.01998462345375056
0.01997899315206405
0.01998849732782906
0.02000645033286966
0.02000268523210818
0.01999293900601416
0.01999845679121875
0.01999859793854948
0.02000308138352291
0.01999247308728001
0.02000450534611636
0.01999758441741656
0.02000368727245883
0.02000688847693372
0.02052563205110202
0.02411277828743044
0.03210595085765847
0.04075784770618499
0.05300470057374099
0.07680768057359683
0.02922403438266724
0.00639060811815456
0.0009795670520748457
9.97052181396054e-05
3.54558157424072e-06
1.684354195752302e-07
2.48020718351949e-08
2e-08
2e-08
2e-08
2e-08
2e-08
2e-08
2e-08
2e-08
2e-08
2e-08
2e-08
2e-08
2e-08
2e-08
2e-08
2e-08
2e-08
2e-08
2e-08
2e-08
2e-08
2e-08
2e-08
2e-08
2e-08
0.06455684073136406
0.04555237499387588
0.03737568153285847
0.027226674467326
0.02124776039202174
0.01999619338499161
0.01998933833365337
0.01999287593497485
0.01999761797035112
0.01998926739264092
0.01999380953147906
0.01999443301759677
0.01998372150250833
0.02000330322971322
0.0199924010570896
0.01997430934791585
0.01999057172825707
0.02001655936272973
0.0200183333692346
0.02001040350891879
0.02000389591665835
0.01999905450666692
0.01999637133595185
0.01999475250497715
0.01999407509511628
0.01999407249270505
0.01999475169416831
0.01999637405271905
0.01999905274933273
0.02000387047605419
0.02001061297987388
0.02002073750961003
0.02002682815767451
0.02000460744887325
0.0199810267972565
0.01998973019077213
0.02000556206597376
0.019991807074748
0.0199956592377252
0.01999518293386727
0.01999560677012804
0.02000018559904315
0.01999585677411247
0.01999206631136921
0.01999315475592005
0.02129912734636753
0.02713038543504337
0.03656279154609596
0.04601241457971253
0.0857303948894837
0.03996638227686235
0.01021791998189683
0.001437814895861266
0.0001904101138833746
1.481262001365834e-05
1.98121271476337e-07
2.725770595901622e-08
2e-08
2e-08
2e-08
2e-08
2e-08
2e-08
2e-08
2e-08
2e-08
2e-08
2e-08
2e-08
2e-08
2e-08
2e-08
2e-08
2e-08
2e-08
2e-08
2e-08
2e-08
2e-08
2e-08
2e-08
0.06842683867901835
0.05204766817530576
0.03885894257587318
0.0291079518070304
0.02206636762415867
0.02006665436964921
0.01998663876792742
0.01999047038279739
0.01999732764427433
0.01999175162735929
0.01999349987341271
0.01999772741777222
0.01998345414772645
0.01999690557375654
0.01999999855720353
0.01997293662141991
0.01997695343710886
0.02000859882866966
0.02002469759917989
0.02001770432351002
0.02000982715119161
0.02000452535996402
0.02000043634242374
0.01999847068373046
0.01999753381131692
0.01999753304392687
0.0199984696060312
0.02000043787495986
0.02000452141107816
0.02000980022135597
0.02001788552301154
0.02002711163357915
0.02001879870617467
0.0199885416037128
0.0199804654541322
0.02000001634589157
0.01999988955299532
0.0199903737786217
0.02000208891145736
0.01999520978047812
0.01999479521277051
0.02000039984764686
0.01999512884561237
0.01998740544792108
0.0200725428787779
0.02207499910014209
0.02893930437735221
0.03859778241383467
0.05233695635274775
0.08298988095754055
0.03331031997588552
0.007442948820722209
0.001045663764242838
9.938705164900486e-05
3.014507791977188e-06
1.479682365879142e-07
2.054315929256312e-08
2e-08
2e-08
2e-08
2e-08
2e-08
2e-08
2e-08
2e-08
2e-08
2e-08
2e-08
2e-08
2e-08
2e-08
2e-08
2e-08
2e-08
2e-08
2e-08
2e-08
2e-08
2e-08
2e-08
2e-08
0.06462340518376634
0.05463573322721638
0.04113323724059838
0.03147035641490675
0.02339675687675952
0.02030050966089986
0.01997489074822421
0.019999123716413
0.01999219645672169
0.01999652046734765
0.01998937633248511
0.01999597605037515
0.01999083796470232
0.01999011408911739
0.02000413986785248
0.01998334998181234
0.01996767688198033
0.01998901188995009
0.02002091333580102
0.02002655887094945
0.02001882830127891
0.02001223832214599
0.02000793047934396
0.02000503668134994
0.02000357937907874
0.02000357716628739
0.02000503621452735
0.02000793112305546
0.02001223442534342
0.02001879682253751
0.02002671442473701
0.0200237245546164
0.01999563601570894
0.01997850110728598
0.01999120554670037
0.02000770519146879
0.01999396333461036
0.01999688569872451
0.01999968124531293
0.0199930241361013
0.01999875694001398
0.01999463736070167
0.02000280202194543
0.01997748054986193
0.02031106832188514
0.02336840371367304
0.03133992253025353
0.04091928160151363
0.05525939060430485
0.07525151524051073
0.02550166763540709
0.005037369176270245
0.0007026822722244118
6.257556871000951e-05
1.325514287892586e-06
1.037634141054511e-07
2e-08
2e-08
2e-08
2e-08
2e-08
2e-08
2e-08
2e-08
2e-08
2e-08
2e-08
2e-08
2e-08
2e-08
2e-08
2e-08
2e-08
2e-08
2e-08
2e-08
2e-08
2e-08
2e-08
2e-08
2e-08
0.04963580575013494
0.07607010371241144
0.04250673564336767
0.03475747741070385
0.02547061449913656
0.02081469545700296
0.0200021918307029
0.01998789932144171
0.0200067178258531
0.01998558739927463
0.02000021695122107
0.01998890551424821
0.01999136562061487
0.01999156715202437
0.01999416288855257
0.0199952504071415
0.01997679498085106
0.01997357464274713
0.01999540622911406
0.02002184723317307
0.02002733763652267
0.02002314233077167
0.0200184350337287
0.02001527717367621
0.02001367752421895
0.02001367697298096
0.0200152773459326
0.02001843610051489
0.02002313878066886
0.02002729089154916
0.02002213624926766
0.0199972921905256
0.01997945066329892
0.01998637512885373
0.02000616926705243
0.01999863018917397
0.01999656234439592
0.01999747876358577
0.01999211878177067
0.02000535414477695
0.01998990612811958
0.02001023716695008
0.01998981921791305
0.0200052052978145
0.02081353335980292
0.02545399346300226
0.03469374594824695
0.04232421490246642
0.07681630001911742
0.05774358042608714
0.01825457254846563
0.003107895587444368
0.0004532864811033548
3.95727894922601e-05
7.30326616822573e-07
6.839491034971168e-08
2e-08
2e-08
2e-08
2e-08
2e-08
2e-08
2e-08
2e-08
2e-08
2e-08
2e-08
2e-08
2e-08
2e-08
2e-08
2e-08
2e-08
2e-08
2e-08
2e-08
2e-08
2e-08
2e-08
2e-08
2e-08
0.03873191218585335
0.08504847521550118
0.04912752730970691
0.03770524281500818
0.0283317324822208
0.02193331742789104
0.02009997028752611
0.01999451233932073
0.01999229715992118
0.01999821692282487
0.01999095364850914
0.01999849243145831
0.01998728785644401
0.0199942985725306
0.0199878686801605
0.0199907008971492
0.01999487535499128
0.0199811515356475
0.01997766149780789
0.01999264136378508
0.02001352538696363
0.02002445271130507
0.0200265965673583
0.02002578863586732
0.0200249854031962
0.02002498425002566
0.02002578939936575
0.02002659846122139
0.02002444569904684
0.02001349832681615
0.01999283616568833
0.01997906662264543
0.01998550001002741
0.02000541862009707
0.02000081955822643
0.01999408753379948
0.01999973692256209
0.01999363553942579
0.02000360932076959
0.01999394232253248
0.02000362051402028
0.01999661152810485
0.01999599026910831
0.02010362041333847
0.02193422549680509
0.0283197592623324
0.03769369757598843
0.04898214627293132
0.08503445590355403
0.04307593201642122
0.01151949017986331
0.001795037620423576
0.0002553066438606107
2.232479313610332e-05
3.451134081164067e-07
4.242681154620343e-08
2e-08
2e-08
2e-08
2e-08
2e-08
2e-08
2e-08
2e-08
2e-08
2e-08
2e-08
2e-08
2e-08
2e-08
2e-08
2e-08
2e-08
2e-08
2e-08
2e-08
2e-08
2e-08
2e-08
2e-08
2e-08
0.02764233925802999
0.07683250517203165
0.05310193380896722
0.04075126106892316
0.03209915489801389
0.02411306550652485
0.02052071906495712
0.02000484859539117
0.01999933072210423
0.01999221426229247
0.02000037314280356
0.01998641989808806
0.01999609731894838
0.01999360853324952
0.01999049425776982
0.01998276727160173
0.01999374761198736
0.02000170349340682
0.0199877329387249
0.0199788579617377
0.01998463622107546
0.01999583939332814
0.02000757567820995
0.02001448657107266
0.02001714022041305
0.0200171409088601
0.02001448703710082
0.02000757747961014
0.01999583346653383
0.01998462345375023
0.01997899315206448
0.01998849732782918
0.02000645033286871
0.02000268523210917
0.01999293900601438
0.01999845679121891
0.01999859793854923
0.02000308138352343
0.01999247308727961
0.02000450534611635
0.01999758441741704
0.02000368727245927
0.02000688847693337
0.02052563205110084
0.02411277828742983
0.03210595085766074
0.04075784770618449
0.05300470057374283
0.07680768057359508
0.02922403438266657
0.006390608118153908
0.0009795670520748182
9.970521813959351e-05
3.545581574243083e-06
1.684354195752302e-07
2.48020718351949e-08
2e-08
2e-08
2e-08
2e-08
2e-08
2e-08
2e-08
2e-08
2e-08
2e-08
2e-08
2e-08
2e-08
2e-08
2e-08
2e-08
2e-08
2e-08
2e-08
2e-08
2e-08
2e-08
2e-08
2e-08
2e-08
