FiniteElementSpace
FiniteElementCollection: H1_3D_P1
VDim: 1
Ordering: 0

0.0006300762349777439
0.003412165637276318
0.01658709643309266
0.05077038839981773
0.08683778939949831
0.04800409572596263
0.03932976448589832
0.0324952683697592
0.02517238976721846
0.02119563469453464
0.02013771800044711
0.02001458368561812
0.01999427005344273
0.01999431389330222
0.01998590692017512
0.01999470111121284
0.01999360994218801
0.02000163529425383
0.01999230424938253
0.01999430777375795
0.02000149805806258
0.01999712327239068
0.01999435398514041
0.0199914001612093
0.01999122793473223
0.01999123030300478
0.01999140070723919
0.01999435272282536
0.01999712505854576
0.02000149792813812
0.01999429812804177
0.01999220874372195
0.02000112569327673
0.01999424645647866
0.02000139828263571
0.02000001749157424
0.02000977841239054
0.01999627009556318
0.02001896296293688
0.02015368549734741
0.02120251357341165
0.02517760725073542
0.03250558281222594
0.03933792905255812
0.04801584617816668
0.08685264165179502
0.05077795342433183
0.01658266700953021
0.003419572737472481
0.0006257944225378549
7.360898226895132e-05
3.220946273288156e-06
1.630632689109124e-07
2.725770595901622e-08
2e-08
2e-08
2e-08
2e-08
2e-08
2e-08
2e-08
2e-08
2e-08
2e-08
2e-08
2e-08
2e-08
2e-08
2e-08
2e-08
2e-08
2e-08
2e-08
2e-08
2e-08
2e-08
2e-08
2e-08
2e-08
2e-08
2e-08
0.000220602346430766
0.001252075900648296
0.006190899836478616
0.02559689374050552
0.06005521670889642
0.08634389672386648
0.04517579575728257
0.03874898131182485
0.03141183572446962
0.02453498179044694
0.02112087693900186
0.02015999235793178
0.02001388569215712
0.01998482164171162
0.01998792377764204
0.01999702126012807
0.01999924778065158
0.0199975890935381
0.02000078478192917
0.01999796937185252
0.01999201189220653
0.01999786355339342
0.01999623194702696
0.02000161448922635
0.01999815607832108
0.01999815902059522
0.02000161648282546
0.01999622916416726
0.01999786611396016
0.0199920123377194
0.01999796508649528
0.02000061733898905
0.01999713372729646
0.01999904910769215
0.02000125413535173
0.01999996192606462
0.01999877162373476
0.02002162122980867
0.02016064511217475
0.02113374753504296
0.02454707477929415
0.03141760912296111
0.03875451030690574
0.0451783901887083
0.08635360721079
0.0600653720526431
0.02559969398311537
0.006190334353770103
0.00125691501288983
0.0002105798249870069
2.254225776418548e-05
6.23623422913034e-07
6.416251896013137e-08
2e-08
2e-08
2e-08
2e-08
2e-08
2e-08
2e-08
2e-08
2e-08
2e-08
2e-08
2e-08
2e-08
2e-08
2e-08
2e-08
2e-08
2e-08
2e-08
2e-08
2e-08
2e-08
2e-08
2e-08
2e-08
2e-08
2e-08
2e-08
5.761181341945786e-05
0.0003906908237489781
0.002121048718012275
0.009776785495232915
0.03425544465085772
0.06846476061263129
0.07086461243192203
0.04597062749237077
0.03865714262331984
0.03106914074242962
0.02476055369674999
0.02135191558812595
0.02020566095458645
0.02001091300494256
0.01999376009011474
0.02000108425243847
0.02000454118548639
0.02000331204654883
0.01999680436111238
0.01999606321042804
0.02000152707253241
0.01998782471628393
0.01999532059914048
0.01998836572937059
0.0199911266814706
0.01999113053167081
0.01998836701910753
0.01999531721683236
0.0199878259658385
0.020001533557486
0.01999605482249089
0.01999671697848227
0.02000261371386353
0.02000314505731896
0.02000304138424892
0.02000380058379949
0.02003166468174463
0.02021850917685434
0.02135356502927509
0.02476845485122491
0.03108273923325526
0.03866367633044005
0.04596935501602826
0.07092224929846229
0.0684641305628827
0.03425998761116538
0.009779686906530392
0.002119902481316328
0.0003918638754469289
5.213405100098456e-05
2.501001797284688e-06
1.342910308610445e-07
2.403445990228903e-08
2e-08
2e-08
2e-08
2e-08
2e-08
2e-08
2e-08
2e-08
2e-08
2e-08
2e-08
2e-08
2e-08
2e-08
2e-08
2e-08
2e-08
2e-08
2e-08
2e-08
2e-08
2e-08
2e-08
2e-08
2e-08
2e-08
2e-08
2e-08
8.940678298435225e-06
8.599369345665809e-05
0.0006249825317316224
0.003102077982881464
0.01301225900268499
0.04121912875432105
0.0755774352847622
0.06480495983905978
0.04638539300233711
0.03881553916183179
0.0319067333456339
0.02572037279930423
0.02197411515186752
0.02044144911819794
0.02005976549781988
0.02000517325015385
0.01999866942724892
0.01999644689049959
0.02000544213307707
0.01999694417488399
0.01999359840649011
0.0200059213182681
0.01999743457194815
0.02000077226136222
0.01999915965232623
0.0199991631680203
0.0200007743250671
0.01999742977963579
0.02000592476905523
0.01999360106956044
0.01999694371820902
0.02000533529312052
0.01999599505970636
0.01999738466190496
0.02000439822279272
0.02006648966030678
0.02045926322716905
0.02199209093311496
0.02572641627694427
0.03191117286500997
0.03882262501189097
0.04639024470513819
0.06481579759004308
0.07557949254866894
0.0412261066362121
0.01301240676425011
0.003103680390029998
0.0006250053643983137
8.643429300220574e-05
5.889855318749522e-06
4.620029975803401e-07
4.666500369787663e-08
2e-08
2e-08
2e-08
2e-08
2e-08
2e-08
2e-08
2e-08
2e-08
2e-08
2e-08
2e-08
2e-08
2e-08
2e-08
2e-08
2e-08
2e-08
2e-08
2e-08
2e-08
2e-08
2e-08
2e-08
2e-08
2e-08
2e-08
2e-08
2e-08
7.385199741093514e-07
9.229648713836481e-06
0.0001275888680852134
0.0008835873066543638
0.004000761642933111
0.01505150834711307
0.04402156568962725
0.07699484791666149
0.06650742088495722
0.04487962532267652
0.03884412577244536
0.03327039537760944
0.02738565941184017
0.0232912592861179
0.02111017763243622
0.02027245854123386
0.02003911542802418
0.01999492341872669
0.01998823048866031
0.01999762729835338
0.01999798488249393
0.01999297143796948
0.01999428042578619
0.01999533243812962
0.01999404298346342
0.0199940447568652
0.01999533382209922
0.01999427858656593
0.01999297047598587
0.01999799211961984
0.01999762455866764
0.01998817556448044
0.01999460432006885
0.02003762278819074
0.02027054017957588
0.02111289497762695
0.02330515316570541
0.02740367664011805
0.03328018562246193
0.03884663841567032
0.04488117212607983
0.06655557473822017
0.07699506911333973
0.04402621013568973
0.01505574008397526
0.004000715626589373
0.0008841808519212726
0.0001275594538806591
9.424160101093227e-06
7.260221124678285e-07
8.026090322132973e-08
2e-08
2e-08
2e-08
2e-08
2e-08
2e-08
2e-08
2e-08
2e-08
2e-08
2e-08
2e-08
2e-08
2e-08
2e-08
2e-08
2e-08
2e-08
2e-08
2e-08
2e-08
2e-08
2e-08
2e-08
2e-08
2e-08
2e-08
2e-08
2e-08
2e-08
1.218965503013703e-07
9.981176774186203e-07
2.721845224527171e-05
0.0002274820974414262
0.001069099356322608
0.004466511289793072
0.01550525032014577
0.04319581687889702
0.07220105891297199
0.08000790431092325
0.04551065793329281
0.04127304417571024
0.03590335586509208
0.03032616236083657
0.0257451470111024
0.02270321133827302
0.02105946899178736
0.02033031089328545
0.02007142412443377
0.0199861309477825
0.01997463227567095
0.01997958394008559
0.01997935859993435
0.01997955797756211
0.01998042941634297
0.01998042894002477
0.01997955868367491
0.01997935830480177
0.01997958463789232
0.01997463260778629
0.01998613637451411
0.0200713850905727
0.02033001904897221
0.02105826020664499
0.02270091639286134
0.02574526431284421
0.03033427112198537
0.03591636507914599
0.04128923182979236
0.04551682010286567
0.08000548790461455
0.0722075170569194
0.04320291867794338
0.01550436650075622
0.004468647217748282
0.001069636218224641
0.0002273397929393693
2.733338436140585e-05
9.975704826168867e-07
1.218965503013703e-07
2.48020718351949e-08
2e-08
2e-08
2e-08
2e-08
2e-08
2e-08
2e-08
2e-08
2e-08
2e-08
2e-08
2e-08
2e-08
2e-08
2e-08
2e-08
2e-08
2e-08
2e-08
2e-08
2e-08
2e-08
2e-08
2e-08
2e-08
2e-08
2e-08
2e-08
2e-08
2e-08
0.0006300762349777934
0.003412165637275826
0.01658709643309049
0.0507703883998182
0.08683778939950026
0.04800409572596237
0.03932976448589889
0.03249526836975891
0.02517238976721848
0.02119563469453421
0.0201377180004472
0.02001458368561721
0.01999427005344262
0.01999431389330193
0.01998590692017498
0.01999470111121282
0.01999360994218839
0.02000163529425416
0.01999230424938228
0.0199943077737579
0.02000149805806333
0.01999712327239022
0.01999435398514056
0.0199914001612089
0.01999122793473184
0.01999123030300505
0.01999140070723828
0.01999435272282563
0.01999712505854554
0.02000149792813778
0.01999429812804145
0.01999220874372282
0.02000112569327682
0.01999424645647907
0.02000139828263555
0.02000001749157401
0.02000977841239037
0.01999627009556298
0.02001896296293683
0.02015368549734702
0.02120251357341117
0.02517760725073553
0.03250558281222653
0.03933792905255672
0.04801584617816607
0.08685264165179818
0.05077795342433553
0.01658266700953307
0.003419572737472703
0.0006257944225377991
7.360898226895772e-05
3.220946273287231e-06
1.630632689109124e-07
2.725770595901622e-08
2e-08
2e-08
2e-08
2e-08
2e-08
2e-08
2e-08
2e-08
2e-08
2e-08
2e-08
2e-08
2e-08
2e-08
2e-08
2e-08
2e-08
2e-08
2e-08
2e-08
2e-08
2e-08
2e-08
2e-08
2e-08
2e-08
2e-08
0.0002206023464307771
0.001252075900648448
0.006190899836478858
0.02559689374050592
0.06005521670889488
0.08634389672386615
0.04517579575728251
0.03874898131182496
0.03141183572447057
0.02453498179044665
0.02112087693900258
0.02015999235793175
0.02001388569215696
0.01998482164171189
0.01998792377764216
0.01999702126012796
0.01999924778065175
0.01999758909353812
0.02000078478192945
0.01999796937185211
0.01999201189220674
0.01999786355339311
0.01999623194702727
0.02000161448922657
0.01999815607832138
0.01999815902059591
0.02000161648282612
0.01999622916416731
0.01999786611396017
0.01999201233771995
0.01999796508649581
0.02000061733898861
0.01999713372729633
0.01999904910769154
0.0200012541353518
0.01999996192606517
0.01999877162373492
0.02002162122980796
0.02016064511217534
0.02113374753504285
0.02454707477929504
0.03141760912296068
0.03875451030690559
0.04517839018871141
0.08635360721078945
0.06006537205264209
0.02559969398311598
0.006190334353769568
0.001256915012889573
0.000210579824986996
2.254225776419077e-05
6.236234229130931e-07
6.416251896013137e-08
2e-08
2e-08
2e-08
2e-08
2e-08
2e-08
2e-08
2e-08
2e-08
2e-08
2e-08
2e-08
2e-08
2e-08
2e-08
2e-08
2e-08
2e-08
2e-08
2e-08
2e-08
2e-08
2e-08
2e-08
2e-08
2e-08
2e-08
2e-08
5.761181341943856e-05
0.0003906908237489395
0.002121048718012406
0.009776785495231128
0.03425544465085704
0.06846476061262732
0.07086461243190219
0.04597062749237124
0.0386571426233193
0.03106914074242951
0.0247605536967501
0.02135191558812639
0.02020566095458599
0.02001091300494137
0.01999376009011467
0.02000108425243804
0.0200045411854847
0.02000331204654868
0.01999680436111282
0.01999606321042885
0.02000152707253138
0.01998782471628375
0.0199953205991404
0.01998836572937043
0.01999112668146994
0.01999113053167025
0.01998836701910734
0.01999531721683196
0.01998782596583793
0.0200015335574863
0.01999605482249139
0.01999671697848222
0.02000261371386473
0.02000314505731821
0.02000304138424922
0.02000380058379817
0.02003166468174498
0.02021850917685479
0.02135356502927475
0.02476845485122492
0.0310827392332545
0.03866367633044092
0.04596935501602763
0.07092224929845843
0.06846413056288098
0.03425998761116475
0.00977968690653174
0.002119902481316546
0.0003918638754468736
5.213405100098693e-05
2.501001797289204e-06
1.342910308610445e-07
2.403445990228903e-08
2e-08
2e-08
2e-08
2e-08
2e-08
2e-08
2e-08
2e-08
2e-08
2e-08
2e-08
2e-08
2e-08
2e-08
2e-08
2e-08
2e-08
2e-08
2e-08
2e-08
2e-08
2e-08
2e-08
2e-08
2e-08
2e-08
2e-08
2e-08
8.940678298439752e-06
8.599369345663986e-05
0.0006249825317317722
0.00310207798288118
0.01301225900268733
0.04121912875432449
0.07557743528476429
0.06480495983908829
0.04638539300233353
0.0388155391618334
0.03190673334563489
0.02572037279930361
0.02197411515186912
0.02044144911819827
0.02005976549782006
0.02000517325015371
0.0199986694272496
0.01999644689050019
0.0200054421330761
0.01999694417488408
0.01999359840649046
0.02000592131826859
0.01999743457194695
0.02000077226136237
0.01999915965232581
0.01999916316801979
0.02000077432506744
0.01999742977963656
0.02000592476905539
0.0199936010695599
0.01999694371820843
0.02000533529311974
0.01999599505970657
0.01999738466190515
0.02000439822279299
0.02006648966030853
0.02045926322716948
0.0219920909331137
0.02572641627694295
0.03191117286501163
0.03882262501189172
0.04639024470513786
0.06481579759004874
0.07557949254866815
0.04122610663621433
0.01301240676424902
0.003103680390029827
0.0006250053643983262
8.643429300220698e-05
5.889855318743472e-06
4.620029975798454e-07
4.666500369787663e-08
2e-08
2e-08
2e-08
2e-08
2e-08
2e-08
2e-08
2e-08
2e-08
2e-08
2e-08
2e-08
2e-08
2e-08
2e-08
2e-08
2e-08
2e-08
2e-08
2e-08
2e-08
2e-08
2e-08
2e-08
2e-08
2e-08
2e-08
2e-08
2e-08
7.38519974109287e-07
9.229648713822874e-06
0.0001275888680852297
0.0008835873066542311
0.00400076164293262
0.01505150834711107
0.04402156568962189
0.07699484791665487
0.0665074208849414
0.04487962532267747
0.0388441257724453
0.03327039537760942
0.02738565941183902
0.02329125928611815
0.02111017763243773
0.02027245854123315
0.02003911542802361
0.01999492341872662
0.01998823048866106
0.01999762729835261
0.01999798488249396
0.01999297143796836
0.01999428042578694
0.01999533243812907
0.01999404298346379
0.01999404475686587
0.01999533382209894
0.01999427858656518
0.01999297047598681
0.01999799211961939
0.01999762455866771
0.0199881755644805
0.01999460432006904
0.02003762278818972
0.02027054017957622
0.02111289497762788
0.02330515316570415
0.02740367664011947
0.03328018562246295
0.03884663841566802
0.04488117212608133
0.06655557473821121
0.07699506911334347
0.04402621013568949
0.01505574008397412
0.004000715626589328
0.0008841808519212714
0.0001275594538806625
9.424160101094234e-06
7.260221124666225e-07
8.026090322132973e-08
2e-08
2e-08
2e-08
2e-08
2e-08
2e-08
2e-08
2e-08
2e-08
2e-08
2e-08
2e-08
2e-08
2e-08
2e-08
2e-08
2e-08
2e-08
2e-08
2e-08
2e-08
2e-08
2e-08
2e-08
2e-08
2e-08
2e-08
2e-08
2e-08
2e-08
1.218965503013703e-07
9.981176774183628e-07
2.721845224527178e-05
0.0002274820974414184
0.001069099356322708
0.004466511289793235
0.01550525032014626
0.04319581687889872
0.07220105891297654
0.08000790431092923
0.04551065793329345
0.0412730441757108
0.03590335586509192
0.0303261623608359
0.0257451470111024
0.02270321133827283
0.02105946899178714
0.02033031089328543
0.02007142412443438
0.01998613094778291
0.0199746322756712
0.0199795839400861
0.0199793585999351
0.01997955797756212
0.01998042941634275
0.0199804289400241
0.019979558683675
0.01997935830480171
0.01997958463789215
0.0199746326077868
0.01998613637451354
0.02007138509057319
0.02033001904897104
0.02105826020664534
0.02270091639286089
0.02574526431284415
0.0303342711219858
0.03591636507914618
0.04128923182978937
0.04551682010286824
0.08000548790462517
0.07220751705691822
0.04320291867794453
0.01550436650075587
0.004468647217748211
0.001069636218224724
0.0002273397929394459
2.733338436140167e-05
9.975704826145646e-07
1.218965503013703e-07
2.48020718351949e-08
2e-08
2e-08
2e-08
2e-08
2e-08
2e-08
2e-08
2e-08
2e-08
2e-08
2e-08
2e-08
2e-08
2e-08
2e-08
2e-08
2e-08
2e-08
2e-08
2e-08
2e-08
2e-08
2e-08
2e-08
2e-08
2e-08
2e-08
2e-08
2e-08
2e-08
