FiniteElementSpace
FiniteElementCollection: H1_3D_P1
VDim: 1
Ordering: 0

5.761181341945172e-05
0.0003906908237489234
0.002121048718012485
0.009776785495232533
0.03425544465085679
0.06846476061263701
0.0708646124319163
0.04597062749237466
0.03865714262332922
0.03106914074244395
0.02476055369676608
0.02135191558814786
0.02020566095460605
0.02001091300494056
0.0199937600901153
0.02000108425242495
0.02000454118546411
0.02000331204656301
0.01999680436113666
0.01999606321045572
0.02000152707259725
0.01998782471636422
0.01999532059927731
0.01998836572958873
0.0199911266817562
0.01999113053195579
0.01998836701932585
0.01999531721696926
0.01998782596591849
0.02000153355755116
0.01999605482251865
0.0199967169785068
0.02000261371387974
0.02000314505729752
0.02000304138423974
0.02000380058378665
0.02003166468174924
0.02021850917687474
0.02135356502929488
0.02476845485124022
0.03108273923326982
0.03866367633045058
0.04596935501603282
0.0709222492984688
0.06846413056288786
0.03425998761116589
0.00977968690653099
0.00211990248131658
0.0003918638754469075
5.213405100098516e-05
2.501001797285403e-06
1.342910308610445e-07
2.403445990228903e-08
2e-08
2e-08
2e-08
2e-08
2e-08
2e-08
2e-08
2e-08
2e-08
2e-08
2e-08
2e-08
2e-08
2e-08
2e-08
2e-08
2e-08
2e-08
2e-08
2e-08
2e-08
2e-08
2e-08
2e-08
2e-08
2e-08
2e-08
2e-08
0.0002206023464307738
0.001252075900648254
0.006190899836479458
0.02559689374050619
0.06005521670889895
0.08634389672386732
0.0451757957572876
0.03874898131182809
0.03141183572447918
0.02453498179045836
0.02112087693901964
0.02015999235795481
0.02001388569218588
0.01998482164171779
0.01998792377764121
0.01999702126012283
0.01999924778064463
0.01999758909352775
0.0200007847818619
0.01999796937187065
0.0199920118922561
0.0199978635534366
0.01999623194702919
0.02000161448907964
0.01999815607825173
0.01999815902052615
0.02000161648267906
0.01999622916416842
0.01999786611400345
0.0199920123377701
0.01999796508651466
0.02000061733892173
0.01999713372728688
0.01999904910768514
0.02000125413533541
0.0199999619260663
0.0199987716237492
0.02002162122983647
0.02016064511219717
0.02113374753506115
0.02454707477930662
0.03141760912297022
0.0387545103069093
0.04517839018871413
0.08635360721079187
0.06006537205264467
0.02559969398311673
0.006190334353770149
0.001256915012889457
0.0002105798249870518
2.254225776419139e-05
6.23623422911833e-07
6.416251896013137e-08
2e-08
2e-08
2e-08
2e-08
2e-08
2e-08
2e-08
2e-08
2e-08
2e-08
2e-08
2e-08
2e-08
2e-08
2e-08
2e-08
2e-08
2e-08
2e-08
2e-08
2e-08
2e-08
2e-08
2e-08
2e-08
2e-08
2e-08
2e-08
0.0006300762349777193
0.00341216563727652
0.01658709643309163
0.05077038839981739
0.08683778939949707
0.0480040957259643
0.039329764485901
0.03249526836976261
0.02517238976722136
0.0211956346945367
0.0201377180004495
0.02001458368563066
0.01999427005345681
0.01999431389331908
0.01998590692018739
0.01999470111121448
0.01999360994217582
0.02000163529421061
0.01999230424931376
0.01999430777366789
0.02000149805785518
0.01999712327219588
0.01999435398487703
0.01999140016089558
0.01999122793437097
0.01999123030264414
0.01999140070692624
0.01999435272256265
0.0199971250583516
0.02000149792792946
0.01999429812795173
0.0199922087436537
0.02000112569322971
0.01999424645646413
0.02000139828264006
0.02000001749159754
0.02000977841241872
0.01999627009557392
0.02001896296294924
0.02015368549735035
0.02120251357341345
0.02517760725074007
0.0325055828122314
0.03933792905256151
0.04801584617816841
0.08685264165179635
0.05077795342433689
0.01658266700953185
0.00341957273747293
0.0006257944225377755
7.360898226896319e-05
3.22094627328633e-06
1.630632689109124e-07
2.725770595901622e-08
2e-08
2e-08
2e-08
2e-08
2e-08
2e-08
2e-08
2e-08
2e-08
2e-08
2e-08
2e-08
2e-08
2e-08
2e-08
2e-08
2e-08
2e-08
2e-08
2e-08
2e-08
2e-08
2e-08
2e-08
2e-08
2e-08
2e-08
0.001635933933645557
0.008915589394713526
0.03436263074704714
0.0746534358587912
0.05604801455738995
0.04348668121696673
0.0344294210296469
0.02644509343677608
0.02161588572090952
0.02017358004130207
0.02000691099001537
0.01999087107539694
0.0200082086750888
0.0199810586803956
0.01998950553542941
0.01998675974109904
0.02000209237803535
0.01999464705355726
0.01999927770703448
0.02000050796791321
0.01999048759561019
0.01998913773180371
0.01999220174281124
0.01999353704430539
0.0199946908811109
0.01999469128715464
0.01999353767797025
0.01999220215190388
0.01998913761275233
0.01999048531816805
0.02000049638938706
0.01999924916188358
0.01999467071277763
0.02000498705439188
0.0199951826441183
0.02000534940745148
0.01999027242748979
0.0200094775452806
0.019997087471952
0.02002303908461839
0.02017464817035913
0.02162248361256809
0.02645482235452153
0.03443412159773151
0.04349980066526084
0.05605707413272492
0.07466360024560777
0.03437129254828301
0.008911483628260877
0.00164127328741673
0.0002621704744430191
2.608517733954159e-05
6.38926423627885e-07
6.416251896013137e-08
2e-08
2e-08
2e-08
2e-08
2e-08
2e-08
2e-08
2e-08
2e-08
2e-08
2e-08
2e-08
2e-08
2e-08
2e-08
2e-08
2e-08
2e-08
2e-08
2e-08
2e-08
2e-08
2e-08
2e-08
2e-08
2e-08
2e-08
0.003908488592193016
0.02008506720839667
0.05660532394275605
0.08705207142821629
0.0456845472927639
0.0373161998312211
0.02877412482419486
0.02253163180269123
0.02030574791308847
0.02003308906989775
0.01998638054196438
0.02000000233853997
0.01999102869671805
0.01999878624088697
0.01997996075286842
0.01999029166579195
0.01999232829472284
0.01999772364504314
0.01999736576195316
0.01999198117355156
0.01999669509405992
0.02000499723050488
0.02000529453174864
0.02000293570135672
0.02000107958680371
0.02000107945640034
0.02000293692929997
0.02000529514271152
0.02000499467258008
0.01999669134788146
0.0199919825608642
0.01999748454453846
0.01999851401501581
0.01999594561327125
0.02000053445449507
0.01999388030610888
0.02000732875946013
0.01999183357551087
0.02001365199799255
0.0199941821056232
0.02003221973059166
0.02031646865484934
0.02253762127307696
0.02877900318572233
0.0373233821707054
0.04569129373966577
0.08706851649915769
0.05661567106699552
0.02007248050631991
0.003933095825939411
0.0006747548386778462
7.325993048133303e-05
3.012469672908937e-06
1.432585827898514e-07
2.25708195800145e-08
2e-08
2e-08
2e-08
2e-08
2e-08
2e-08
2e-08
2e-08
2e-08
2e-08
2e-08
2e-08
2e-08
2e-08
2e-08
2e-08
2e-08
2e-08
2e-08
2e-08
2e-08
2e-08
2e-08
2e-08
2e-08
2e-08
0.00894973962255213
0.0358879642968201
0.07829315307235721
0.05090943325158562
0.04017657661134276
0.03211152142386819
0.02439022803690285
0.02070123205862233
0.02003699140152622
0.01999732179747839
0.01999950913238236
0.01998362742666321
0.02000489501361001
0.01999054181414775
0.01998664797302698
0.01998810613508923
0.01999311450347369
0.01999248669209587
0.01999488586911598
0.02000402981156701
0.02000396960934483
0.01999500551638266
0.0199875696222247
0.01998392466409813
0.01998298167019204
0.01998298309781942
0.01998392486017117
0.01998756905572772
0.01999500454782525
0.0200039565751918
0.02000404745974545
0.01999517049674183
0.01999411306907476
0.01999835468544126
0.0199990275455606
0.01999915909939965
0.01999613340625267
0.02000959634104264
0.01999331350851913
0.02000564565905347
0.01999926264321971
0.02004901960712081
0.02070069965314057
0.02439560215143807
0.03211835742197333
0.04018363107700312
0.05092862102981102
0.07830199009266178
0.03588427003418035
0.008965112150002483
0.001524127565929138
0.0002274187683972225
2.163878179364599e-05
3.55705291922281e-07
4.666500369787663e-08
2e-08
2e-08
2e-08
2e-08
2e-08
2e-08
2e-08
2e-08
2e-08
2e-08
2e-08
2e-08
2e-08
2e-08
2e-08
2e-08
2e-08
2e-08
2e-08
2e-08
2e-08
2e-08
2e-08
2e-08
2e-08
2e-08
5.761181341944575e-05
0.0003906908237490214
0.002121048718012403
0.009776785495232461
0.03425544465085921
0.06846476061263797
0.07086461243191695
0.04597062749237397
0.03865714262332889
0.03106914074244563
0.02476055369676632
0.02135191558814679
0.02020566095460646
0.02001091300494091
0.01999376009011507
0.02000108425242485
0.02000454118546353
0.02000331204656337
0.01999680436113693
0.01999606321045564
0.02000152707259666
0.01998782471636419
0.01999532059927696
0.01998836572958873
0.01999112668175574
0.0199911305319555
0.01998836701932579
0.01999531721696908
0.01998782596591866
0.02000153355755083
0.01999605482251857
0.01999671697850671
0.02000261371387897
0.02000314505729802
0.02000304138423934
0.02000380058378683
0.02003166468174979
0.02021850917687376
0.02135356502929481
0.02476845485124011
0.03108273923327079
0.03866367633044895
0.04596935501603257
0.07092224929845999
0.06846413056289001
0.03425998761116543
0.009779686906530846
0.002119902481316451
0.0003918638754469983
5.213405100097543e-05
2.501001797288385e-06
1.342910308610445e-07
2.403445990228903e-08
2e-08
2e-08
2e-08
2e-08
2e-08
2e-08
2e-08
2e-08
2e-08
2e-08
2e-08
2e-08
2e-08
2e-08
2e-08
2e-08
2e-08
2e-08
2e-08
2e-08
2e-08
2e-08
2e-08
2e-08
2e-08
2e-08
2e-08
2e-08
0.0002206023464307953
0.001252075900648205
0.006190899836479006
0.02559689374050684
0.06005521670889919
0.08634389672386886
0.04517579575728613
0.03874898131182906
0.03141183572447814
0.0245349817904588
0.02112087693901933
0.02015999235795491
0.02001388569218609
0.0199848216417175
0.01998792377764127
0.01999702126012238
0.0199992477806442
0.0199975890935286
0.02000078478186157
0.01999796937187069
0.01999201189225663
0.01999786355343656
0.01999623194702877
0.02000161448907949
0.01999815607825206
0.01999815902052607
0.02000161648267847
0.0199962291641691
0.01999786611400329
0.01999201233777025
0.0199979650865144
0.02000061733892165
0.01999713372728718
0.01999904910768487
0.02000125413533445
0.01999996192606673
0.01999877162374954
0.02002162122983618
0.02016064511219711
0.02113374753506088
0.02454707477930562
0.03141760912296991
0.03875451030690918
0.04517839018871424
0.08635360721079433
0.0600653720526443
0.02559969398311499
0.006190334353770166
0.00125691501288964
0.0002105798249870179
2.254225776419023e-05
6.236234229135552e-07
6.416251896013137e-08
2e-08
2e-08
2e-08
2e-08
2e-08
2e-08
2e-08
2e-08
2e-08
2e-08
2e-08
2e-08
2e-08
2e-08
2e-08
2e-08
2e-08
2e-08
2e-08
2e-08
2e-08
2e-08
2e-08
2e-08
2e-08
2e-08
2e-08
2e-08
0.0006300762349778403
0.003412165637276132
0.01658709643309175
0.05077038839981916
0.08683778939949879
0.04800409572596363
0.03932976448590203
0.03249526836976357
0.02517238976722188
0.02119563469453703
0.02013771800044849
0.020014583685631
0.01999427005345734
0.0199943138933186
0.01998590692018737
0.01999470111121401
0.01999360994217591
0.02000163529420981
0.01999230424931377
0.01999430777366673
0.02000149805785489
0.01999712327219567
0.01999435398487686
0.01999140016089575
0.01999122793437161
0.01999123030264396
0.01999140070692583
0.01999435272256198
0.01999712505835161
0.02000149792793006
0.01999429812795166
0.01999220874365339
0.02000112569323016
0.01999424645646478
0.02000139828264016
0.02000001749159747
0.02000977841241916
0.01999627009557407
0.02001896296294914
0.02015368549735014
0.02120251357341449
0.02517760725073941
0.03250558281222999
0.03933792905256292
0.04801584617816851
0.08685264165179503
0.05077795342433354
0.01658266700953112
0.003419572737472672
0.0006257944225377549
7.360898226895333e-05
3.220946273288822e-06
1.630632689109124e-07
2.725770595901622e-08
2e-08
2e-08
2e-08
2e-08
2e-08
2e-08
2e-08
2e-08
2e-08
2e-08
2e-08
2e-08
2e-08
2e-08
2e-08
2e-08
2e-08
2e-08
2e-08
2e-08
2e-08
2e-08
2e-08
2e-08
2e-08
2e-08
2e-08
0.001635933933645188
0.008915589394714526
0.03436263074705057
0.07465343585878577
0.05604801455739143
0.04348668121696755
0.03442942102964756
0.02644509343677683
0.02161588572090834
0.0201735800413031
0.02000691099001561
0.01999087107539713
0.02000820867508879
0.01998105868039602
0.01998950553542983
0.01998675974109945
0.02000209237803558
0.01999464705355739
0.01999927770703473
0.02000050796791372
0.01999048759561081
0.01998913773180296
0.01999220174281035
0.01999353704430611
0.01999469088111003
0.01999469128715462
0.01999353767797045
0.01999220215190353
0.01998913761275199
0.01999048531816829
0.02000049638938706
0.01999924916188241
0.01999467071277717
0.02000498705439253
0.01999518264411884
0.02000534940745106
0.01999027242748933
0.02000947754527941
0.01999708747195244
0.02002303908461737
0.0201746481703583
0.02162248361256909
0.02645482235452035
0.03443412159773073
0.043499800665261
0.05605707413272832
0.07466360024560763
0.03437129254828355
0.008911483628260433
0.001641273287416729
0.000262170474443022
2.608517733953343e-05
6.389264236272074e-07
6.416251896013137e-08
2e-08
2e-08
2e-08
2e-08
2e-08
2e-08
2e-08
2e-08
2e-08
2e-08
2e-08
2e-08
2e-08
2e-08
2e-08
2e-08
2e-08
2e-08
2e-08
2e-08
2e-08
2e-08
2e-08
2e-08
2e-08
2e-08
2e-08
0.003908488592192438
0.02008506720839721
0.056605323942758
0.0870520714282102
0.04568454729276447
0.03731619983122141
0.02877412482419467
0.02253163180269064
0.02030574791308866
0.02003308906989919
0.01998638054196336
0.02000000233854015
0.01999102869671829
0.01999878624088739
0.01997996075286838
0.01999029166579187
0.01999232829472265
0.01999772364504358
0.01999736576195275
0.01999198117355063
0.01999669509405928
0.02000499723050595
0.02000529453174978
0.02000293570135701
0.02000107958680297
0.02000107945640069
0.02000293692929968
0.0200052951427126
0.02000499467257904
0.01999669134788175
0.01999198256086447
0.01999748454453911
0.01999851401501644
0.01999594561327
0.02000053445449545
0.01999388030610826
0.02000732875945973
0.01999183357551034
0.02001365199799372
0.01999418210562304
0.02003221973059234
0.02031646865484985
0.02253762127307789
0.02877900318572233
0.03732338217070635
0.04569129373966529
0.08706851649914962
0.05661567106699272
0.02007248050631777
0.003933095825939438
0.0006747548386779264
7.325993048134304e-05
3.012469672907319e-06
1.432585827898514e-07
2.25708195800145e-08
2e-08
2e-08
2e-08
2e-08
2e-08
2e-08
2e-08
2e-08
2e-08
2e-08
2e-08
2e-08
2e-08
2e-08
2e-08
2e-08
2e-08
2e-08
2e-08
2e-08
2e-08
2e-08
2e-08
2e-08
2e-08
2e-08
0.008949739622551817
0.03588796429682034
0.07829315307235435
0.05090943325158551
0.04017657661134375
0.03211152142386758
0.02439022803690302
0.02070123205862243
0.0200369914015251
0.01999732179747856
0.01999950913238206
0.0199836274266629
0.02000489501361015
0.01999054181414789
0.01998664797302743
0.01998810613508896
0.01999311450347311
0.01999248669209582
0.01999488586911582
0.02000402981156743
0.02000396960934545
0.01999500551638313
0.01998756962222486
0.01998392466409891
0.01998298167019178
0.01998298309781957
0.01998392486017063
0.01998756905572842
0.01999500454782531
0.02000395657519185
0.02000404745974429
0.01999517049674153
0.01999411306907487
0.01999835468544162
0.01999902754556084
0.01999915909939949
0.01999613340625246
0.02000959634104305
0.0199933135085192
0.02000564565905443
0.01999926264321898
0.02004901960712061
0.02070069965314048
0.02439560215143911
0.03211835742197264
0.04018363107700349
0.05092862102981303
0.07830199009266751
0.03588427003418096
0.008965112150002199
0.001524127565928737
0.0002274187683972398
2.163878179364807e-05
3.55705291923062e-07
4.666500369787663e-08
2e-08
2e-08
2e-08
2e-08
2e-08
2e-08
2e-08
2e-08
2e-08
2e-08
2e-08
2e-08
2e-08
2e-08
2e-08
2e-08
2e-08
2e-08
2e-08
2e-08
2e-08
2e-08
2e-08
2e-08
2e-08
2e-08
