FiniteElementSpace
FiniteElementCollection: H1_2D_P1
VDim: 1
Ordering: 0

0.0003135129956095674
0.001610711094276342
0.006446441382995969
0.01432107588690772
0.0185816864881033
0.01970637173538627
0.01993702360350767
0.01998924452554498
0.01999695619536267
0.0199984168423036
0.02000096656946403
0.01999878740942399
0.02000135432657663
0.0200000669624033
0.01999929111647643
0.02000053772180255
0.02000087166165136
0.02000072515406578
0.02000016708957476
0.01999977442952536
0.01999970190880974
0.01999968077253468
0.01999971702573972
0.01999976443817644
0.01999979362789202
0.0199998210711806
0.01999983271076226
0.01999984015875378
0.01999984015854099
0.01999983271078308
0.01999982107032917
0.01999979362229475
0.01999976444472666
0.01999971706849142
0.01999968073500508
0.01999970178162973
0.01999977464539776
0.02000016712056251
0.02000072470160455
0.02000087228292968
0.02000053741204525
0.01999929077063612
0.02000006800155184
0.02000128777418822
0.01999855364695202
0.02000115196689017
0.01999930990411151
0.01999657380276139
0.01998904310057023
0.01993802145527548
0.01970550637244421
0.01858255230503337
0.01432085656576787
0.006446504733499206
0.001610748286102795
0.0003134977201891283
5.672369145192525e-05
1.001009052415902e-05
1.734496548536391e-06
2.954296529011744e-07
5.003780357060173e-08
2e-08
2e-08
2e-08
2e-08
2e-08
2e-08
2e-08
2e-08
2e-08
2e-08
2e-08
2e-08
2e-08
2e-08
2e-08
2e-08
2e-08
2e-08
2e-08
2e-08
2e-08
2e-08
2e-08
2e-08
2e-08
2e-08
2e-08
2e-08
2e-08
2e-08
2e-08
2e-08
2e-08
2e-08
2e-08
2e-08
0.0008371262822049676
0.003952295236553932
0.0115934263226982
0.01765870240973646
0.01951708566110548
0.01990609275387516
0.01998180177513664
0.01999589211445344
0.01999954271092657
0.0200003554234698
0.01999819956645894
0.02000154660950032
0.02000004174281095
0.01999936942002024
0.02000077560750409
0.02000083700128745
0.02000048690217941
0.01999987822664304
0.01999965650624421
0.0199997159893648
0.01999974096616624
0.01999980518975412
0.01999984885659141
0.01999986947645169
0.01999988589872972
0.01999989067611411
0.0199998947472105
0.0199998960272881
0.01999989602707752
0.01999989474725017
0.01999989067497192
0.01999988589271778
0.01999986948625381
0.01999984890199916
0.01999980513111256
0.01999974085279997
0.01999971625313671
0.01999965642879921
0.0199998778539201
0.02000048757000681
0.02000083649496073
0.02000077558756082
0.01999936993178966
0.01999995498767083
0.02000128777418833
0.01999856763832981
0.0200012498254467
0.01999873798279024
0.01999624272073421
0.01998248572369172
0.01990514317923731
0.01951846408542708
0.0176575723044337
0.01159445003432319
0.003951905710134975
0.0008372130262225161
0.0001501971378850364
2.598305327630424e-05
4.395683762465931e-06
7.315818056377609e-07
1.213803580435435e-07
2e-08
2e-08
2e-08
2e-08
2e-08
2e-08
2e-08
2e-08
2e-08
2e-08
2e-08
2e-08
2e-08
2e-08
2e-08
2e-08
2e-08
2e-08
2e-08
2e-08
2e-08
2e-08
2e-08
2e-08
2e-08
2e-08
2e-08
2e-08
2e-08
2e-08
2e-08
2e-08
2e-08
2e-08
2e-08
2e-08
0.002037040364892678
0.007975015460097046
0.01581934723936922
0.01910517119397684
0.01983210681180042
0.01996935107387928
0.01999479984647603
0.01999699784808009
0.02000236459046533
0.01999785617928726
0.02000056882562229
0.02000033451976998
0.01999947691336455
0.02000084621823051
0.02000077740677416
0.02000033856149682
0.01999973573765681
0.01999965431191261
0.01999976852722212
0.01999979029326329
0.01999985941062275
0.01999988663094097
0.01999989479142338
0.01999990264721369
0.01999990283647678
0.01999990509784944
0.01999990617419634
0.0199999063573005
0.01999990635707894
0.01999990617425232
0.01999990509649931
0.01999990283005428
0.01999990266008785
0.01999989483726461
0.01999988655696667
0.01999985931347895
0.01999979057888686
0.01999976838352507
0.01999965398961507
0.01999973644559134
0.02000033792519213
0.02000077748230268
0.02000084688446057
0.01999936993178974
0.02000006800155182
0.02000109191248875
0.01999866330547702
0.02000134161714906
0.01999778101305959
0.01999507335266356
0.0199686791844028
0.01983326522626715
0.01910427352201426
0.01582032008745296
0.007974324989663526
0.002037463787389282
0.0003780849519022514
6.414946008584633e-05
1.058447941965355e-05
1.737222489820818e-06
2.794301391316976e-07
4.479111629263066e-08
2e-08
2e-08
2e-08
2e-08
2e-08
2e-08
2e-08
2e-08
2e-08
2e-08
2e-08
2e-08
2e-08
2e-08
2e-08
2e-08
2e-08
2e-08
2e-08
2e-08
2e-08
2e-08
2e-08
2e-08
2e-08
2e-08
2e-08
2e-08
2e-08
2e-08
2e-08
2e-08
2e-08
2e-08
2e-08
0.004397744617234488
0.01253780371737366
0.01817073521707971
0.01966201326247374
0.01993721915752205
0.01999126946410711
0.01999660457699944
0.02000009883136464
0.02000007429811021
0.01999992768098368
0.01999976596493399
0.01999955794474735
0.0200008964137656
0.02000077705341978
0.0200002896891193
0.01999968401721706
0.01999967508743117
0.01999980441999072
0.01999981617597279
0.01999988812881755
0.01999989972812551
0.01999990112169237
0.01999990657238102
0.01999990576981684
0.01999990844170183
0.01999990883440102
0.01999990844361903
0.01999990875862856
0.01999990875840655
0.019999908443702
0.01999990883283407
0.01999990843518435
0.01999990578448273
0.01999990661823948
0.01999990103927208
0.01999989964014307
0.01999988842808296
0.01999981598737112
0.01999980414138499
0.01999967580863808
0.01999968327559677
0.02000028995251437
0.02000077748230302
0.02000077558756077
0.01999929077063582
0.02000038747297887
0.02000065132319549
0.01999896668828531
0.0200011541004354
0.01999653340930841
0.019990902741689
0.01993817750992758
0.01966114002712826
0.01817183608165838
0.01253690982539811
0.004398322492274153
0.0008881903465399227
0.0001501339333607678
2.44470589904926e-05
3.908081784791436e-06
6.154619150771954e-07
9.72603899807023e-08
2e-08
2e-08
2e-08
2e-08
2e-08
2e-08
2e-08
2e-08
2e-08
2e-08
2e-08
2e-08
2e-08
2e-08
2e-08
2e-08
2e-08
2e-08
2e-08
2e-08
2e-08
2e-08
2e-08
2e-08
2e-08
2e-08
2e-08
2e-08
2e-08
2e-08
2e-08
2e-08
2e-08
2e-08
2e-08
0.007975722003412143
0.01603779477798089
0.01921931897726526
0.01986412288292407
0.01997767399569251
0.01999520270082165
0.02000035798118725
0.01999852174686523
0.02000105430798331
0.02000010586282318
0.01999860650405502
0.02000080602882435
0.02000096244710914
0.02000033760449096
0.01999968299883288
0.01999968659729141
0.0199998191627683
0.01999982739540728
0.01999990430651095
0.01999990204964287
0.01999990229710622
0.01999990876249492
0.01999990724018991
0.01999990979567793
0.01999990862562511
0.01999990793965536
0.01999990826907017
0.01999990795033965
0.01999990795012744
0.01999990826912714
0.01999990793808226
0.01999990861893568
0.01999990981091453
0.01999990728675648
0.01999990867651307
0.01999990221340455
0.01999990234961013
0.01999990410546509
0.01999982714282527
0.01999981985111594
0.01999968588014332
0.01999968327559673
0.02000033792519205
0.02000083649496086
0.0200005374120455
0.0199992589696071
0.02000080236296917
0.0199999523641278
0.0199996327857175
0.02000020044524401
0.01999492448076133
0.01997849085725966
0.01986356417611518
0.01921976652130487
0.01603771596784214
0.007975794633743705
0.001927003860190369
0.000333179545516122
5.332765460038791e-05
8.379458774634727e-06
1.296861639849763e-06
1.998139506653729e-07
3.058384937859593e-08
2e-08
2e-08
2e-08
2e-08
2e-08
2e-08
2e-08
2e-08
2e-08
2e-08
2e-08
2e-08
2e-08
2e-08
2e-08
2e-08
2e-08
2e-08
2e-08
2e-08
2e-08
2e-08
2e-08
2e-08
2e-08
2e-08
2e-08
2e-08
2e-08
2e-08
2e-08
2e-08
2e-08
2e-08
0.01189197992795187
0.01804758585162942
0.01965870045858605
0.019944822430871
0.01998991664307803
0.01999864477218373
0.02000041437923203
0.01999828676383405
0.02000205966443527
0.01999873154872402
0.01999951070532833
0.02000114515433918
0.02000060991320919
0.01999973576523038
0.01999967563774154
0.01999982057231589
0.01999982959003636
0.01999991143770054
0.0199999018706141
0.01999990250012639
0.01999991051633876
0.01999990783503343
0.01999990968352309
0.01999990749682102
0.01999990763282011
0.01999990832363621
0.01999990811937651
0.01999990839241906
0.01999990839218758
0.01999990811946827
0.01999990832204321
0.01999990762612337
0.01999990751148369
0.01999990973019452
0.01999990775462918
0.01999991042388875
0.01999990279523163
0.01999990169903679
0.01999991113987439
0.01999983031892493
0.01999981985111588
0.019999675808638
0.01999973644559156
0.02000048757000685
0.02000087228292955
0.02000012420004005
0.01999947623904863
0.02000101919812295
0.01999927902620925
0.02000037488628912
0.01999830606679584
0.01999068064946596
0.01994440167436439
0.0196590585073783
0.0180474317916424
0.0118919712961469
0.003760527542795433
0.0006969170798920984
0.0001106099855468811
1.711383890303828e-05
2.605077637612334e-06
3.922047762761975e-07
5.908234714246952e-08
2e-08
2e-08
2e-08
2e-08
2e-08
2e-08
2e-08
2e-08
2e-08
2e-08
2e-08
2e-08
2e-08
2e-08
2e-08
2e-08
2e-08
2e-08
2e-08
2e-08
2e-08
2e-08
2e-08
2e-08
2e-08
2e-08
2e-08
2e-08
2e-08
2e-08
2e-08
2e-08
2e-08
2e-08
0.01510725614246493
0.01904678212180113
0.01984163614698765
0.01997732812349454
0.01999398668045994
0.02000096846728323
0.01999892896100321
0.01999993004033566
0.02000097173127098
0.01999882264492044
0.02000021245606972
0.02000100443628331
0.01999998638856092
0.01999965376652659
0.0199998039599556
0.01999982774023292
0.01999991048348034
0.01999990143672493
0.01999990342814138
0.01999991126720052
0.01999990759077117
0.01999990933517093
0.01999990692794749
0.01999990819879755
0.01999990893944111
0.0199999085827146
0.01999990881576803
0.01999990867384326
0.01999990867363977
0.01999990881579796
0.01999990858133454
0.01999990893277269
0.01999990821118781
0.01999990697654305
0.01999990926328435
0.01999990748617765
0.01999991154949653
0.0199999032952357
0.01999990112773114
0.01999991113987453
0.01999982714282521
0.01999980414138511
0.01999965398961499
0.01999987785392022
0.02000072470160461
0.02000072094750197
0.01999968245578301
0.02000003348198178
0.0200006870242157
0.01999915713168646
0.02000033773459321
0.01999520216948717
0.0199761380162108
0.01984296885963928
0.01904577232255857
0.015107641062761
0.006447632087858221
0.001349502358945807
0.0002178692705170786
3.30232929020524e-05
4.937994915809623e-06
7.31448313795902e-07
1.086531258043255e-07
2e-08
2e-08
2e-08
2e-08
2e-08
2e-08
2e-08
2e-08
2e-08
2e-08
2e-08
2e-08
2e-08
2e-08
2e-08
2e-08
2e-08
2e-08
2e-08
2e-08
2e-08
2e-08
2e-08
2e-08
2e-08
2e-08
2e-08
2e-08
2e-08
2e-08
2e-08
2e-08
2e-08
2e-08
0.01718958348004082
0.01951770778627569
0.01992429386631809
0.01998880810848895
0.01999744100974394
0.02000051138142647
0.01999924747119884
0.02000028538907635
0.02000026060040104
0.01999929295000775
0.02000057034440301
0.02000044293945919
0.01999974872607554
0.01999976733957681
0.01999981616024843
0.01999990459227436
0.01999990101121475
0.01999990370998035
0.01999991195262855
0.01999990688213999
0.0199999091253602
0.01999990705151359
0.01999990884910004
0.01999990912116385
0.01999990840461349
0.01999990853175979
0.01999990829099244
0.01999990831595606
0.01999990831572364
0.01999990829105507
0.01999990853053451
0.01999990839808951
0.01999990913093551
0.01999990889687354
0.01999990699838476
0.01999990900058891
0.01999990713387969
0.01999991191674654
0.01999990329523612
0.01999990169903621
0.01999990410546501
0.0199998159873711
0.01999976838352458
0.01999965642879887
0.0200001671205627
0.02000092331558731
0.02000024920821889
0.01999959860436742
0.02000056625502809
0.01999993036110457
0.01999962948550056
0.01999859083402264
0.01998801461408756
0.01992508081233619
0.01951710266421197
0.01718992105243107
0.009577317541692476
0.002426731514288483
0.000401731323345999
6.029258224041231e-05
8.859336628577255e-06
1.295547549174023e-06
1.890483135846832e-07
2.754598634635563e-08
2e-08
2e-08
2e-08
2e-08
2e-08
2e-08
2e-08
2e-08
2e-08
2e-08
2e-08
2e-08
2e-08
2e-08
2e-08
2e-08
2e-08
2e-08
2e-08
2e-08
2e-08
2e-08
2e-08
2e-08
2e-08
2e-08
2e-08
2e-08
2e-08
2e-08
2e-08
2e-08
2e-08
0.01838551564769829
0.01974271267290004
0.01996101368963687
0.0199942817968747
0.01999883571047199
0.02000018351331039
0.01999959158800389
0.02000024822318106
0.01999994497217673
0.01999980943013084
0.02000042268301856
0.0200000385285952
0.01999978767121598
0.01999979006649205
0.01999988872870417
0.01999990253524974
0.01999990228935133
0.01999991196426028
0.01999990708738965
0.01999990873389036
0.01999990726505564
0.01999990929431286
0.01999990891006217
0.01999990802403633
0.0199999083307285
0.0199999081663281
0.01999990827287866
0.01999990827840239
0.01999990827822101
0.01999990827285627
0.01999990816541478
0.01999990832460247
0.01999990802979501
0.01999990895782713
0.01999990926039328
0.01999990712697615
0.01999990894027573
0.01999990713388012
0.01999991154949643
0.01999990279523202
0.01999990234961038
0.01999988842808297
0.01999979057888782
0.01999971625313679
0.0199997746453976
0.02000060217511709
0.02000079207197529
0.01999967429165614
0.02000010006753832
0.02000044106261804
0.01999947675027903
0.01999967028261733
0.01999367817023762
0.01996178363299721
0.0197420157323273
0.01838617400579813
0.01253562926105431
0.003951982440166511
0.0006969033874734763
0.0001040531277077214
1.513261326566057e-05
2.178625422196215e-06
3.127765483644791e-07
4.479111629263066e-08
2e-08
2e-08
2e-08
2e-08
2e-08
2e-08
2e-08
2e-08
2e-08
2e-08
2e-08
2e-08
2e-08
2e-08
2e-08
2e-08
2e-08
2e-08
2e-08
2e-08
2e-08
2e-08
2e-08
2e-08
2e-08
2e-08
2e-08
2e-08
2e-08
2e-08
2e-08
2e-08
2e-08
0.01904473710368088
0.01985488246057694
0.01997853011849935
0.01999688803066714
0.01999940504159388
0.0200000219101637
0.01999983656516664
0.02000009885020407
0.01999994194464475
0.02000003863610617
0.02000011917684897
0.01999993651668585
0.01999979573630042
0.0199998582723072
0.01999990022075817
0.0199999022010843
0.0199999100064663
0.01999990795468618
0.01999990883187982
0.01999990699282421
0.01999990950222831
0.01999990878946146
0.01999990778831501
0.01999990836868277
0.01999990827863352
0.01999990842841446
0.01999990845109498
0.01999990845894445
0.01999990845875594
0.01999990845108707
0.01999990842770064
0.01999990827299623
0.01999990837121808
0.01999990783124555
0.01999990878193847
0.01999990935582256
0.01999990712697716
0.01999990900058967
0.01999990748617908
0.01999991042388962
0.01999990221340558
0.01999989964014427
0.01999985931347977
0.01999974085280083
0.01999970178163089
0.02000013531477245
0.02000093065914383
0.0200001442837083
0.01999966267864203
0.02000058035017567
0.01999973129608141
0.01999970975647628
0.01999685794049457
0.01997872319492826
0.01985472521217743
0.01904495662070085
0.01485397485166279
0.005870395937317925
0.001128514608103042
0.0001696644383324197
2.444228987081208e-05
3.477703880755861e-06
4.930012183103588e-07
6.976172432615613e-08
2e-08
2e-08
2e-08
2e-08
2e-08
2e-08
2e-08
2e-08
2e-08
2e-08
2e-08
2e-08
2e-08
2e-08
2e-08
2e-08
2e-08
2e-08
2e-08
2e-08
2e-08
2e-08
2e-08
2e-08
2e-08
2e-08
2e-08
2e-08
2e-08
2e-08
2e-08
2e-08
2e-08
0.01940505472941948
0.01991267288772739
0.01998731485294896
0.01999818221301235
0.0199996647327578
0.01999995750263973
0.01999997848621376
0.01999995943185388
0.02000004968663317
0.01999997416012916
0.01999998911938831
0.01999988289401135
0.01999984437808748
0.01999988582036728
0.01999990180713912
0.01999990827189014
0.01999990766199333
0.019999909627754
0.01999990675801306
0.01999990921259063
0.01999990891673425
0.01999990776954092
0.0199999084197589
0.0199999083589016
0.01999990850341524
0.01999990848571683
0.01999990845604278
0.01999990846266467
0.01999990846254643
0.01999990845596035
0.01999990848524573
0.0199999084985308
0.01999990835788084
0.01999990845763235
0.01999990778320097
0.01999990878193783
0.01999990926039269
0.01999990699838456
0.01999990926328307
0.01999990775462792
0.01999990867651176
0.01999990103927078
0.01999988655696551
0.01999980513111193
0.0199996807350044
0.01999988587115176
0.02000068335042664
0.0200006405451342
0.01999954704927677
0.02000036205760682
0.0200001330400715
0.01999953261771049
0.01999855911034907
0.01998711677297142
0.01991295708841443
0.01940485600491909
0.01646981841671287
0.00797484676329637
0.00171368774449538
0.000261382616014223
3.713001735161698e-05
5.216764275595891e-06
7.3121267444652e-07
1.027990542512569e-07
2e-08
2e-08
2e-08
2e-08
2e-08
2e-08
2e-08
2e-08
2e-08
2e-08
2e-08
2e-08
2e-08
2e-08
2e-08
2e-08
2e-08
2e-08
2e-08
2e-08
2e-08
2e-08
2e-08
2e-08
2e-08
2e-08
2e-08
2e-08
2e-08
2e-08
2e-08
2e-08
2e-08
0.01960915866346225
0.01994386539331859
0.01999192616668025
0.01999890723831989
0.0199997172595394
0.02000003236828187
0.01999992700120932
0.01999997640289787
0.02000001567626508
0.01999992188857833
0.01999991874742654
0.01999988430804094
0.01999987638427478
0.01999989460079662
0.01999990723859564
0.01999990672096523
0.01999990990707079
0.01999990719033022
0.01999990862704532
0.01999990899656669
0.01999990794142175
0.01999990842498436
0.01999990835024931
0.01999990850912083
0.01999990846544083
0.01999990841693535
0.01999990842734409
0.01999990840241888
0.01999990840234914
0.01999990842724888
0.01999990841659046
0.01999990846134154
0.0199999085057469
0.01999990838007711
0.019999908457627
0.01999990783123946
0.01999990895782172
0.01999990889686753
0.01999990697653726
0.01999990973018905
0.01999990728675078
0.01999990661823405
0.01999989483725912
0.01999984890199368
0.01999971706848639
0.01999974092163675
0.02000041281576977
0.02000083836908738
0.01999980609835533
0.01999992731765285
0.02000053787562887
0.01999941604855834
0.01999924577663244
0.0199919632082945
0.01994380404696877
0.01960933511587228
0.01751411514981068
0.009915992328226269
0.002426572382240768
0.0003782397680610021
5.332500655534017e-05
7.457090190014302e-06
1.031908717405971e-06
1.433202761613739e-07
2e-08
2e-08
2e-08
2e-08
2e-08
2e-08
2e-08
2e-08
2e-08
2e-08
2e-08
2e-08
2e-08
2e-08
2e-08
2e-08
2e-08
2e-08
2e-08
2e-08
2e-08
2e-08
2e-08
2e-08
2e-08
2e-08
2e-08
2e-08
2e-08
2e-08
2e-08
2e-08
2e-08
0.01972487009081573
0.01996113081007514
0.01999449242956484
0.01999923182323824
0.01999982386588431
0.0199999850254399
0.01999992993895814
0.01999995740753378
0.01999996874948772
0.01999988853529792
0.01999989711908429
0.01999989845528662
0.01999988920524855
0.01999990298642177
0.01999990592349183
0.01999990936214206
0.01999990786107013
0.01999990822897621
0.01999990890035491
0.01999990813554773
0.0199999084453521
0.01999990831365068
0.01999990848423995
0.01999990845480571
0.01999990840472079
0.01999990841532307
0.01999990838934167
0.01999990840834914
0.01999990840834316
0.01999990838924306
0.01999990841503997
0.01999990840140171
0.01999990844988985
0.01999990850574728
0.01999990835787986
0.01999990837122014
0.01999990802980067
0.01999990913094253
0.01999990821119714
0.01999990751149324
0.01999990981092486
0.01999990578449279
0.01999990266009646
0.01999986948626173
0.0199997644447321
0.01999968172736656
0.02000017695192836
0.02000086904670197
0.0200000908724367
0.01999971113572218
0.02000054894615394
0.01999962803574468
0.01999950571708591
0.01999437633153783
0.01996142690987318
0.01972464212478478
0.01817293959728851
0.01159430767177663
0.003195556888406186
0.0005140455292318403
7.248759094718971e-05
1.001222366273665e-05
1.379333425382258e-06
1.890483135846832e-07
2.606184318354465e-08
2e-08
2e-08
2e-08
2e-08
2e-08
2e-08
2e-08
2e-08
2e-08
2e-08
2e-08
2e-08
2e-08
2e-08
2e-08
2e-08
2e-08
2e-08
2e-08
2e-08
2e-08
2e-08
2e-08
2e-08
2e-08
2e-08
2e-08
2e-08
2e-08
2e-08
2e-08
2e-08
0.01979196921750185
0.01997122800250368
0.01999594651282885
0.01999943407514396
0.0199998403394395
0.01999995736124717
0.0199999259623852
0.01999992559439484
0.01999993769921132
0.0199998756599976
0.0199999006874895
0.01999990350885336
0.01999989993603865
0.01999990352119623
0.01999990823470714
0.01999990833232137
0.01999990806987184
0.01999990874789791
0.01999990826400688
0.01999990846763992
0.01999990830601508
0.01999990845148956
0.01999990844658473
0.01999990840738292
0.01999990841596837
0.01999990839154362
0.01999990841507433
0.01999990840520421
0.01999990840529065
0.01999990841497008
0.01999990839127405
0.01999990841338144
0.01999990840142168
0.01999990846136029
0.01999990849854792
0.01999990827301441
0.01999990832461868
0.01999990839810504
0.01999990893278498
0.01999990762613509
0.01999990861894631
0.01999990843519529
0.01999990283006644
0.01999988589273131
0.01999979362231032
0.01999968000015618
0.01999999985703801
0.02000080261854712
0.02000036188774935
0.01999955825802558
0.02000054968523799
0.01999978173548535
0.01999943177351232
0.01999639210471446
0.01997076072612302
0.01979258240850299
0.01858280841883134
0.01285068960966819
0.00395138871208751
0.0006529504328575743
9.201254759463951e-05
1.267220582566249e-05
1.732567312675307e-06
2.379499359118654e-07
3.232550670473345e-08
2e-08
2e-08
2e-08
2e-08
2e-08
2e-08
2e-08
2e-08
2e-08
2e-08
2e-08
2e-08
2e-08
2e-08
2e-08
2e-08
2e-08
2e-08
2e-08
2e-08
2e-08
2e-08
2e-08
2e-08
2e-08
2e-08
2e-08
2e-08
2e-08
2e-08
2e-08
2e-08
0.01983293984886709
0.01997691201289607
0.01999676402730376
0.01999952972183251
0.01999983794147876
0.01999994797133299
0.01999990388122663
0.0199999093318016
0.01999991842722257
0.01999988197317771
0.0199999018606675
0.0199999099383358
0.01999990262528624
0.01999990566295982
0.01999990824717654
0.0199999080923144
0.01999990857754864
0.01999990832814766
0.01999990849205886
0.01999990831386339
0.01999990843090661
0.01999990843625839
0.0199999084088788
0.01999990842085742
0.01999990839337623
0.01999990841676455
0.01999990840671494
0.0199999084085033
0.01999990840861142
0.01999990840671615
0.01999990841637533
0.01999990839128503
0.01999990841505112
0.0199999084165841
0.0199999084852273
0.01999990842767303
0.01999990816538185
0.01999990853049523
0.01999990858129455
0.0199999083219995
0.01999990793804027
0.01999990883279078
0.0199999050964586
0.01999989067493281
0.01999982107029474
0.01999968128849568
0.01999990290993506
0.02000070337193402
0.02000052614738939
0.01999959053469703
0.02000034046033677
0.0200000719921726
0.01999940954939313
0.01999703004990658
0.01997696638898834
0.01983294142262743
0.0188353642988095
0.01375374389097865
0.004613368726980854
0.0007846748461486335
0.0001106010669294982
1.513692330458712e-05
2.059450559885889e-06
2.808861788760432e-07
3.816848418880526e-08
2e-08
2e-08
2e-08
2e-08
2e-08
2e-08
2e-08
2e-08
2e-08
2e-08
2e-08
2e-08
2e-08
2e-08
2e-08
2e-08
2e-08
2e-08
2e-08
2e-08
2e-08
2e-08
2e-08
2e-08
2e-08
2e-08
2e-08
2e-08
2e-08
2e-08
2e-08
2e-08
0.01985480452782394
0.01998017869813039
0.01999720393656974
0.01999957230165611
0.01999984904066368
0.01999991979703888
0.01999989921728287
0.01999989603090378
0.01999991762786994
0.01999988532073316
0.01999990552021588
0.01999991175244552
0.01999990451394491
0.01999990656606301
0.01999990797435723
0.01999990849005537
0.01999990830494931
0.01999990850313691
0.01999990833902232
0.01999990841654443
0.01999990842790786
0.01999990841117652
0.01999990842292622
0.01999990839501823
0.01999990841671127
0.0199999084070979
0.01999990840825666
0.01999990841077694
0.01999990841094505
0.0199999084082968
0.01999990840666182
0.01999990841493514
0.01999990838920675
0.01999990842720775
0.01999990845592772
0.01999990845106725
0.01999990827285157
0.01999990829106138
0.01999990881581365
0.01999990811949081
0.01999990826915087
0.01999990844372703
0.01999990617426966
0.01999989474726188
0.01999983271078173
0.01999969664179953
0.01999983759159043
0.02000063054335729
0.02000063091656971
0.01999959310334561
0.02000029016931119
0.02000011452902224
0.01999944341070501
0.01999764564251411
0.01997990845379324
0.01985521048883606
0.01898083270259028
0.01432042468380414
0.005111037557812139
0.0008881782287830846
0.00012497359484581
1.712239955738377e-05
2.314488248019364e-06
3.135708120952086e-07
4.237782914695565e-08
2e-08
2e-08
2e-08
2e-08
2e-08
2e-08
2e-08
2e-08
2e-08
2e-08
2e-08
2e-08
2e-08
2e-08
2e-08
2e-08
2e-08
2e-08
2e-08
2e-08
2e-08
2e-08
2e-08
2e-08
2e-08
2e-08
2e-08
2e-08
2e-08
2e-08
2e-08
2e-08
0.01986505643591419
0.01998157603393248
0.01999740085563062
0.01999959565608152
0.01999983615915161
0.01999991782275179
0.01999989039967253
0.01999989602794436
0.01999991684700498
0.01999988852633857
0.01999990694132375
0.01999991224520778
0.01999990557694713
0.01999990658989219
0.01999990821764602
0.01999990834391211
0.01999990844146494
0.01999990837540417
0.01999990840419808
0.01999990841314035
0.0199999084254159
0.01999990841860568
0.01999990840091621
0.01999990841374543
0.0199999084069685
0.01999990840907837
0.01999990841075184
0.01999990840989639
0.01999990841005682
0.01999990841087671
0.019999908408552
0.01999990840529463
0.01999990840839463
0.01999990840241708
0.01999990846262653
0.01999990845884921
0.01999990827830401
0.01999990831581029
0.01999990867371205
0.01999990839226026
0.01999990795019476
0.01999990875847505
0.0199999063571538
0.01999989602715449
0.01999984015862877
0.01999970078780423
0.01999981530739764
0.02000058648957155
0.02000066992559905
0.01999963230649536
0.02000020365891213
0.02000022653624635
0.01999938090403766
0.01999783144321029
0.01998147208977766
0.01986526141316624
0.01904458728115722
0.01459140315909198
0.005348836141843756
0.0009418434340089621
0.0001328665951028645
1.809415439585358e-05
2.44643900844512e-06
3.314316142842757e-07
4.479111629263066e-08
2e-08
2e-08
2e-08
2e-08
2e-08
2e-08
2e-08
2e-08
2e-08
2e-08
2e-08
2e-08
2e-08
2e-08
2e-08
2e-08
2e-08
2e-08
2e-08
2e-08
2e-08
2e-08
2e-08
2e-08
2e-08
2e-08
2e-08
2e-08
2e-08
2e-08
2e-08
2e-08
