FiniteElementSpace
FiniteElementCollection: H1_2D_P1
VDim: 1
Ordering: 0

2e-08
2e-08
2e-08
2e-08
2e-08
2e-08
2e-08
2e-08
2e-08
4.237782914695565e-08
1.148405657636076e-07
5.472092963335374e-07
1.569345325695048e-06
9.064401164073984e-06
2.408427411619337e-05
6.283236540214218e-05
0.0001741482681734288
0.0003368129111763303
0.0006146726936838504
0.001060576321686854
0.001728098911634968
0.002665491715650643
0.003857876086628918
0.00524541131001909
0.006664423372866757
0.0080118653213113
0.009072434667791529
0.009623625019069168
0.009623862873033602
0.00907316932655588
0.008013073146452478
0.006666075546426346
0.00524739711698511
0.003859949371555915
0.002667457433851827
0.001729800113366836
0.001061833601461767
0.0006155518696331101
0.0003373639572213221
0.0001744866978884808
6.293279027979859e-05
2.387377243644496e-05
9.382513901824181e-06
1.556953002291026e-06
5.462795428977455e-07
1.148405657636076e-07
4.237782914695565e-08
2e-08
2e-08
2e-08
2e-08
2e-08
2e-08
2e-08
2e-08
2e-08
2e-08
2e-08
2e-08
2e-08
2e-08
2e-08
2e-08
2e-08
2e-08
2e-08
2e-08
2e-08
2e-08
2e-08
2e-08
2e-08
2e-08
2e-08
2e-08
2e-08
2e-08
2e-08
2e-08
2e-08
2e-08
2e-08
2e-08
2e-08
2e-08
2e-08
2e-08
2e-08
2e-08
2e-08
2e-08
2e-08
2e-08
2e-08
2e-08
2e-08
2e-08
2e-08
2e-08
2e-08
2e-08
2e-08
2e-08
2e-08
2e-08
2e-08
2e-08
2e-08
5.003780357060173e-08
1.213803580435435e-07
5.263253287846758e-07
1.225325474643447e-06
2.958299819491543e-06
9.757493368450381e-06
3.356615130660207e-05
6.845388362772209e-05
0.0001541109729249674
0.0002497876386854636
0.0003786496714152298
0.0005438771436057161
0.0007393087420333528
0.0009381760909986634
0.001127415805754099
0.00127313408465739
0.001352908966224888
0.001352944258956653
0.001273220908155443
0.001127536067181097
0.0009383232407616283
0.0007394806975858856
0.0005440576192377037
0.0003788101864427485
0.0002499061751095987
0.0001542153050562944
6.851411268668307e-05
3.359669840535983e-05
9.796442479822646e-06
2.9510416781849e-06
1.221084529070376e-06
5.240993604194049e-07
1.213803580435435e-07
5.003780357060173e-08
2e-08
2e-08
2e-08
2e-08
2e-08
2e-08
2e-08
2e-08
2e-08
2e-08
2e-08
2e-08
2e-08
2e-08
2e-08
2e-08
2e-08
2e-08
2e-08
2e-08
2e-08
2e-08
2e-08
2e-08
2e-08
2e-08
2e-08
2e-08
2e-08
2e-08
2e-08
2e-08
2e-08
2e-08
2e-08
2e-08
2e-08
2e-08
2e-08
2e-08
2e-08
2e-08
2e-08
2e-08
2e-08
2e-08
2e-08
2e-08
2e-08
2e-08
2e-08
2e-08
2e-08
2e-08
2e-08
2e-08
2e-08
2e-08
2e-08
2e-08
2e-08
2e-08
2e-08
2e-08
2e-08
4.479111629263066e-08
9.72603899807023e-08
1.998139506653729e-07
7.7378777425963e-07
1.571363695821551e-06
2.876841092189712e-06
7.376602632750029e-06
2.308467003184027e-05
3.708553600348623e-05
5.413604747321709e-05
8.180487209103536e-05
0.0001291342980650631
0.0001544310935254032
0.0001750318575987704
0.0001850918053313189
0.0001850929767147691
0.0001750381038834595
0.0001544416368001391
0.0001291471174981131
8.177082795300555e-05
5.415206059078707e-05
3.708493979499537e-05
2.306244817386586e-05
7.389563719385982e-06
2.87643870683715e-06
1.568162361960132e-06
7.732655980644236e-07
1.998139506653729e-07
9.72603899807023e-08
4.479111629263066e-08
2e-08
2e-08
2e-08
2e-08
2e-08
2e-08
2e-08
2e-08
2e-08
2e-08
2e-08
2e-08
2e-08
2e-08
2e-08
2e-08
2e-08
2e-08
2e-08
2e-08
2e-08
2e-08
2e-08
2e-08
2e-08
2e-08
2e-08
2e-08
2e-08
2e-08
2e-08
2e-08
2e-08
2e-08
2e-08
2e-08
2e-08
2e-08
2e-08
2e-08
2e-08
2e-08
2e-08
2e-08
2e-08
2e-08
2e-08
2e-08
2e-08
2e-08
2e-08
2e-08
2e-08
2e-08
2e-08
2e-08
2e-08
2e-08
2e-08
2e-08
2e-08
2e-08
2e-08
2e-08
2e-08
2e-08
2e-08
2e-08
2e-08
3.058384937859593e-08
5.908234714246952e-08
1.086531258043255e-07
1.890483135846832e-07
6.166029727915061e-07
1.12915850748175e-06
1.569251888247577e-06
2.011507105128289e-06
2.754018494450042e-06
9.412283494073371e-06
1.258756193633525e-05
1.461131026162237e-05
1.576324679408561e-05
1.576920606742858e-05
1.460636632477801e-05
1.259140198863996e-05
9.402063069445521e-06
2.754663834500111e-06
2.010589418544985e-06
1.570009106754047e-06
1.129433479173794e-06
6.166412680449856e-07
1.890483135846832e-07
1.086531258043255e-07
5.908234714246952e-08
3.058384937859593e-08
2e-08
2e-08
2e-08
2e-08
2e-08
2e-08
2e-08
2e-08
2e-08
2e-08
2e-08
2e-08
2e-08
2e-08
2e-08
2e-08
2e-08
2e-08
2e-08
2e-08
2e-08
2e-08
2e-08
2e-08
2e-08
2e-08
2e-08
2e-08
2e-08
2e-08
2e-08
2e-08
2e-08
2e-08
2e-08
2e-08
2e-08
2e-08
2e-08
2e-08
2e-08
2e-08
2e-08
2e-08
2e-08
2e-08
2e-08
2e-08
2e-08
2e-08
2e-08
2e-08
2e-08
2e-08
2e-08
2e-08
2e-08
2e-08
2e-08
2e-08
2e-08
2e-08
2e-08
2e-08
2e-08
2e-08
2e-08
2e-08
2e-08
2e-08
2e-08
2e-08
2e-08
2e-08
2.754598634635563e-08
4.479111629263066e-08
6.976172432615613e-08
1.027990542512569e-07
1.433202761613739e-07
1.890483135846832e-07
4.551097254470476e-07
6.567101304127547e-07
7.934048577041654e-07
8.159458954284239e-07
8.160959103042523e-07
7.936377695339662e-07
6.56381338553435e-07
4.550757711560971e-07
1.890483135846832e-07
1.433202761613739e-07
1.027990542512569e-07
6.976172432615613e-08
4.479111629263066e-08
2.754598634635563e-08
2e-08
2e-08
2e-08
2e-08
2e-08
2e-08
2e-08
2e-08
2e-08
2e-08
2e-08
2e-08
2e-08
2e-08
2e-08
2e-08
2e-08
2e-08
2e-08
2e-08
2e-08
2e-08
2e-08
2e-08
2e-08
2e-08
2e-08
2e-08
2e-08
2e-08
2e-08
2e-08
2e-08
2e-08
2e-08
2e-08
2e-08
2e-08
2e-08
2e-08
2e-08
2e-08
2e-08
2e-08
2e-08
2e-08
2e-08
2e-08
2e-08
2e-08
2e-08
2e-08
2e-08
2e-08
2e-08
2e-08
2e-08
2e-08
2e-08
2e-08
2e-08
2e-08
2e-08
2e-08
2e-08
2e-08
2e-08
2e-08
2e-08
2e-08
2e-08
2e-08
2e-08
2e-08
2e-08
2e-08
2e-08
2e-08
2e-08
2e-08
2e-08
2e-08
2.606184318354465e-08
3.232550670473345e-08
3.816848418880526e-08
4.237782914695565e-08
4.479111629263066e-08
4.479111629263066e-08
4.237782914695565e-08
3.816848418880526e-08
3.232550670473345e-08
2.606184318354465e-08
2e-08
2e-08
2e-08
2e-08
2e-08
2e-08
2e-08
2e-08
2e-08
2e-08
2e-08
2e-08
2e-08
2e-08
2e-08
2e-08
2e-08
2e-08
2e-08
2e-08
2e-08
2e-08
2e-08
2e-08
2e-08
2e-08
2e-08
2e-08
2e-08
2e-08
2e-08
2e-08
2e-08
2e-08
2e-08
2e-08
2e-08
2e-08
2e-08
2e-08
2e-08
2e-08
2e-08
2e-08
2e-08
2e-08
2e-08
2e-08
2e-08
2e-08
2e-08
2e-08
2e-08
2e-08
2e-08
2e-08
2e-08
2e-08
2e-08
2e-08
2e-08
2e-08
2e-08
2e-08
2e-08
2e-08
2e-08
2e-08
2e-08
2e-08
2e-08
2e-08
2e-08
2e-08
2e-08
2e-08
2e-08
2e-08
2e-08
2e-08
2e-08
2e-08
2e-08
2e-08
2e-08
2e-08
2e-08
2e-08
2e-08
2e-08
2e-08
2e-08
2e-08
2e-08
2e-08
2e-08
2e-08
2e-08
2e-08
2e-08
2e-08
2e-08
2e-08
2e-08
2e-08
2e-08
2e-08
2e-08
2e-08
2e-08
2e-08
2e-08
2e-08
2e-08
2e-08
2e-08
2e-08
2e-08
2e-08
2e-08
2e-08
2e-08
2e-08
2e-08
2e-08
2e-08
2e-08
2e-08
2e-08
2e-08
2e-08
2e-08
2e-08
2e-08
2e-08
2e-08
2e-08
2e-08
2e-08
2e-08
2e-08
2e-08
2e-08
2e-08
2e-08
2e-08
2e-08
2e-08
2e-08
2e-08
2e-08
2e-08
2e-08
2e-08
2e-08
2e-08
2e-08
2e-08
2e-08
2e-08
2e-08
2e-08
2e-08
2e-08
2e-08
2e-08
2e-08
2e-08
2e-08
2e-08
2e-08
2e-08
2e-08
2e-08
2e-08
2e-08
2e-08
2e-08
2e-08
2e-08
2e-08
2e-08
2e-08
2e-08
2e-08
2e-08
2e-08
2e-08
2e-08
2e-08
2e-08
2e-08
2e-08
2e-08
2e-08
2e-08
2e-08
2e-08
2e-08
2e-08
2e-08
2e-08
2e-08
2e-08
2e-08
2e-08
2e-08
2e-08
2e-08
2e-08
2e-08
2e-08
2e-08
2e-08
2e-08
2e-08
2e-08
2e-08
2e-08
2e-08
2e-08
2e-08
2e-08
2e-08
2e-08
2e-08
2e-08
2e-08
2e-08
2e-08
2e-08
2e-08
2e-08
2e-08
2e-08
2e-08
2e-08
2e-08
2e-08
2e-08
2e-08
2e-08
2e-08
2e-08
2e-08
2e-08
2e-08
2e-08
2e-08
2e-08
2e-08
2e-08
2e-08
2e-08
2e-08
2e-08
2e-08
2e-08
2e-08
2e-08
2e-08
2e-08
2e-08
2e-08
2e-08
2e-08
2e-08
2e-08
2e-08
2e-08
2e-08
2e-08
2e-08
2e-08
2e-08
2e-08
2e-08
2e-08
2e-08
2e-08
2e-08
2e-08
2e-08
2e-08
2e-08
2e-08
2e-08
2e-08
2e-08
2e-08
2e-08
2e-08
2e-08
2e-08
2e-08
2e-08
2e-08
2e-08
2e-08
2e-08
2e-08
2e-08
2e-08
2e-08
2e-08
2e-08
2e-08
2e-08
2e-08
2e-08
2e-08
2e-08
2e-08
2e-08
2e-08
2e-08
2e-08
2e-08
2e-08
2e-08
2e-08
2e-08
2e-08
2e-08
2e-08
2e-08
2e-08
2e-08
2e-08
2e-08
2e-08
2e-08
2e-08
2e-08
2e-08
2e-08
2e-08
2e-08
2e-08
2e-08
2e-08
2e-08
2e-08
2e-08
2e-08
2e-08
2e-08
2e-08
2e-08
2e-08
2e-08
2e-08
2e-08
2e-08
2e-08
