FiniteElementSpace
FiniteElementCollection: H1_2D_P1
VDim: 1
Ordering: 0

0.1634209368899462
0.1254947212518984
0.04903050708166173
0.03814794891339832
0.03019289080332191
0.02422279467745314
0.02109032801720787
0.02013131543422121
0.01999594437162647
0.01996336583184397
0.01997855958958302
0.01997553671216418
0.01996908834253943
0.01996054429338847
0.01997860108451459
0.01996779017304224
0.01993453598906021
0.01995270108019385
0.020009296299323
0.02005548136975713
0.02005178141436285
0.02003307290826347
0.02001809791298375
0.02000838490018412
0.02000189638693161
0.01999839122183516
0.01999654590836382
0.0199956745296339
0.01999567990525922
0.01999656049763646
0.01999841431385379
0.02000196788542356
0.02000852375445416
0.02001835604971191
0.02003357163646228
0.02005302215265268
0.02005932656528184
0.02002174601601727
0.01997014055104749
0.01995894587329069
0.01998761100880034
0.01999297322169279
0.01998723379106945
0.02000247634480296
0.01999338928663973
0.02000366166868851
0.01998904673396852
0.01999592785000683
0.0201573394692945
0.02110408842790619
0.02424270539316805
0.03024587488366069
0.03824581188609013
0.04899954605003413
0.1236311843786588
0.1718143471688152
0.1509612122567603
0.05995156331294258
0.01154582372031305
0.001732753826027455
0.0002504868661070543
2.310392239294014e-05
1.127588054246022e-06
6.976172432615613e-08
2e-08
2e-08
2e-08
2e-08
2e-08
2e-08
2e-08
2e-08
2e-08
2e-08
2e-08
2e-08
2e-08
2e-08
2e-08
2e-08
2e-08
2e-08
2e-08
2e-08
2e-08
2e-08
2e-08
2e-08
2e-08
2e-08
2e-08
2e-08
2e-08
2e-08
2e-08
2e-08
2e-08
0.1779107461639752
0.1414462431389395
0.05793820338278383
0.04093881081483692
0.03282298828832651
0.02603139853720253
0.02191284989873146
0.02033094478510068
0.02001358581085022
0.01996971442298287
0.01997612684487488
0.01997153223400717
0.01996847342505701
0.01997520301070782
0.01996347460652656
0.01996888157976157
0.01995616245344972
0.01994155296136472
0.01997006287674282
0.02002429800122949
0.02005825725452172
0.02005448728661998
0.02003894019190045
0.02002548076447899
0.0200162367253088
0.02001029237789883
0.02000672148185047
0.02000499735223002
0.02000500879826184
0.02000676321607204
0.02001037547852488
0.02001638348954334
0.02002574608490348
0.02003934686936735
0.02005509442265927
0.02005931900955805
0.02002770782652794
0.01997681220162722
0.01995707685637985
0.01998000148958922
0.01999249890062647
0.01998279654613378
0.0200030981350173
0.02000266006458485
0.01999378864619673
0.01999884067126137
0.01999120917185267
0.02003032543170095
0.02034378148584487
0.02193565364525055
0.02607019911878987
0.03286797896639625
0.04104564755858848
0.05812730079810263
0.1410851624586516
0.1798737272683555
0.1276215837150459
0.04039659389416202
0.007127651092249581
0.001063702343148292
0.0001545982499072497
7.415732384736729e-06
6.166303081178684e-07
4.479111629263066e-08
2e-08
2e-08
2e-08
2e-08
2e-08
2e-08
2e-08
2e-08
2e-08
2e-08
2e-08
2e-08
2e-08
2e-08
2e-08
2e-08
2e-08
2e-08
2e-08
2e-08
2e-08
2e-08
2e-08
2e-08
2e-08
2e-08
2e-08
2e-08
2e-08
2e-08
2e-08
2e-08
2e-08
0.1718798000365343
0.1633433496335226
0.06663157496529262
0.0458820091600877
0.0359241208391268
0.02839404664472151
0.0231793539146744
0.02077650142836509
0.02008605260060787
0.01998354114018001
0.01997742256237242
0.01997275329626009
0.01995847127103144
0.01998071064156928
0.01997319589835745
0.01995588508917168
0.01996880107141524
0.01996167935823421
0.01995114133992677
0.01997507551846728
0.02002120593030396
0.02005516330255895
0.02005877032393726
0.02004960299781346
0.02003921370222489
0.02003119475907292
0.02002611329913792
0.02002375726945138
0.02002378169823197
0.02002619722806194
0.02003135954095732
0.02003947965188169
0.02004996431267962
0.02005918592629618
0.02005547513032939
0.02002176040632351
0.0199768195424064
0.01995700297703989
0.01997524135212547
0.01999166258918913
0.01998329097361276
0.01999748034114455
0.02000924480720074
0.0199919981342558
0.02000246934074156
0.01999579685793864
0.02000912317479329
0.02009796817487519
0.02080148593305358
0.02320845043587408
0.02842814317089214
0.03597754938851645
0.04600294824659706
0.06710338739755452
0.1640110941511143
0.1725380341719242
0.09772000223120011
0.0248186048190793
0.004107525881853523
0.000616699167495087
6.866203010721238e-05
2.876340031157035e-06
1.890483135846832e-07
2.754598634635563e-08
2e-08
2e-08
2e-08
2e-08
2e-08
2e-08
2e-08
2e-08
2e-08
2e-08
2e-08
2e-08
2e-08
2e-08
2e-08
2e-08
2e-08
2e-08
2e-08
2e-08
2e-08
2e-08
2e-08
2e-08
2e-08
2e-08
2e-08
2e-08
2e-08
2e-08
2e-08
2e-08
2e-08
0.1528983984462588
0.1716688679566267
0.1280746536360229
0.05109102909298233
0.03895101925208929
0.03130444570576509
0.02516138228535249
0.02164708933529914
0.02030104889396539
0.02001127150183872
0.01998826934946299
0.0199600613994655
0.01997834573755168
0.01996598582992194
0.01997362718008643
0.01996705133456778
0.01996365192207614
0.01997952824475202
0.01997059946195541
0.0199556514455014
0.0199700346549147
0.02000239791485673
0.02003993701966892
0.02005579997871955
0.02005790102159019
0.02005483407201398
0.02005140590695464
0.02004938786696092
0.0200494274650085
0.02005153066953366
0.02005504444069345
0.02005815369662056
0.02005601399161702
0.020039941595372
0.0200021742938349
0.01997016150637423
0.01995708343602246
0.01997524241607626
0.01999065010483977
0.01998511205869274
0.01999773610643393
0.0200051221724457
0.01998937111659493
0.02001599546374431
0.01999484444163164
0.02000589903867941
0.02003704916090979
0.02033633883387437
0.02165373324388369
0.02521206795868361
0.03135413709701138
0.03897726836490772
0.05128408776103138
0.1287691919803783
0.1730723126342219
0.1533234025539206
0.06586478495733307
0.01380846039968696
0.002226886302769164
0.0003380229043067165
3.363673340899033e-05
1.565009747117734e-06
1.086531258043255e-07
2e-08
2e-08
2e-08
2e-08
2e-08
2e-08
2e-08
2e-08
2e-08
2e-08
2e-08
2e-08
2e-08
2e-08
2e-08
2e-08
2e-08
2e-08
2e-08
2e-08
2e-08
2e-08
2e-08
2e-08
2e-08
2e-08
2e-08
2e-08
2e-08
2e-08
2e-08
2e-08
2e-08
2e-08
0.1206181675870806
0.1780983085382752
0.1486958590215128
0.05842505520872467
0.04327116749516563
0.03515226405843559
0.02804402834313934
0.02320892702901185
0.02084380755581265
0.02014031479978936
0.01998946903688872
0.01996728321494819
0.01996611864087176
0.01998829546079863
0.0199542353807022
0.01997028146161494
0.01997873367692905
0.01997651361395491
0.01998853448136215
0.01997897313095941
0.01995879028894074
0.01996013083336476
0.01998009834570511
0.02000426034714339
0.02002880324770647
0.02004183033387227
0.02004823297852971
0.02005088866935597
0.02005091393868913
0.02004830261964008
0.02004189938157152
0.02002878742133936
0.02000405673524401
0.01997987513634591
0.01995993164403969
0.01995895224560286
0.0199800025485077
0.01999167045194864
0.01998512100288594
0.01999821307608493
0.02000445914972835
0.01998815488792992
0.0200192735432786
0.01999291642052857
0.02000706705937016
0.02001107459313566
0.02016283593011288
0.02088723885276465
0.02324149293925375
0.02809024700928149
0.03518648148192058
0.04328845549860598
0.05865800559343823
0.1493978305474129
0.1789076351309734
0.121168076495233
0.03845809581978298
0.007128661167080465
0.001131521942095069
0.0001748504957016219
9.830420945407978e-06
7.728427850772458e-07
5.908234714246952e-08
2e-08
2e-08
2e-08
2e-08
2e-08
2e-08
2e-08
2e-08
2e-08
2e-08
2e-08
2e-08
2e-08
2e-08
2e-08
2e-08
2e-08
2e-08
2e-08
2e-08
2e-08
2e-08
2e-08
2e-08
2e-08
2e-08
2e-08
2e-08
2e-08
2e-08
2e-08
2e-08
2e-08
2e-08
0.08102335069706844
0.1619987496967947
0.1686469388511443
0.1171864093217954
0.04872429004807976
0.03914195675633391
0.03182912360920367
0.02573137950523632
0.02200799967204154
0.02048697861800957
0.02004887861172418
0.01997201871347727
0.01998725098061775
0.01996014185762899
0.01997780386465292
0.01995819331878369
0.01998630937996133
0.01999169643127436
0.01998155805674352
0.01999209031092938
0.01998752198842842
0.01996724232768612
0.01995687720939043
0.01996113198765145
0.01997162793409346
0.01998241193461877
0.01999054341382281
0.01999497711189676
0.0199949594522329
0.01999048960856844
0.01998230520347452
0.01997146316464726
0.01996096613011741
0.01995673639754505
0.01996718364381385
0.01998761160236671
0.01999250841035584
0.01998330476852003
0.01999774788344675
0.02000446518263552
0.019989363645567
0.02002544400875067
0.01998595952846211
0.02001405371444533
0.02001122043539495
0.0200858388514823
0.02050974113292805
0.02206165966200798
0.02577168007840717
0.03189668603680463
0.03913647756666294
0.04889418149369078
0.1187233555043424
0.1694343307770463
0.1626482155079473
0.08142915675592216
0.01972420296277021
0.003406233482011888
0.0005460651841746583
6.30392880734412e-05
2.949440247262381e-06
1.998139506653729e-07
3.058384937859593e-08
2e-08
2e-08
2e-08
2e-08
2e-08
2e-08
2e-08
2e-08
2e-08
2e-08
2e-08
2e-08
2e-08
2e-08
2e-08
2e-08
2e-08
2e-08
2e-08
2e-08
2e-08
2e-08
2e-08
2e-08
2e-08
2e-08
2e-08
2e-08
2e-08
2e-08
2e-08
2e-08
2e-08
2e-08
0.04480660397070969
0.1270973100570256
0.1790013166988842
0.1471376355821424
0.06231440367561742
0.045490433031018
0.03619824320600139
0.02923675153421986
0.02415605112863304
0.02133735202433586
0.0202731767275497
0.02000464332314937
0.01998658185421286
0.01997951735111642
0.01994438750215043
0.01998648571614613
0.01997613416563632
0.01999971737224605
0.01999683176868413
0.01998275888387798
0.01999304829785616
0.01999645380832744
0.0199845813582347
0.01997077497098586
0.0199621890875704
0.01995950355501812
0.0199603049449852
0.01996134357044427
0.01996130912362477
0.01996020683065048
0.01995938072757111
0.01996211232017248
0.01997072007975817
0.0199844783700992
0.01999633227502459
0.01999297925597586
0.01998280246714855
0.01999748932903343
0.02000513385025619
0.01998815492572225
0.02002543805005936
0.01998653896275656
0.02001611389362517
0.02000550330402516
0.02005119694322337
0.02031948284932904
0.02136753989370519
0.02421866254543263
0.02929036995444213
0.03624377138239893
0.04562721505635824
0.06264264508506627
0.1476584474051741
0.1798460606350956
0.1276502609249767
0.04499364683590754
0.009086092481270088
0.001536550401017814
0.000249777605009608
2.392235312489608e-05
1.221114440224891e-06
9.72603899807023e-08
2e-08
2e-08
2e-08
2e-08
2e-08
2e-08
2e-08
2e-08
2e-08
2e-08
2e-08
2e-08
2e-08
2e-08
2e-08
2e-08
2e-08
2e-08
2e-08
2e-08
2e-08
2e-08
2e-08
2e-08
2e-08
2e-08
2e-08
2e-08
2e-08
2e-08
2e-08
2e-08
2e-08
2e-08
2e-08
0.02076066067593378
0.08113423837821149
0.1594258972843919
0.1739586016801251
0.1315315641251921
0.05380753044155879
0.04073617839025282
0.0338725861747325
0.02745125648805704
0.0231295027464144
0.02091738463530665
0.02018325079295674
0.02000188186076735
0.01997000038323138
0.01996617145625431
0.0199593155025442
0.02000529173928834
0.01998812915706909
0.02000945551596617
0.02000334132789851
0.01998721425404966
0.0199899873729724
0.01999553417360958
0.01999606304956824
0.01999214853821333
0.01998575085281205
0.01998003162872081
0.01997694134684692
0.0199769154061645
0.01997997213414047
0.01998572345434613
0.01999211295059111
0.01999588515681533
0.01999534810862094
0.01999000194953859
0.0199872120765442
0.02000308675793813
0.02000925041507572
0.01998938301632668
0.02001930498603376
0.01998595511145886
0.02001610982182254
0.02000605380448022
0.02002553861596014
0.02022811696236209
0.02097673619161862
0.02317635820558975
0.02751927922352774
0.03393892062046724
0.04081368496687627
0.0540212932403704
0.1321927215601778
0.1750194897087165
0.1601251298583172
0.08148760497783997
0.02084665733753981
0.003869637703954004
0.0006562600336167212
0.0001081829484244559
9.432253411381899e-06
5.239762812712542e-07
4.479111629263066e-08
2e-08
2e-08
2e-08
2e-08
2e-08
2e-08
2e-08
2e-08
2e-08
2e-08
2e-08
2e-08
2e-08
2e-08
2e-08
2e-08
2e-08
2e-08
2e-08
2e-08
2e-08
2e-08
2e-08
2e-08
2e-08
2e-08
2e-08
2e-08
2e-08
2e-08
2e-08
2e-08
2e-08
2e-08
2e-08
0.008529505302630812
0.0402638483876873
0.1176890253237712
0.1754744030810021
0.1577004552602499
0.07821347709497327
0.05001516048958025
0.0388804442485902
0.03192008756648677
0.02619479119019485
0.02250162387215903
0.02071491870773047
0.0201699243228903
0.01998071417130852
0.0199643301377198
0.01998810840802576
0.01998775633944689
0.02001636998807067
0.01999262354823056
0.02000311659982718
0.02000271275720152
0.01999083499452492
0.01998581336230184
0.01998708185546516
0.01999171311569778
0.01999511095353958
0.01999557548928983
0.01999618465790173
0.01999614528918204
0.01999553755190807
0.01999508870188057
0.01999156331331938
0.01998692425894048
0.01998592324830939
0.01999092450073651
0.02000244780065608
0.02000263688899598
0.01999199485220348
0.0200160039862986
0.01999292514255608
0.02001406660796252
0.02000554267524958
0.02002551476931812
0.02020058904046439
0.02075962407186642
0.02257365645632273
0.02625821305843823
0.03199374298635405
0.03894649594581948
0.05009319409886909
0.07910672060839531
0.1584879042453088
0.1763150590266722
0.1182104909717136
0.040437867699631
0.008568313476637449
0.001537244445959081
0.000265757943868957
3.590998305673182e-05
1.555230592340352e-06
1.213803580435435e-07
2e-08
2e-08
2e-08
2e-08
2e-08
2e-08
2e-08
2e-08
2e-08
2e-08
2e-08
2e-08
2e-08
2e-08
2e-08
2e-08
2e-08
2e-08
2e-08
2e-08
2e-08
2e-08
2e-08
2e-08
2e-08
2e-08
2e-08
2e-08
2e-08
2e-08
2e-08
2e-08
2e-08
2e-08
2e-08
2e-08
