FiniteElementSpace
FiniteElementCollection: H1_2D_P1
VDim: 1
Ordering: 0

0.0008371262822049757
0.003952295236553954
0.01159342632269816
0.01765870240973639
0.01951708566110564
0.01990609275387516
0.01998180177513645
0.01999589211445315
0.01999954271092666
0.02000035542346975
0.01999819956645904
0.02000154660950046
0.02000004174281087
0.0199993694200205
0.02000077560750406
0.02000083700128771
0.02000048690217902
0.01999987822664299
0.0199996565062441
0.0199997159893647
0.01999974096616627
0.01999980518975412
0.01999984885659141
0.0199998694764518
0.01999988589872991
0.01999989067611409
0.01999989474721047
0.01999989602728797
0.01999989602707794
0.01999989474724991
0.01999989067497194
0.01999988589271783
0.01999986948625397
0.01999984890199906
0.01999980513111264
0.01999974085279979
0.0199997162531368
0.01999965642879903
0.01999987785392032
0.02000048757000702
0.02000083649496067
0.02000077558756077
0.01999936993178957
0.0199999549876706
0.02000128777418833
0.01999856763832967
0.02000124982544672
0.0199987379827904
0.01999624272073408
0.0199824857236918
0.01990514317923734
0.01951846408542709
0.01765757230443355
0.01159445003432322
0.003951905710134949
0.0008372130262225161
0.0001501971378850351
2.598305327630459e-05
4.395683762465756e-06
7.315818056378438e-07
1.213803580435435e-07
2e-08
2e-08
2e-08
2e-08
2e-08
2e-08
2e-08
2e-08
2e-08
2e-08
2e-08
2e-08
2e-08
2e-08
2e-08
2e-08
2e-08
2e-08
2e-08
2e-08
2e-08
2e-08
2e-08
2e-08
2e-08
2e-08
2e-08
2e-08
2e-08
2e-08
2e-08
2e-08
2e-08
2e-08
2e-08
2e-08
0.0003135129956095652
0.001610711094276335
0.00644644138299605
0.01432107588690779
0.01858168648810328
0.01970637173538645
0.0199370236035076
0.01998924452554532
0.01999695619536284
0.01999841684230356
0.02000096656946412
0.01999878740942358
0.02000135432657671
0.02000006696240281
0.01999929111647656
0.02000053772180234
0.02000087166165142
0.02000072515406588
0.02000016708957476
0.01999977442952556
0.01999970190880962
0.019999680772535
0.01999971702573949
0.01999976443817624
0.01999979362789215
0.01999982107118041
0.01999983271076222
0.01999984015875391
0.0199998401585409
0.01999983271078345
0.01999982107032932
0.01999979362229483
0.01999976444472677
0.01999971706849151
0.01999968073500493
0.01999970178162997
0.01999977464539748
0.02000016712056288
0.0200007247016045
0.02000087228292957
0.02000053741204537
0.01999929077063607
0.02000006800155198
0.02000128777418838
0.01999855364695189
0.02000115196689065
0.01999930990411138
0.01999657380276129
0.01998904310057023
0.01993802145527522
0.01970550637244459
0.01858255230503309
0.01432085656576801
0.006446504733499158
0.00161074828610277
0.0003134977201891277
5.672369145192459e-05
1.001009052415894e-05
1.734496548536474e-06
2.954296529011504e-07
5.003780357060173e-08
2e-08
2e-08
2e-08
2e-08
2e-08
2e-08
2e-08
2e-08
2e-08
2e-08
2e-08
2e-08
2e-08
2e-08
2e-08
2e-08
2e-08
2e-08
2e-08
2e-08
2e-08
2e-08
2e-08
2e-08
2e-08
2e-08
2e-08
2e-08
2e-08
2e-08
2e-08
2e-08
2e-08
2e-08
2e-08
2e-08
0.0001106418123703934
0.0005793195289951228
0.002716245974013143
0.008934509701222301
0.01603999623616328
0.0190438323505564
0.01979303649416044
0.01995342796995605
0.01999203030257466
0.01999586606343864
0.01999946922359532
0.02000134986988275
0.0199986138439192
0.02000109103005629
0.02000038810772026
0.0199992589008983
0.02000012380564878
0.02000072138688729
0.02000092318672238
0.02000060202699071
0.02000013544513801
0.01999988588676334
0.01999974088279348
0.01999968172455117
0.0199996800050023
0.0199996812890902
0.01999969664184715
0.01999970078789042
0.01999970078771961
0.01999969664181214
0.01999968128852394
0.01999968000014003
0.01999968172736293
0.01999974092164206
0.01999988587115164
0.02000013531477126
0.02000060217511723
0.02000092331558706
0.02000072094750233
0.02000012420003989
0.01999925896960697
0.02000038747297855
0.020001091912489
0.01999856763832938
0.02000115196689046
0.019999494224061
0.01999662133821906
0.01999213977940998
0.01995294249052375
0.01979377672861293
0.0190436614541617
0.01604006314140718
0.008934734741920082
0.002716170745796975
0.0005793797526706324
0.0001106094465024578
2.046128136941726e-05
3.670380235274199e-06
6.562788599289913e-07
1.148405657636076e-07
2e-08
2e-08
2e-08
2e-08
2e-08
2e-08
2e-08
2e-08
2e-08
2e-08
2e-08
2e-08
2e-08
2e-08
2e-08
2e-08
2e-08
2e-08
2e-08
2e-08
2e-08
2e-08
2e-08
2e-08
2e-08
2e-08
2e-08
2e-08
2e-08
2e-08
2e-08
2e-08
2e-08
2e-08
2e-08
2e-08
2e-08
3.71439474830156e-05
0.0001915977220489266
0.0009418920881060952
0.003951731200778107
0.01092796985010903
0.01702303787468768
0.01926970810344108
0.01983570977986421
0.01995826588102469
0.0199925387346721
0.01999670791097397
0.01999946108787089
0.02000128073908194
0.01999866244559277
0.02000065203263609
0.02000080206950494
0.01999947605302885
0.01999968284739189
0.02000024899289658
0.02000079200736295
0.02000093078051748
0.02000068334315615
0.02000041278438136
0.02000017695195892
0.01999999986102989
0.01999990291033091
0.01999983759166087
0.01999981530745974
0.01999981530731355
0.01999983759161647
0.01999990290995487
0.01999999985702071
0.02000017695192764
0.02000041281577382
0.02000068335042652
0.02000093065914378
0.02000079207197492
0.02000024920821907
0.01999968245578312
0.01999947623904851
0.02000080236296937
0.02000065132319545
0.01999866330547706
0.02000124982544661
0.01999930990411158
0.01999662133821898
0.01999304668651375
0.01995875636959894
0.01983535000413874
0.0192698663952904
0.01702342828342471
0.01092776458540836
0.003951907738957126
0.0009418637905496143
0.0001915970828245895
3.715915421113045e-05
6.994386703765665e-06
1.30309275503973e-06
2.359344297389692e-07
4.237782914695565e-08
2e-08
2e-08
2e-08
2e-08
2e-08
2e-08
2e-08
2e-08
2e-08
2e-08
2e-08
2e-08
2e-08
2e-08
2e-08
2e-08
2e-08
2e-08
2e-08
2e-08
2e-08
2e-08
2e-08
2e-08
2e-08
2e-08
2e-08
2e-08
2e-08
2e-08
2e-08
2e-08
2e-08
2e-08
2e-08
2e-08
2e-08
1.196656442964444e-05
6.03261998257909e-05
0.0002950709949075667
0.001349634009976551
0.005112094728486145
0.01221458042784632
0.01751739127622711
0.01936203432922061
0.01984590755436615
0.01995852275608108
0.01999226890268098
0.0199966828756473
0.01999875643781861
0.02000134118015766
0.01999896743491397
0.01999995175941408
0.02000101936191165
0.02000003369359356
0.01999959836577234
0.01999967431483512
0.02000014437385564
0.02000064052379316
0.02000083834561749
0.02000086904887594
0.02000080262168167
0.02000070337210652
0.02000063054349966
0.02000058648957637
0.02000058648950366
0.02000063054339387
0.02000070337194271
0.0200008026185319
0.02000086904670305
0.02000083836909113
0.02000064054513382
0.02000014428370767
0.01999967429165617
0.0199995986043678
0.02000003348198142
0.02000101919812339
0.01999995236412763
0.01999896668828539
0.02000134161714866
0.01999873798279038
0.01999657380276141
0.01999213977940977
0.01995875636959911
0.01984649280978861
0.01936215254329761
0.0175170929141385
0.0122148968267555
0.005112150454985724
0.001349584831333914
0.0002951157803574717
6.031247074277769e-05
1.197274456835337e-05
2.318594534900618e-06
4.386788720073887e-07
8.237143489631116e-08
2e-08
2e-08
2e-08
2e-08
2e-08
2e-08
2e-08
2e-08
2e-08
2e-08
2e-08
2e-08
2e-08
2e-08
2e-08
2e-08
2e-08
2e-08
2e-08
2e-08
2e-08
2e-08
2e-08
2e-08
2e-08
2e-08
2e-08
2e-08
2e-08
2e-08
2e-08
2e-08
2e-08
2e-08
2e-08
2e-08
2e-08
2e-08
3.666456819345053e-06
1.811067363066982e-05
8.649523115910773e-05
0.0004019925505900219
0.001712857510562895
0.005872197910158109
0.01284706719306036
0.01766087303878687
0.01936173677318267
0.01983531637985553
0.01995307164661773
0.01998911495456688
0.01999625288622535
0.01999778151336043
0.0200011541881431
0.01999963236544761
0.01999927935312914
0.02000068702305733
0.02000056607807243
0.02000010014220336
0.01999966273326151
0.01999954701999774
0.01999980608348289
0.02000009087582107
0.02000036188986051
0.02000052614754851
0.02000063091670393
0.02000066992556458
0.02000066992555645
0.02000063091660814
0.02000052614738893
0.02000036188773669
0.02000009087244006
0.01999980609835798
0.01999954704927612
0.01999966267864138
0.02000010006753854
0.02000056625502784
0.02000068702421616
0.01999927902620914
0.01999963278571743
0.02000115410043557
0.01999778101305972
0.0199962427207342
0.01998904310057002
0.01995294249052379
0.01983535000413894
0.0193621525432975
0.01766135957925907
0.0128469303039693
0.005872119017000516
0.001712990403497172
0.0004019585748687997
8.649959547728224e-05
1.811674609876175e-05
3.664251526936332e-06
7.358675086695493e-07
1.433202761613739e-07
2.754598634635563e-08
2e-08
2e-08
2e-08
2e-08
2e-08
2e-08
2e-08
2e-08
2e-08
2e-08
2e-08
2e-08
2e-08
2e-08
2e-08
2e-08
2e-08
2e-08
2e-08
2e-08
2e-08
2e-08
2e-08
2e-08
2e-08
2e-08
2e-08
2e-08
2e-08
2e-08
2e-08
2e-08
2e-08
2e-08
2e-08
2e-08
2e-08
2e-08
1.101023178071354e-06
5.187068261056968e-06
2.452766589286259e-05
0.0001104059962785596
0.0004816468225180583
0.001926295481978257
0.00615706843333544
0.01284649684039851
0.01751693097640094
0.01926993795887934
0.01979387936816484
0.01993806551922876
0.01998249150152211
0.01999507398307994
0.01999653308610602
0.02000020034075001
0.02000037518824136
0.01999915697831573
0.01999993028315542
0.02000044115676348
0.0200005803658286
0.02000036202994677
0.01999992731014318
0.01999971113909668
0.0199995582594762
0.01999959053480136
0.01999959310347463
0.01999963230642811
0.01999963230647991
0.01999959310338216
0.01999959053468731
0.01999955825801729
0.01999971113572635
0.01999992731765429
0.02000036205760588
0.02000058035017604
0.02000044106261784
0.01999993036110499
0.01999915713168647
0.02000037488628901
0.02000020044524407
0.01999653340930838
0.01999507335266347
0.01998248572369162
0.0199380214552755
0.01979377672861261
0.01926986639529035
0.01751709291413864
0.01284693030396927
0.006157204794454613
0.001926186934302649
0.0004816731829567468
0.0001104254385453585
2.45156378757711e-05
5.194397566825016e-06
1.099010848968248e-06
2.217748849453226e-07
4.479111629263066e-08
2e-08
2e-08
2e-08
2e-08
2e-08
2e-08
2e-08
2e-08
2e-08
2e-08
2e-08
2e-08
2e-08
2e-08
2e-08
2e-08
2e-08
2e-08
2e-08
2e-08
2e-08
2e-08
2e-08
2e-08
2e-08
2e-08
2e-08
2e-08
2e-08
2e-08
2e-08
2e-08
2e-08
2e-08
2e-08
2e-08
2e-08
2e-08
2e-08
3.11246947706352e-07
1.464858504300114e-06
6.606665806971195e-06
2.928739482053124e-05
0.0001247975116457123
0.0005146075807120312
0.001926063890603062
0.005871964371285692
0.01221490713794267
0.01702351740752159
0.01904373301559113
0.01970553101523636
0.01990514692083004
0.01996867955926543
0.01999090219418275
0.019994924770336
0.0199983061462412
0.02000033754540907
0.01999962951861095
0.01999947681690177
0.01999973128746381
0.02000013301894102
0.02000053787295366
0.02000054894935044
0.02000054968597117
0.0200003404605223
0.0200002901693811
0.0200002036588293
0.02000020365893158
0.0200002901693322
0.02000034046032415
0.02000054968523438
0.02000054894615758
0.02000053787562965
0.02000013304007086
0.019999731296081
0.0199994767502795
0.01999962948550023
0.02000033773459312
0.01999830606679577
0.01999492448076114
0.01999090274168933
0.01996867918440285
0.01990514317923704
0.01970550637244444
0.01904366145416195
0.01702342828342449
0.01221489682675545
0.005872119017000563
0.001926186934302638
0.0005145871319999203
0.0001247727341541324
2.930214753221965e-05
6.606628756825092e-06
1.463426239535929e-06
3.135967905689326e-07
6.600305770487757e-08
2e-08
2e-08
2e-08
2e-08
2e-08
2e-08
2e-08
2e-08
2e-08
2e-08
2e-08
2e-08
2e-08
2e-08
2e-08
2e-08
2e-08
2e-08
2e-08
2e-08
2e-08
2e-08
2e-08
2e-08
2e-08
2e-08
2e-08
2e-08
2e-08
2e-08
2e-08
2e-08
2e-08
2e-08
2e-08
2e-08
2e-08
2e-08
2e-08
2e-08
8.706222507814943e-08
3.983403223723486e-07
1.727896893611438e-06
7.437050254844796e-06
3.116999746295142e-05
0.0001247608514364688
0.0004816300295025896
0.001712971933495223
0.005112186039022716
0.01092782300109173
0.01604010327361862
0.01858256538994348
0.0195184670134957
0.01983326467645509
0.01993817745235747
0.0199784911759953
0.01999068049151117
0.01999520209284438
0.01999859090614554
0.01999967031301619
0.01999970973718143
0.01999953260390111
0.01999941604954227
0.01999962803786175
0.01999978173596977
0.02000007199237917
0.02000011452900246
0.02000022653619653
0.02000022653627631
0.02000011452903083
0.02000007199215963
0.01999978173548533
0.01999962803574831
0.01999941604855818
0.01999953261771023
0.01999970975647609
0.0199996702826174
0.01999859083402265
0.01999520216948723
0.01999068064946594
0.01997849085726004
0.01993817750992744
0.01983326522626704
0.01951846408542736
0.01858255230503305
0.01604006314140713
0.01092776458540831
0.005112150454985692
0.001712990403497174
0.0004816731829567405
0.0001247727341541319
3.115551917537755e-05
7.433057721920734e-06
1.732539792792038e-06
3.968875088070159e-07
8.706222507814943e-08
2e-08
2e-08
2e-08
2e-08
2e-08
2e-08
2e-08
2e-08
2e-08
2e-08
2e-08
2e-08
2e-08
2e-08
2e-08
2e-08
2e-08
2e-08
2e-08
2e-08
2e-08
2e-08
2e-08
2e-08
2e-08
2e-08
2e-08
2e-08
2e-08
2e-08
2e-08
2e-08
2e-08
2e-08
2e-08
2e-08
2e-08
2e-08
2e-08
2e-08
2e-08
2.332913954683491e-08
1.027990542512569e-07
4.456989326680433e-07
1.833262782762001e-06
7.433816391503621e-06
2.929295121252665e-05
0.0001104162457171786
0.0004019618368586439
0.001349599884451643
0.00395192801235643
0.008934749767030944
0.01432086388763949
0.01765757323214885
0.01910427304554909
0.01966114039114921
0.01986356419233235
0.01994440150321434
0.01997613804325926
0.01998801467897316
0.01999367816818426
0.01999685792097367
0.0199985591043436
0.019999245778498
0.01999950571852418
0.01999943177385696
0.01999940954954685
0.01999944341064683
0.01999938090401689
0.01999938090407227
0.01999944341069905
0.01999940954938407
0.01999943177351494
0.01999950571708754
0.01999924577663182
0.01999855911034858
0.01999685794049498
0.01999367817023761
0.01998801461408778
0.01997613801621068
0.01994440167436431
0.01986356417611485
0.01966114002712831
0.01910427352201415
0.01765757230443341
0.01432085656576817
0.008934734741920077
0.003951907738957225
0.001349584831333896
0.0004019585748687997
0.00011042543854536
2.930214753221986e-05
7.433057721920731e-06
1.828613967137838e-06
4.453563027065899e-07
1.027990542512569e-07
2.332913954683491e-08
2e-08
2e-08
2e-08
2e-08
2e-08
2e-08
2e-08
2e-08
2e-08
2e-08
2e-08
2e-08
2e-08
2e-08
2e-08
2e-08
2e-08
2e-08
2e-08
2e-08
2e-08
2e-08
2e-08
2e-08
2e-08
2e-08
2e-08
2e-08
2e-08
2e-08
2e-08
2e-08
2e-08
2e-08
2e-08
2e-08
2e-08
2e-08
2e-08
2e-08
2e-08
2e-08
2.606184318354465e-08
1.086531258043255e-07
4.461595398286985e-07
1.730522278329356e-06
6.603490756158274e-06
2.451496509203605e-05
8.650177466028991e-05
0.0002951201686663725
0.0009418680955346867
0.002716174701568675
0.006446507281631647
0.0115944497974775
0.01582032025235078
0.01817183634240483
0.01921976631961194
0.01965905844603718
0.01984296894456892
0.01992508083535898
0.01996178361591408
0.01997872318193486
0.01998711677131938
0.01999196321049403
0.01999437633226921
0.01999639210506376
0.01999703004997698
0.01999764564243061
0.01999783144323639
0.01999783144322722
0.01999764564250318
0.01999703004990282
0.01999639210471741
0.01999437633153868
0.01999196320829413
0.01998711677297148
0.01997872319492791
0.0199617836329975
0.01992508081233621
0.0198429688596391
0.01965905850737847
0.01921976652130475
0.01817183608165814
0.01582032008745279
0.01159445003432328
0.006446504733499165
0.002716170745796985
0.0009418637905495992
0.0002951157803574733
8.6499595477283e-05
2.451563787577059e-05
6.60662875682514e-06
1.732539792792031e-06
4.453563027065681e-07
1.086531258043255e-07
2.606184318354465e-08
2e-08
2e-08
2e-08
2e-08
2e-08
2e-08
2e-08
2e-08
2e-08
2e-08
2e-08
2e-08
2e-08
2e-08
2e-08
2e-08
2e-08
2e-08
2e-08
2e-08
2e-08
2e-08
2e-08
2e-08
2e-08
2e-08
2e-08
2e-08
2e-08
2e-08
2e-08
2e-08
2e-08
2e-08
2e-08
2e-08
2e-08
2e-08
2e-08
2e-08
2e-08
2e-08
2e-08
2e-08
2.606184318354465e-08
1.027990542512569e-07
3.95944203614662e-07
1.462981121047996e-06
5.194613318826686e-06
1.811765290753505e-05
6.031348451041396e-05
0.0001915978348502948
0.0005793807841415341
0.001610748574306407
0.003951905679641508
0.007974325291597761
0.01253690972789958
0.01603771580451967
0.01804743186272829
0.019045772379579
0.01951710265571745
0.01974201571447584
0.01985472520512485
0.01991295708998378
0.01994380404826718
0.01996142691044204
0.01997076072643436
0.01997696638892319
0.01997990845377052
0.01998147208980814
0.01998147208977868
0.01997990845378375
0.01997696638898834
0.01997076072612596
0.01996142690987341
0.01994380404696844
0.01991295708841416
0.0198547252121773
0.01974201573232762
0.01951710266421189
0.01904577232255855
0.0180474317916423
0.01603771596784175
0.01253690982539825
0.007974324989663542
0.003951905710134988
0.001610748286102782
0.0005793797526706299
0.0001915970828245907
6.031247074277885e-05
1.811674609876121e-05
5.19439756682532e-06
1.463426239535886e-06
3.968875088070024e-07
1.027990542512569e-07
2.606184318354465e-08
2e-08
2e-08
2e-08
2e-08
2e-08
2e-08
2e-08
2e-08
2e-08
2e-08
2e-08
2e-08
2e-08
2e-08
2e-08
2e-08
2e-08
2e-08
2e-08
2e-08
2e-08
2e-08
2e-08
2e-08
2e-08
2e-08
2e-08
2e-08
2e-08
2e-08
2e-08
2e-08
2e-08
2e-08
2e-08
2e-08
2e-08
2e-08
2e-08
2e-08
2e-08
2e-08
2e-08
2e-08
2e-08
2e-08
2.332913954683491e-08
8.706222507814943e-08
3.136197131691537e-07
1.099202353750949e-06
3.664526742875187e-06
1.197290872673875e-05
3.715939272469195e-05
0.0001106096176594345
0.0003134977394681228
0.0008372130990776047
0.002037463824504746
0.004398322385822918
0.007975794629797625
0.01189197137176395
0.01510764107217159
0.0171899210328422
0.01838617399255005
0.01904495661988672
0.0194048560066853
0.0196093351166933
0.01972464212537431
0.01979258240859955
0.01983294142256316
0.01985521048885115
0.01986526141318705
0.01986526141315717
0.01985521048883085
0.0198329414226298
0.01979258240850411
0.01972464212478445
0.01960933511587181
0.01940485600491905
0.01904495662070114
0.01838617400579782
0.01718992105243098
0.015107641062761
0.01189197129614681
0.007975794633743753
0.004398322492274074
0.002037463787389315
0.0008372130262225072
0.0003134977201891348
0.0001106094465024563
3.715915421113082e-05
1.197274456835279e-05
3.664251526936574e-06
1.099010848968139e-06
3.135967905689533e-07
8.706222507814943e-08
2.332913954683491e-08
2e-08
2e-08
2e-08
2e-08
2e-08
2e-08
2e-08
2e-08
2e-08
2e-08
2e-08
2e-08
2e-08
2e-08
2e-08
2e-08
2e-08
2e-08
2e-08
2e-08
2e-08
2e-08
2e-08
2e-08
2e-08
2e-08
2e-08
2e-08
2e-08
2e-08
2e-08
2e-08
2e-08
2e-08
2e-08
2e-08
2e-08
2e-08
2e-08
2e-08
2e-08
2e-08
2e-08
2e-08
2e-08
2e-08
2e-08
2e-08
2e-08
6.600305770487757e-08
2.218450672594384e-07
7.359237924665692e-07
2.318651357620023e-06
6.994436070835281e-06
2.046130947471526e-05
5.672370401591921e-05
0.0001501971589203946
0.0003780849374353351
0.0008881903244651975
0.001927003886614004
0.003760527558980914
0.006447632079619416
0.009577317527836382
0.01253562925642844
0.01485397485342984
0.01646981841773444
0.01751411515059038
0.01817293959768764
0.01858280841879906
0.01883536429878439
0.01898083270262563
0.01904458728115713
0.01904458728114745
0.01898083270259058
0.01883536429881175
0.01858280841883177
0.01817293959728795
0.01751411514981049
0.01646981841671297
0.01485397485166264
0.0125356292610546
0.009577317541692477
0.006447632087858219
0.003760527542795474
0.001927003860190343
0.0008881903465399341
0.0003780849519022467
0.0001501971378850373
5.672369145192439e-05
2.046128136941731e-05
6.994386703765554e-06
2.318594534900767e-06
7.358675086695157e-07
2.217748849453226e-07
6.600305770487757e-08
2e-08
2e-08
2e-08
2e-08
2e-08
2e-08
2e-08
2e-08
2e-08
2e-08
2e-08
2e-08
2e-08
2e-08
2e-08
2e-08
2e-08
2e-08
2e-08
2e-08
2e-08
2e-08
2e-08
2e-08
2e-08
2e-08
2e-08
2e-08
2e-08
2e-08
2e-08
2e-08
2e-08
2e-08
2e-08
2e-08
2e-08
2e-08
2e-08
2e-08
2e-08
2e-08
2e-08
2e-08
2e-08
2e-08
2e-08
2e-08
2e-08
2e-08
2e-08
2e-08
4.479111629263066e-08
1.433202761613739e-07
4.386893607562516e-07
1.303105528693068e-06
3.670385749378328e-06
1.001009587821682e-05
2.598305539089724e-05
6.414945262408747e-05
0.0001501339365685931
0.0003331795508363637
0.0006969170801373121
0.001349502354946969
0.002426731510171211
0.00395198244058824
0.005870395938107761
0.007974846763806104
0.009915992328791362
0.01159430767187907
0.01285068960961084
0.01375374389101255
0.0143204246838192
0.0145914031590801
0.01459140315908913
0.01432042468380604
0.01375374389098014
0.01285068960966795
0.01159430767177635
0.009915992328226332
0.007974846763296191
0.005870395937317953
0.003951982440166471
0.002426731514288484
0.0013495023589458
0.0006969170798920837
0.0003331795455161292
0.0001501339333607642
6.41494600858471e-05
2.598305327630392e-05
1.001009052415902e-05
3.670380235274209e-06
1.303092755039818e-06
4.386788720073632e-07
1.433202761613739e-07
4.479111629263066e-08
2e-08
2e-08
2e-08
2e-08
2e-08
2e-08
2e-08
2e-08
2e-08
2e-08
2e-08
2e-08
2e-08
2e-08
2e-08
2e-08
2e-08
2e-08
2e-08
2e-08
2e-08
2e-08
2e-08
2e-08
2e-08
2e-08
2e-08
2e-08
2e-08
2e-08
2e-08
2e-08
2e-08
2e-08
2e-08
2e-08
2e-08
2e-08
2e-08
2e-08
2e-08
2e-08
2e-08
2e-08
2e-08
2e-08
2e-08
2e-08
2e-08
2e-08
2e-08
2e-08
2e-08
2e-08
2.754598634635563e-08
8.237143489631116e-08
2.359370605211633e-07
6.562801443698171e-07
1.73449845731395e-06
4.395682126939373e-06
1.058447924606328e-05
2.444706012862902e-05
5.332765498058688e-05
0.0001106099852285677
0.0002178692691757628
0.0004017313231162013
0.0006969033877625527
0.001128514608217014
0.001713687744722376
0.00242657238238807
0.003195556888381151
0.003951388712089687
0.00461336872700375
0.005111037557807362
0.005348836141838348
0.005348836141844184
0.005111037557813718
0.004613368726981
0.003951388712087276
0.003195556888406085
0.002426572382240761
0.001713687744495419
0.001128514608103058
0.0006969033874734666
0.0004017313233459979
0.000217869270517078
0.000110609985546884
5.332765460038631e-05
2.444705899049296e-05
1.058447941965349e-05
4.39568376246592e-06
1.7344965485365e-06
6.562788599289277e-07
2.359344297389978e-07
8.237143489631116e-08
2.754598634635563e-08
2e-08
2e-08
2e-08
2e-08
2e-08
2e-08
2e-08
2e-08
2e-08
2e-08
2e-08
2e-08
2e-08
2e-08
2e-08
2e-08
2e-08
2e-08
2e-08
2e-08
2e-08
2e-08
2e-08
2e-08
2e-08
2e-08
2e-08
2e-08
2e-08
2e-08
2e-08
2e-08
2e-08
2e-08
2e-08
2e-08
2e-08
2e-08
2e-08
2e-08
2e-08
2e-08
2e-08
2e-08
2e-08
2e-08
2e-08
2e-08
2e-08
2e-08
2e-08
2e-08
2e-08
2e-08
2e-08
2e-08
2e-08
4.237782914695565e-08
1.148405657636076e-07
2.954294063538965e-07
7.315815496228871e-07
1.737222728080333e-06
3.908081855399207e-06
8.379458860027612e-06
1.711383862270384e-05
3.302329275895363e-05
6.029258229155063e-05
0.0001040531277441771
0.0001696644383688841
0.0002613826160732701
0.000378239768071525
0.0005140455292212629
0.0006529504328677321
0.0007846748461511512
0.0008881782287801209
0.0009418434340080692
0.0009418434340095707
0.0008881782287835008
0.0007846748461485511
0.0006529504328575166
0.0005140455292318329
0.0003782397680609977
0.0002613826160142249
0.0001696644383324152
0.0001040531277077229
6.029258224041256e-05
3.30232929020524e-05
1.711383890303794e-05
8.379458774634695e-06
3.908081784791568e-06
1.737222489820725e-06
7.315818056378339e-07
2.954296529011276e-07
1.148405657636076e-07
4.237782914695565e-08
2e-08
2e-08
2e-08
2e-08
2e-08
2e-08
2e-08
2e-08
2e-08
2e-08
2e-08
2e-08
2e-08
2e-08
2e-08
2e-08
2e-08
2e-08
2e-08
2e-08
2e-08
2e-08
2e-08
2e-08
2e-08
2e-08
2e-08
2e-08
2e-08
2e-08
2e-08
2e-08
2e-08
2e-08
2e-08
2e-08
2e-08
2e-08
2e-08
2e-08
2e-08
2e-08
2e-08
2e-08
2e-08
2e-08
2e-08
2e-08
2e-08
2e-08
