FiniteElementSpace
FiniteElementCollection: H1_2D_P1
VDim: 1
Ordering: 0

0.0009981761681875675
0.0009981737101584817
0.0009981613804158059
0.000998099206010631
0.0009978288700362096
0.0009967575189153656
0.0009927174156643011
0.0009782288603103222
0.0009310027665308071
0.0008012927809136207
0.0005526971447100007
0.0002838504401199304
0.000117079004611701
4.477546153243877e-05
1.700217515214489e-05
6.740694009531061e-06
2.806455955315543e-06
1.239635512743636e-06
5.81775059912342e-07
2.9209984089033e-07
1.569009045948829e-07
9.073339859775823e-08
5.650604872095209e-08
3.788292649372319e-08
2.733908042385767e-08
2.150353602526958e-08
1.820980663544654e-08
1.68089833895793e-08
1.68098313251075e-08
1.821255280511329e-08
2.150891011234316e-08
2.734858239478465e-08
3.789972974557423e-08
5.653646364917077e-08
9.079068378518592e-08
1.570140279852633e-07
2.923352941918463e-07
5.822934104114664e-07
1.240843129599543e-06
2.809408739278941e-06
6.748305576730215e-06
1.702263879824458e-05
4.483256349061257e-05
0.0001172364139970214
0.0002842511244235873
0.0005535129911955212
0.0008025252565281658
0.0009324903963716907
0.0009798479821277199
0.0009944146561676902
0.0009985130375649207
0.0009996344879016769
0.000999950064983389
0.001000053444616938
0.001000103045776105
0.001000138840505848
0.001000170651427343
0.001000200872719055
0.001000230074813772
0.001000258401892885
0.001000285891394082
0.001000312564597474
0.001000338430189366
0.001000363502044867
0.00100038778347725
0.001000411285541397
0.001000434013615588
0.001000455973879239
0.001000477168916171
0.00100049760504238
0.001000517284327886
0.001000536207437718
0.001000554377302006
0.00100057179715602
0.001000588467128403
0.001000604387995549
0.001000619563703042
0.001000633995741736
0.001000647682595411
0.001000660625285858
0.00100067282778725
0.001000684291309944
0.001000695014461378
0.001000704998390455
0.001000714246677642
0.001000722759364244
0.001000730531802117
0.00100073755979005
0.001000743843412073
0.001000749385539849
0.001000754188542944
0.001000758253115415
0.00100076157901593
0.001000764165935193
0.001000766013747276
0.001000767122432217
0.001000767491993355
0.0009981119743952696
0.0009980983897200735
0.0009980365467431242
0.0009977595361702651
0.0009965947431080744
0.0009919292145691824
0.0009741978415153485
0.0009127963066089246
0.0007434095340816128
0.00045317057687023
0.0001979534896634778
7.081479220513914e-05
2.411783095278414e-05
8.347083554027685e-06
3.020659716234409e-06
1.151298410730902e-06
4.633339236421062e-07
1.982215805059951e-07
9.072193646814782e-08
4.443819028637587e-08
2.329060207292583e-08
1.31414660241169e-08
8.032916336752399e-09
5.286729514918679e-09
3.792052624783376e-09
2.946246770044394e-09
2.479723735657068e-09
2.274963193434978e-09
2.27508310316359e-09
2.480114624007497e-09
2.947015992840499e-09
3.793428563345144e-09
5.289177166865881e-09
8.037424803819186e-09
1.315009934955725e-08
2.330804833349629e-08
4.447542081231575e-08
9.080569892712255e-08
1.98421039543486e-07
4.638381153800791e-07
1.152642123734537e-06
3.024415739237098e-06
8.358085663585177e-06
2.415131916282334e-05
7.091796792418084e-05
0.0001982550383337096
0.000453889799024265
0.0007446348900776561
0.0009143545629941842
0.0009759156680382097
0.0009937310632342411
0.0009984547373476324
0.0009996677481253445
0.0009999873861343983
0.001000087257983394
0.001000134467099312
0.00100016884100825
0.001000199644418022
0.001000228995133152
0.001000257373725166
0.001000284897595489
0.001000311598897518
0.001000337491131463
0.001000362587250499
0.001000386893378767
0.001000410418181341
0.001000433166699021
0.001000455148089639
0.001000476363208911
0.001000496818026685
0.001000516515618895
0.001000535458317022
0.001000553645860084
0.001000571082206273
0.001000587769205518
0.001000603706469396
0.001000618895995864
0.001000633341325705
0.00100064704239303
0.001000659997835598
0.001000672210393532
0.001000683683562692
0.001000694416869421
0.001000704409297294
0.001000713663753821
0.001000722182733043
0.001000729963428625
0.001000737000433247
0.001000743291671113
0.001000748839339235
0.001000753646475895
0.001000757714481775
0.001000761043316324
0.001000763632596516
0.00100076548211639
0.001000766591828439
0.001000766961731993
0.0009980354679133983
0.000997980246368395
0.000997728114576667
0.000996612867031037
0.0009918543124489765
0.0009724877971228947
0.000902080390955158
0.0007055021369378413
0.0003888210542471561
0.0001488406009585472
4.775374081146274e-05
1.478891418823949e-05
4.69692431727648e-06
1.546366808890149e-06
5.40255498647189e-07
1.98183087523429e-07
7.731570805617282e-08
3.227029831272826e-08
1.432220074991063e-08
6.801768962530451e-09
3.478062166217641e-09
1.926616064475039e-09
1.149010000044854e-09
9.972983802097834e-10
9.973167794323919e-10
9.97291574427138e-10
9.972611754564394e-10
9.972638317507127e-10
9.973195492248857e-10
9.974274856484587e-10
9.975666027412758e-10
9.97697818348847e-10
9.977832833556473e-10
1.149686836006768e-09
1.927940720027851e-09
3.480780487047699e-09
6.807702948351929e-09
1.433595586342709e-08
3.230405570656955e-08
7.74029827517416e-08
1.984223410155473e-07
5.409492960724975e-07
1.548469988407549e-06
4.703655875760928e-06
1.481117762256488e-05
4.782889177585197e-05
0.0001490845398017444
0.000389482774712837
0.0007067454073194745
0.0009037223447534117
0.0009743114423269216
0.0009937654923209318
0.0009985807860441061
0.0009997415593611943
0.001000032902612447
0.001000122140841215
0.001000165499354458
0.001000198200788353
0.001000227951415888
0.001000256419322172
0.001000283971438036
0.001000310688258416
0.001000336597619263
0.001000361707898592
0.001000386030578998
0.001000409571641729
0.001000432336219427
0.001000454332455142
0.001000475563888821
0.001000496034716434
0.001000515746951379
0.00100053470580431
0.001000552909788202
0.00100057036120235
0.00100058706262035
0.001000603015384951
0.001000618218837352
0.001000632676137651
0.001000646389743849
0.001000659358145285
0.00100067158126849
0.001000683063146893
0.001000693805722197
0.001000703807191437
0.001000713068346873
0.001000721592733413
0.001000729380298934
0.001000736425827131
0.001000742725062914
0.001000748278705638
0.001000753090074269
0.00100075716141784
0.001000760493090714
0.001000763084684484
0.001000764935891868
0.001000766046621108
0.001000766416863785
0.0009979265897155009
0.0009977232862037832
0.0009967725238464425
0.0009924921006856174
0.0009740449621820987
0.0009020072087706239
0.0006912512859485961
0.0003571778449376404
0.000124227181614018
3.640597842364042e-05
1.039430264410378e-05
3.020219012381609e-06
9.168914399126447e-07
2.920103804698284e-07
9.825860026974125e-08
3.494789307845154e-08
1.313863037462807e-08
5.28496454003348e-09
2.274605652211305e-09
1.053970973924604e-09
9.97070947916142e-10
9.971045317449103e-10
9.971409487210163e-10
9.971765558255067e-10
9.972020291686438e-10
9.972163864886721e-10
9.97230611024139e-10
9.972616083157896e-10
9.973212301886585e-10
9.97409000758364e-10
9.975125939424065e-10
9.976135306775972e-10
9.977000604253841e-10
9.977722839554931e-10
9.978357952640145e-10
9.978941602172942e-10
1.054936657431286e-09
2.27688954848017e-09
5.290722741416856e-09
1.315404240289531e-08
3.499167808027493e-08
9.838924996394583e-08
2.924204712717935e-07
9.182479050845017e-07
3.024918013873378e-06
1.041122421395282e-05
3.64676749693186e-05
0.0001244456751240691
0.0003578282537168147
0.0006925512967090607
0.0009037550366128417
0.0009759846994682306
0.0009945178648906538
0.0009988518555834281
0.000999844307182743
0.00100008232028632
0.001000156794075906
0.001000195803527385
0.00100022680459586
0.001000255512572068
0.00100028310920786
0.001000309833871697
0.001000335748871545
0.001000360864943314
0.001000385195811173
0.001000408745413595
0.001000431521835525
0.001000453527935838
0.001000474771021718
0.001000495254507602
0.001000514979394896
0.001000533950646819
0.001000552168821381
0.001000569634593772
0.001000586348642509
0.001000602314881061
0.001000617532088319
0.001000632001247642
0.001000645725671188
0.00100065870617149
0.001000670940574292
0.001000682431108612
0.00100069318178041
0.00100070319211536
0.001000712460769035
0.001000720990420173
0.001000728783555193
0.00100073583666539
0.001000742144004428
0.001000747704109861
0.00100075251993191
0.00100075659455889
0.001000759928964844
0.001000762522813486
0.001000764375684606
0.001000765487420549
0.001000765857998945
0.0009977224554055335
0.0009970075436328862
0.0009936047982331776
0.0009779204899584451
0.0009125733097171301
0.0007053837855494412
0.0003571470253726265
0.0001170393749311888
3.175065520327365e-05
8.344831980682566e-06
2.249129878184574e-06
6.299925126079522e-07
1.840483425985044e-07
5.647703456858981e-08
1.820309626471379e-08
6.238926455430328e-09
2.274208390327911e-09
9.969625815051806e-10
9.96971205664968e-10
9.969617958420406e-10
9.969713352044666e-10
9.96998999564933e-10
9.970349186922316e-10
9.970707871798612e-10
9.971048235577458e-10
9.971391662472242e-10
9.971773336044103e-10
9.97225452146432e-10
9.972893038631822e-10
9.973693242038877e-10
9.97459235851625e-10
9.975496274979109e-10
9.976353441009956e-10
9.977147704491372e-10
9.977892833417663e-10
9.978650487736653e-10
9.97949516180417e-10
9.980386594499863e-10
9.981069063022908e-10
2.276996832236639e-09
6.24706210870637e-09
1.822825169858239e-08
5.655939510545069e-08
1.84330645810148e-07
6.310067943717863e-07
2.252919215527378e-06
8.359479412091847e-06
3.180846511008509e-05
0.0001172598681051901
0.0003578417993640089
0.0007067976579653781
0.000914453619772578
0.0009799862850859479
0.0009957503779008294
0.0009992014641642304
0.000999952686516072
0.001000130634461272
0.001000190154443047
0.00100022512776422
0.001000254576644517
0.001000282295211988
0.001000309032960098
0.001000334943422449
0.001000360056777445
0.001000384388159589
0.001000407939391898
0.001000430721686746
0.001000452734136476
0.001000473984878968
0.001000494476657798
0.001000514212587223
0.001000533193675061
0.001000551423096023
0.001000568901766719
0.001000585627998521
0.001000601605704841
0.001000616835447694
0.001000631316844851
0.001000645051328968
0.00100065804237128
0.001000670288107729
0.001000681788011652
0.001000692546043405
0.001000702564394024
0.001000711841058605
0.001000720376483274
0.001000728174333403
0.001000735233808553
0.001000741548971863
0.00100074711597787
0.001000751936597785
0.001000756014524282
0.00100075935155962
0.001000761947593125
0.001000763802100332
0.001000764914832356
0.001000765285743231
0.0009972270399611271
0.0009948245046094331
0.0009831399803358382
0.0009306207480239287
0.0007431583244368475
0.0003887198723488457
0.0001242050284018801
3.174774735431039e-05
7.801987190256185e-06
1.9406400044826e-06
4.986880764972653e-07
1.344768151713776e-07
3.785400988424718e-08
1.119390103592333e-08
3.476996137560279e-09
1.14853166218695e-09
9.968122030493042e-10
9.968121631063929e-10
9.968235614927922e-10
9.968365418960187e-10
9.968547707212885e-10
9.96884545035289e-10
9.96923305229929e-10
9.969646548506649e-10
9.970074449072414e-10
9.970550252468306e-10
9.971080870389726e-10
9.971677468510776e-10
9.972361364365516e-10
9.973152186899788e-10
9.974015479288867e-10
9.974887249376089e-10
9.975748748613587e-10
9.976589515819799e-10
9.977415267966172e-10
9.978243345661737e-10
9.979074739601224e-10
9.979872210234669e-10
9.980576862125116e-10
9.981193010190177e-10
1.150107603339679e-09
3.482016148620603e-09
1.121090880923845e-08
3.791442422508821e-08
1.347016010886415e-07
4.995587924596555e-07
1.944171802245266e-06
7.816722272778681e-06
3.180972985529741e-05
0.0001244553278588535
0.0003895269174028771
0.0007447447162959047
0.0009326582327929144
0.0009853410440116817
0.000997094378212735
0.000999537711806564
0.001000050947154421
0.001000174734500088
0.001000221737389984
0.001000253394034137
0.001000281489734903
0.00100030827552391
0.001000334178694226
0.001000359280901687
0.00100038360484497
0.001000407152635894
0.001000429934029777
0.001000451949109471
0.00100047320464234
0.00100049370092624
0.001000513445042372
0.001000532434600383
0.001000550673185248
0.001000568162185004
0.001000584900408651
0.001000600888634365
0.001000616129151832
0.00100063062250113
0.001000644367352728
0.001000657367665463
0.001000669623825731
0.001000681133871387
0.001000691899380489
0.001000701924718495
0.001000711209256943
0.001000719751240932
0.001000727553606219
0.001000734618242217
0.001000740940549945
0.001000746514721033
0.001000751340574097
0.001000755421911843
0.001000758761490308
0.001000761359628906
0.001000763215740073
0.001000764329457641
0.001000764700698158
0.0009958853231450075
0.0009881948067267418
0.0009508466271330958
0.0008008816687646388
0.000452971793579338
0.0001487870311422803
3.639589964257741e-05
8.343253124542509e-06
1.940451574903024e-06
4.631596891157086e-07
1.146053849142008e-07
2.959858797825603e-08
8.028905337666648e-09
2.27386996690414e-09
9.967405397596564e-10
9.966952362508609e-10
9.966708298434683e-10
9.966657587754387e-10
9.966757962589777e-10
9.966965920899607e-10
9.967234153855467e-10
9.967596919549906e-10
9.968048231452816e-10
9.968542472472875e-10
9.969065813850237e-10
9.969640676656531e-10
9.970281842695461e-10
9.97097811924713e-10
9.971712320418266e-10
9.972521978117637e-10
9.973395089956066e-10
9.974276816574211e-10
9.975153899728048e-10
9.976028821398529e-10
9.976904962351044e-10
9.977771749162384e-10
9.978628792311285e-10
9.97945518205353e-10
9.980250468228931e-10
9.981046463727195e-10
9.981873736414558e-10
9.9827275500223e-10
2.277492766793196e-09
8.042273790120949e-09
2.965010527873558e-08
1.148133850843689e-07
4.64034049049167e-07
1.944252940362634e-06
8.360160248651593e-06
3.647201879481287e-05
0.0001491075943971993
0.0004539752361926577
0.0008027020635407774
0.0009530578158394154
0.00099053752233799
0.0009982823027489146
0.0009998159793066493
0.001000131279449085
0.001000213412424541
0.001000251421253858
0.001000280594479159
0.001000307539838628
0.001000333447585348
0.001000358533820829
0.001000382842304123
0.001000406381726673
0.001000429157226605
0.001000451170616983
0.001000472427851407
0.001000492926905549
0.001000512675766104
0.001000531672219378
0.001000549919048337
0.001000567415930739
0.001000584165024003
0.001000600163700097
0.001000615413904676
0.00100062991790539
0.00100064367364589
0.001000656682944352
0.00100066894818165
0.00100068046845812
0.001000691242234486
0.001000701273979176
0.001000710565647017
0.0010007191147738
0.001000726922066567
0.001000733990983694
0.001000740319456313
0.001000745900776155
0.001000750732322722
0.001000754817292812
0.00100075815936516
0.001000760759523139
0.001000762617200968
0.001000763731893671
0.001000764103461523
0.0009921274864350806
0.0009687878785325268
0.000862371943982682
0.0005523517724241689
0.0001978448959515577
4.773139484048215e-05
1.03903228297191e-05
2.248468229136538e-06
4.985877231579943e-07
1.145935274113576e-07
2.732167675361649e-08
6.800037171138983e-09
1.766858939539154e-09
9.966739620835183e-10
9.965774797296627e-10
9.965285918262043e-10
9.965070121584815e-10
9.965034861788231e-10
9.965173871489232e-10
9.965446656092822e-10
9.965807636096912e-10
9.966262881228545e-10
9.966790786784985e-10
9.967379278564608e-10
9.968007728314759e-10
9.968670027683255e-10
9.969406549941051e-10
9.97019288406997e-10
9.970984962465873e-10
9.971834162055726e-10
9.972735672287046e-10
9.973651105509707e-10
9.97455591270087e-10
9.975459372579557e-10
9.976380440611198e-10
9.977281824656688e-10
9.978176317426762e-10
9.979057058937973e-10
9.979924494594744e-10
9.980812145723349e-10
9.981717884662826e-10
9.982674138266584e-10
9.983844628883462e-10
1.769956674386213e-09
6.812400537928873e-09
2.737333651383824e-08
1.148184327036588e-07
4.996015885709114e-07
2.253201158199929e-06
1.041291503935407e-05
4.783834817776965e-05
0.0001983007934228908
0.0005536580607927962
0.0008644599882822773
0.0009711802841935518
0.0009946144453785171
0.0009991447974492485
0.001000012145512064
0.00100019199932933
0.00100024724135846
0.001000279371129835
0.001000306784009814
0.001000332737795075
0.001000357809380836
0.001000382097071185
0.001000405622250995
0.001000428388205035
0.001000450396518054
0.001000471651767895
0.001000492152675691
0.001000511903863969
0.001000530905119486
0.001000549159470196
0.001000566663320375
0.001000583421383356
0.001000599430204897
0.001000614690172652
0.001000629203309778
0.001000642969769373
0.001000655988569178
0.001000668262010267
0.001000679791736533
0.001000690574603511
0.00100070061296163
0.001000709910830454
0.00100071846714258
0.001000726280103793
0.001000733352964307
0.001000739686527954
0.001000745274645937
0.001000750112281299
0.001000754201209001
0.001000757545783569
0.001000760147875757
0.001000762007077472
0.001000763122734819
0.00100076349462826
0.0009819113297326874
0.0009173282135000946
0.0006763414611478151
0.0002836377754844589
7.076732886406846e-05
1.478024546084922e-05
3.018712265647516e-06
6.297353327205248e-07
1.34434544072907e-07
2.959219305827311e-08
6.799270415442588e-09
1.620910742179283e-09
9.966078914033684e-10
9.9646871571783e-10
9.963825975217636e-10
9.963352080264501e-10
9.963177591215777e-10
9.963225497668001e-10
9.963451047772394e-10
9.963802641696665e-10
9.964272740703416e-10
9.96484254599221e-10
9.965458398318912e-10
9.966151925503876e-10
9.966895424883446e-10
9.967645774277459e-10
9.968473087953727e-10
9.969345842075993e-10
9.97020539520464e-10
9.971106023047006e-10
9.972042332813929e-10
9.973007137716937e-10
9.973949389992937e-10
9.974875234891994e-10
9.975842688926767e-10
9.976783017220284e-10
9.977712130136673e-10
9.978649910449456e-10
9.979570773018261e-10
9.980511749989729e-10
9.981489779848223e-10
9.982525182405064e-10
9.983707937147407e-10
9.985097865165356e-10
1.624021919379166e-09
6.812716756949418e-09
2.965278350787017e-08
1.34719351049548e-07
6.311145589815874e-07
3.025545980611743e-06
1.481476670878716e-05
7.093747578554572e-05
0.0002843379779575777
0.0006780518661118098
0.0009196958884519435
0.0009844835967376454
0.0009973349688910621
0.0009996949789781806
0.001000137655772834
0.001000237652777093
0.001000277296192388
0.001000305913054814
0.001000332029009404
0.001000357098487775
0.0010003813637998
0.001000404869679857
0.001000427622484536
0.00100044962372185
0.001000470874024893
0.001000491375243136
0.001000511128045847
0.001000530132587099
0.001000548392800944
0.001000565903867276
0.001000582669475126
0.001000598687397849
0.001000613957656092
0.001000628479299213
0.001000642255546472
0.001000655284320349
0.001000667566082494
0.001000679104113178
0.001000689896308518
0.001000699942103971
0.001000709245610297
0.001000717808587597
0.001000725627887073
0.0010007327049288
0.001000739042668562
0.001000744636928184
0.0010007494808875
0.001000753574173896
0.001000756921333977
0.001000759525285092
0.001000761385962641
0.001000762502573749
0.001000762874791601
