FiniteElementSpace
FiniteElementCollection: H1_3D_P1
VDim: 1
Ordering: 0

0.0002371823121948783
4.228005232377716e-05
5.988419241982397e-06
8.170570395966989e-07
1.109198633034711e-07
1.505092464627768e-08
2.042677884408241e-09
8.562903513677737e-10
8.564339585684646e-10
8.565582904200265e-10
8.566718419746097e-10
8.567730284602024e-10
8.568668464033496e-10
8.569517756888029e-10
8.570317035172284e-10
8.571073858356648e-10
8.571778183875781e-10
8.572466625726946e-10
8.573101596488934e-10
8.573729695309022e-10
8.57432324727602e-10
8.574958130849835e-10
8.575456054816059e-10
8.575932662763766e-10
8.576365514354873e-10
8.576855255780737e-10
8.577418781853733e-10
8.577950311585972e-10
8.578478537813884e-10
8.578872835364747e-10
8.579263057020122e-10
8.579709303038999e-10
8.580129651123574e-10
8.580537348398485e-10
8.580938105954228e-10
8.581336838878408e-10
8.581731453061031e-10
8.582119701616802e-10
8.58249592325648e-10
8.582859404834861e-10
8.583212405318282e-10
8.58356041272566e-10
8.583897117695802e-10
2.047967822980023e-09
1.509056513055392e-08
1.1121453688286e-07
8.192456986740808e-07
6.004580310903612e-06
4.23950145216803e-05
0.0002378322176368857
0.0006341708586491773
0.0008192421066400298
0.0008529960786836613
0.00085780106933222
0.0008584712777822948
0.0008585765621621782
0.0008586046758281858
0.0008586217832581289
0.0008586368454385873
0.0008586510743197812
0.0008586646307276565
0.0008586775312504664
0.0008586897779537213
0.0008587013661271004
0.0008587122984867558
0.0008587225717658651
0.0008587321861792979
0.0008587411406798405
0.0008587494327615067
0.0008587570630186937
0.0008587640294488362
0.0008587703317162644
0.0008587759703222016
0.0008587809432005312
0.000858785251995661
0.0008587888970493632
0.0008587918788170621
0.0008587941993479811
0.0008587958577524496
0.0008587968565062463
0.0008587971947865995
0.000230240431690359
4.060117852565797e-05
5.729711673274455e-06
7.799436487544246e-07
1.056378922208989e-07
1.429838550689315e-08
1.935181605205716e-09
8.56259250483334e-10
8.564071199491354e-10
8.56535879806423e-10
8.566515873527344e-10
8.567553437031763e-10
8.568499763310425e-10
8.569371999477427e-10
8.570190569434801e-10
8.570972394602826e-10
8.571687237407849e-10
8.572363085728441e-10
8.572979116646166e-10
8.573602459653493e-10
8.57423046862805e-10
8.574915646625951e-10
8.575423592591548e-10
8.575852440270968e-10
8.57622739463903e-10
8.576720437793615e-10
8.577348178558126e-10
8.577933556437158e-10
8.578457735316444e-10
8.57880978433528e-10
8.579172693577221e-10
8.579629925429823e-10
8.580079928272194e-10
8.580507931534386e-10
8.580909561710353e-10
8.58129646921917e-10
8.581682399094054e-10
8.582069729338118e-10
8.582450182897186e-10
8.582820252144585e-10
8.58317579638459e-10
8.583524461726015e-10
8.583860102599902e-10
1.94027486450724e-09
1.433664510527687e-08
1.059229916219502e-07
7.820648502735039e-07
5.745407936801502e-06
4.071320546188212e-05
0.0002308805823344726
0.0006276126643366792
0.0008178016428475542
0.0008527901333914273
0.0008577720510157377
0.0008584657327442148
0.0008585741501307138
0.0008586027250920195
0.0008586199433769336
0.0008586350657133612
0.0008586493462294536
0.0008586629505064235
0.0008586758949795796
0.0008586881840458048
0.0008586998104723103
0.0008587107794024438
0.0008587210862009909
0.0008587307315495686
0.0008587397150339253
0.0008587480331077947
0.0008587556875946329
0.0008587626757248416
0.0008587689974606872
0.0008587746535980273
0.0008587796416154107
0.0008587839636156093
0.0008587876197585837
0.0008587906104872342
0.0008587929380667374
0.0008587946014276369
0.0008587956030907418
0.000858795942346579
0.0002371704319026974
4.227793864730377e-05
5.988114150701856e-06
8.170154634611263e-07
1.109139891905821e-07
1.505014722423327e-08
2.042565124417153e-09
8.562496893191575e-10
8.563962885573983e-10
8.565261508920771e-10
8.566421129378267e-10
8.567464393130977e-10
8.568421211988744e-10
8.569290710589112e-10
8.570104022715645e-10
8.570875313136717e-10
8.571590165676105e-10
8.572289669597616e-10
8.572932948188481e-10
8.573569681998602e-10
8.574170364382408e-10
8.57481186759524e-10
8.575316276244525e-10
8.575798116165378e-10
8.576236771518611e-10
8.576731058897534e-10
8.577299644278344e-10
8.577835416465569e-10
8.578367928322069e-10
8.578766189495227e-10
8.579160230328462e-10
8.579610116754345e-10
8.580033959516001e-10
8.58044498388803e-10
8.580848973325077e-10
8.581250732002065e-10
8.581648324483414e-10
8.582039337945556e-10
8.582418286863453e-10
8.582784322137784e-10
8.583139813782937e-10
8.583490165934599e-10
8.58382899465475e-10
2.047952220859546e-09
1.509045609426533e-08
1.112137739526124e-07
8.192403513124178e-07
6.004542933606053e-06
4.239476220706467e-05
0.00023783085883613
0.0006341673782748054
0.0008192377818612797
0.0008529917415056592
0.00085779686354754
0.0008584672145134669
0.0008585726348017795
0.0008586008760022096
0.0008586181028465789
0.0008586332767891923
0.0008586476102177883
0.0008586612643550668
0.000858674256137746
0.000858686587945524
0.0008586982553459875
0.0008587092613051696
0.0008587196027796133
0.0008587292801835188
0.0008587382926491661
0.0008587466378296296
0.0008587543164623348
0.0008587613266710294
0.0008587676682321695
0.0008587733417457813
0.0008587783452315023
0.0008587826804084167
0.0008587863476811265
0.0008587893475579314
0.0008587916821302998
0.0008587933505413061
0.0008587943552898434
0.0008587946955668827
0.0002586890210686959
4.770225925471341e-05
6.833353082904894e-06
9.388951440159502e-07
1.283386351374852e-07
1.754482567011045e-08
2.400811573731721e-09
8.562616188202302e-10
8.564021818937244e-10
8.565294784972473e-10
8.566427297838711e-10
8.567446333365969e-10
8.568402984449488e-10
8.569260166834841e-10
8.570073924764488e-10
8.570829713146625e-10
8.571530218750755e-10
8.572236633410124e-10
8.572896599771653e-10
8.573553815826061e-10
8.574122217642519e-10
8.574698678905731e-10
8.575198600880764e-10
8.575773105155372e-10
8.576326678995371e-10
8.576820243019831e-10
8.577276670401856e-10
8.577720652733707e-10
8.578260429890354e-10
8.578721633982014e-10
8.579148398436226e-10
8.579582187408608e-10
8.579983111647546e-10
8.580390828763718e-10
8.580804862780733e-10
8.58121687527379e-10
8.58161416417859e-10
8.582001238397814e-10
8.582378919906649e-10
8.582745341721412e-10
8.583106607712557e-10
8.583459406097634e-10
8.583806225663224e-10
2.407067592893834e-09
1.759119640023515e-08
1.286812239145889e-07
9.414211556617324e-07
6.85188495502218e-06
4.783258971793484e-05
0.0002594014056840307
0.0006530718797594284
0.0008232601806911173
0.0008535580879695104
0.0008578699906190261
0.0008584750266163623
0.0008585719333302356
0.0008585991210613033
0.0008586162650039683
0.0008586314822975983
0.0008586458698635203
0.0008586595760700041
0.0008586726176029054
0.0008586849931265781
0.0008586967034827824
0.0008587077470757375
0.000858718124276739
0.0008587278345409058
0.0008587368761608274
0.0008587452492507704
0.0008587529519868504
0.0008587599845944392
0.0008587663462025688
0.0008587720369780066
0.0008587770561692065
0.0008587814044635833
0.0008587850829018622
0.000858788092064515
0.0008587904335652796
0.0008587921071153375
0.0008587931151096344
0.0008587934564483275
0.0002967463741062612
5.817880479942749e-05
8.505498824684072e-06
1.182538675531933e-06
1.63486569398772e-07
2.262515714618682e-08
3.138064051354432e-09
8.562927595013523e-10
8.564242424634635e-10
8.565451889862112e-10
8.566535232185625e-10
8.567511381216926e-10
8.568437644716458e-10
8.569267385031181e-10
8.570080572277967e-10
8.570838594090731e-10
8.571535702984457e-10
8.57221829958423e-10
8.572845708196196e-10
8.573502614466598e-10
8.574078536608339e-10
8.574650270311731e-10
8.575155459253794e-10
8.575759771085806e-10
8.576357389985775e-10
8.576848489090623e-10
8.577261899671546e-10
8.577674829976095e-10
8.578208427868648e-10
8.578669627118636e-10
8.579086359873431e-10
8.579520030423609e-10
8.579944703993493e-10
8.580372451722668e-10
8.580782290509435e-10
8.581177558675085e-10
8.581565398299139e-10
8.581957415038924e-10
8.582343223520412e-10
8.58271567319418e-10
8.583077984254203e-10
8.583429616417116e-10
8.583782996124203e-10
3.146038723887385e-09
2.26834500463348e-08
1.639123462949144e-07
1.185645573052359e-06
8.528041707609243e-06
5.833424276498388e-05
0.0002975457203463041
0.0006819956417203831
0.0008290872872937443
0.0008543754504928774
0.0008579767425962985
0.0008584873025295886
0.0008585718150818324
0.0008585974342274149
0.0008586144319046799
0.0008586296859457358
0.0008586441292887334
0.0008586578900751039
0.000858670982325792
0.00085868340372329
0.000858695157614421
0.0008587062399342086
0.0008587166536716573
0.0008587263970977323
0.0008587354684895889
0.0008587438696619653
0.0008587515966662054
0.0008587586518881827
0.0008587650335250817
0.0008587707415984454
0.0008587757765477914
0.0008587801378843069
0.0008587838275467564
0.0008587868460363118
0.0008587891944081528
0.0008587908731918843
0.0008587918845601644
0.0008587922269899232
0.000353694716598733
7.63362661927031e-05
1.152554150519463e-05
1.629852352984658e-06
2.28888496550323e-07
3.221241429953135e-08
4.550976294529047e-09
8.563409897232344e-10
8.564600005871074e-10
8.565698332290612e-10
8.566721025219616e-10
8.567656742208177e-10
8.56854615891786e-10
8.569343263241482e-10
8.570115260956609e-10
8.570849134244876e-10
8.571550312998422e-10
8.572230806335591e-10
8.572836906463866e-10
8.573465090418198e-10
8.574039545812773e-10
8.574638145739857e-10
8.575162034753867e-10
8.575729889633326e-10
8.576278261009989e-10
8.576765576219043e-10
8.577227332347904e-10
8.577673855387899e-10
8.578182910391743e-10
8.578611198537823e-10
8.5790251737273e-10
8.579479695470997e-10
8.579918238975216e-10
8.580334509213943e-10
8.580730153927801e-10
8.581129501287767e-10
8.581534910595672e-10
8.581936629517821e-10
8.582317128549207e-10
8.582684399760027e-10
8.583043185856646e-10
8.583396620346824e-10
8.583741943174461e-10
4.562136928938058e-09
3.22925484976855e-08
2.294645979936153e-07
1.633996458247753e-06
1.155513294594972e-05
7.65340063301558e-05
0.0003546188483153929
0.000717092177656512
0.0008356826076281757
0.0008552964800260755
0.000858097987507261
0.0008585015930943844
0.0008585719713304641
0.0008585957815340507
0.0008586126042831909
0.0008586278920601397
0.00085864239342304
0.000858656210693778
0.0008586693541599406
0.0008586818237559316
0.0008586936208724747
0.0008587047433610758
0.0008587151939459252
0.000858724970607403
0.0008587340725804793
0.0008587425014324001
0.0008587502531010235
0.0008587573309425686
0.0008587637324095036
0.0008587694579486599
0.000858774508482537
0.0008587788828037699
0.000858782583755885
0.0008587856114944271
0.000858787966704038
0.0008587896508232887
0.0008587906656488008
0.0008587910091826985
0.0002371823121943075
4.228005232394235e-05
5.988419241941843e-06
8.170570396062978e-07
1.109198633012624e-07
1.505092464675631e-08
2.042677884318139e-09
8.562903513936649e-10
8.564339585576827e-10
8.56558290422293e-10
8.566718419762922e-10
8.567730284575631e-10
8.568668464043267e-10
8.569517756893311e-10
8.570317035131311e-10
8.571073858420096e-10
8.571778183791623e-10
8.572466625814627e-10
8.573101596406323e-10
8.573729695371795e-10
8.574323247243645e-10
8.574958130850312e-10
8.575456054838324e-10
8.575932662729174e-10
8.576365514394847e-10
8.5768552557474e-10
8.577418781879489e-10
8.577950311573043e-10
8.578478537818571e-10
8.578872835366202e-10
8.579263057016623e-10
8.579709303043024e-10
8.580129651120268e-10
8.580537348400099e-10
8.58093810595435e-10
8.581336838877078e-10
8.581731453062468e-10
8.582119701617583e-10
8.582495923251314e-10
8.582859404846881e-10
8.583212405296271e-10
8.583560412761369e-10
8.583897117642991e-10
2.047967822992528e-09
1.509056513049976e-08
1.112145368830605e-07
8.192456986733889e-07
6.004580310905955e-06
4.239501452167266e-05
0.0002378322176369057
0.0006341708586491474
0.0008192421066400505
0.0008529960786836464
0.0008578010693322412
0.0008584712777822813
0.0008585765621621848
0.0008586046758281824
0.0008586217832581363
0.0008586368454385834
0.0008586510743197843
0.0008586646307276563
0.0008586775312504663
0.0008586897779537249
0.0008587013661271007
0.0008587122984867599
0.0008587225717658622
0.0008587321861792998
0.0008587411406798367
0.0008587494327615095
0.0008587570630186907
0.0008587640294488403
0.0008587703317162665
0.0008587759703221993
0.0008587809432005367
0.0008587852519956565
0.0008587888970493669
0.0008587918788170655
0.0008587941993479796
0.0008587958577524519
0.0008587968565062455
0.0008587971947865993
0.0002302404316932456
4.060117852483219e-05
5.729711673475277e-06
7.799436487070919e-07
1.056378922318595e-07
1.429838550444586e-08
1.9351816056983e-09
8.562592502944365e-10
8.564071200664076e-10
8.565358797335149e-10
8.566515873981058e-10
8.567553436748812e-10
8.56849976348801e-10
8.569371999364706e-10
8.570190569508065e-10
8.570972394553006e-10
8.571687237443686e-10
8.572363085702186e-10
8.572979116665522e-10
8.573602459638723e-10
8.574230468636587e-10
8.574915646623074e-10
8.575423592590685e-10
8.575852440273369e-10
8.576227394633326e-10
8.576720437798874e-10
8.577348178555415e-10
8.577933556436809e-10
8.578457735316731e-10
8.578809784334892e-10
8.579172693576983e-10
8.579629925430385e-10
8.580079928270618e-10
8.580507931537182e-10
8.580909561705855e-10
8.581296469225677e-10
8.581682399085057e-10
8.582069729350401e-10
8.582450182880269e-10
8.582820252167449e-10
8.583175796353894e-10
8.583524461767437e-10
8.583860102544744e-10
1.940274864519242e-09
1.433664510522495e-08
1.059229916221461e-07
7.820648502728152e-07
5.74540793680383e-06
4.07132054618747e-05
0.0002308805823344907
0.0006276126643366518
0.0008178016428475789
0.0008527901333914133
0.0008577720510157502
0.0008584657327442033
0.0008585741501307264
0.0008586027250920209
0.0008586199433769291
0.0008586350657133586
0.0008586493462294573
0.0008586629505064196
0.0008586758949795868
0.0008586881840458046
0.0008586998104723082
0.0008587107794024386
0.0008587210862009901
0.0008587307315495652
0.0008587397150339244
0.0008587480331077854
0.0008587556875946402
0.0008587626757248367
0.0008587689974606866
0.0008587746535980268
0.0008587796416154148
0.0008587839636156088
0.0008587876197585877
0.0008587906104872295
0.0008587929380667412
0.000858794601427635
0.0008587956030907388
0.0008587959423465836
0.00023717043190894
4.227793864550158e-05
5.98811415114188e-06
8.1701546335713e-07
1.109139892147018e-07
1.505014721884734e-08
2.042565125500478e-09
8.562496889230411e-10
8.563962887982799e-10
8.565261507466809e-10
8.566421130253051e-10
8.567464392601402e-10
8.568421212327148e-10
8.569290710362795e-10
8.570104022899755e-10
8.570875312976744e-10
8.57159016582954e-10
8.572289669459493e-10
8.572932948309286e-10
8.573569681907215e-10
8.574170364432616e-10
8.574811867589423e-10
8.575316276222174e-10
8.575798116205581e-10
8.576236771468742e-10
8.576731058942421e-10
8.57729964424824e-10
8.577835416478977e-10
8.578367928318817e-10
8.578766189493626e-10
8.579160230332137e-10
8.579610116751656e-10
8.58003395951645e-10
8.580444983892159e-10
8.580848973316201e-10
8.581250732016239e-10
8.58164832446427e-10
8.582039337969282e-10
8.582418286835048e-10
8.582784322170655e-10
8.583139813744997e-10
8.583490165980581e-10
8.583828994597089e-10
2.047952220871979e-09
1.509045609421322e-08
1.112137739528079e-07
8.192403513117334e-07
6.004542933608384e-06
4.239476220705711e-05
0.0002378308588361489
0.0006341673782747744
0.0008192377818613069
0.0008529917415056362
0.0008577968635475556
0.0008584672145134569
0.0008585726348017861
0.0008586008760022027
0.0008586181028465843
0.0008586332767891897
0.0008586476102177893
0.0008586612643550608
0.0008586742561377459
0.0008586865879455239
0.0008586982553459838
0.0008587092613051735
0.0008587196027796149
0.0008587292801835192
0.0008587382926491648
0.0008587466378296353
0.0008587543164623343
0.0008587613266710304
0.0008587676682321649
0.0008587733417457794
0.0008587783452315077
0.0008587826804084153
0.0008587863476811273
0.0008587893475579353
0.000858791682130298
0.0008587933505413037
0.0008587943552898411
0.0008587946955668818
0.0002586890210770758
4.770225925222574e-05
6.833353083518788e-06
9.388951438700803e-07
1.283386351714347e-07
1.754482566249929e-08
2.400811575278345e-09
8.562616183065642e-10
8.564021822010239e-10
8.565294783156166e-10
8.566427298898883e-10
8.567446332737294e-10
8.568402984830192e-10
8.569260166563337e-10
8.57007392497719e-10
8.570829712934215e-10
8.571530218955741e-10
8.572236633209082e-10
8.572896599953259e-10
8.573553815682861e-10
8.574122217723536e-10
8.574698678885624e-10
8.575198600851456e-10
8.575773105217067e-10
8.576326678918816e-10
8.576820243095222e-10
8.577276670351425e-10
8.577720652760414e-10
8.578260429881861e-10
8.578721633982722e-10
8.579148398439513e-10
8.579582187405259e-10
8.579983111647265e-10
8.580390828769638e-10
8.580804862767487e-10
8.581216875294482e-10
8.581614164151701e-10
8.582001238430616e-10
8.582378919869051e-10
8.582745341762854e-10
8.583106607668364e-10
8.583459406145678e-10
8.583806225608112e-10
2.407067592906485e-09
1.759119640018246e-08
1.28681223914789e-07
9.41421155661016e-07
6.851884955024617e-06
4.783258971792707e-05
0.0002594014056840504
0.0006530718797594018
0.0008232601806911344
0.0008535580879694975
0.0008578699906190378
0.0008584750266163501
0.0008585719333302435
0.0008585991210612968
0.0008586162650039665
0.000858631482297597
0.0008586458698635271
0.0008586595760700001
0.0008586726176029119
0.0008586849931265723
0.0008586967034827931
0.0008587077470757311
0.0008587181242767373
0.0008587278345409081
0.0008587368761608245
0.0008587452492507688
0.0008587529519868502
0.0008587599845944361
0.0008587663462025695
0.0008587720369780048
0.0008587770561692039
0.0008587814044635871
0.0008587850829018675
0.0008587880920645094
0.0008587904335652786
0.0008587921071153383
0.0008587931151096323
0.0008587934564483297
0.0002967463741147349
5.817880479678421e-05
8.505498825348304e-06
1.182538675373042e-06
1.634865694358296e-07
2.262515713786606e-08
3.138064053068316e-09
8.562927590159902e-10
8.56424242743361e-10
8.565451888290453e-10
8.566535233052352e-10
8.567511380751569e-10
8.568437644984996e-10
8.569267384869211e-10
8.570080572425544e-10
8.570838593945831e-10
8.571535703153812e-10
8.572218299404956e-10
8.572845708372737e-10
8.573502614315948e-10
8.57407853670925e-10
8.574650270272074e-10
8.575155459240315e-10
8.575759771138766e-10
8.576357389901403e-10
8.576848489171826e-10
8.577261899606355e-10
8.577674830010062e-10
8.578208427849604e-10
8.578669627125262e-10
8.579086359869335e-10
8.579520030424767e-10
8.579944703988919e-10
8.580372451731919e-10
8.580782290491823e-10
8.581177558699816e-10
8.581565398266257e-10
8.581957415076624e-10
8.582343223477983e-10
8.582715673238395e-10
8.583077984208305e-10
8.583429616465963e-10
8.583782996069778e-10
3.14603872390173e-09
2.26834500462768e-08
1.639123462951244e-07
1.18564557305161e-06
8.528041707611796e-06
5.833424276497565e-05
0.0002975457203463237
0.0006819956417203536
0.0008290872872937687
0.0008543754504928635
0.0008579767425963104
0.0008584873025295857
0.0008585718150818403
0.0008585974342274101
0.0008586144319046825
0.0008586296859457286
0.0008586441292887309
0.0008586578900751079
0.000858670982325792
0.0008586834037232909
0.0008586951576144148
0.0008587062399342122
0.0008587166536716561
0.000858726397097735
0.0008587354684895917
0.0008587438696619709
0.0008587515966662029
0.0008587586518881872
0.0008587650335250849
0.0008587707415984438
0.0008587757765477885
0.0008587801378843108
0.0008587838275467536
0.0008587868460363166
0.0008587891944081484
0.0008587908731918886
0.0008587918845601653
0.0008587922269899248
0.000353694716605013
7.633626619059086e-05
1.152554150573825e-05
1.62985235285463e-06
2.288884965802551e-07
3.221241429294939e-08
4.550976295863355e-09
8.563409894322016e-10
8.564600007328695e-10
8.565698331612885e-10
8.566721025467818e-10
8.567656742172957e-10
8.568546158851677e-10
8.569343263313179e-10
8.570115260894927e-10
8.570849134259364e-10
8.571550313031456e-10
8.572230806257407e-10
8.572836906570723e-10
8.573465090307633e-10
8.574039545910465e-10
8.57463814567769e-10
8.575162034775294e-10
8.575729889661503e-10
8.576278260955118e-10
8.576765576296033e-10
8.577227332290577e-10
8.577673855433654e-10
8.578182910367841e-10
8.578611198560901e-10
8.579025173714616e-10
8.579479695485621e-10
8.579918238964601e-10
8.580334509230912e-10
8.580730153907756e-10
8.581129501316942e-10
8.581534910562528e-10
8.581936629557626e-10
8.582317128507825e-10
8.582684399803846e-10
8.583043185813131e-10
8.583396620391944e-10
8.583741943123879e-10
4.562136928954573e-09
3.229254849762206e-08
2.294645979938493e-07
1.633996458246942e-06
1.155513294595249e-05
7.653400633014743e-05
0.0003546188483154108
0.0007170921776564919
0.0008356826076281944
0.0008552964800260635
0.0008580979875072689
0.0008585015930943743
0.0008585719713304679
0.000858595781534048
0.000858612604283198
0.0008586278920601335
0.0008586423934230449
0.0008586562106937764
0.0008586693541599357
0.000858681823755934
0.0008586936208724753
0.0008587047433610714
0.0008587151939459292
0.0008587249706073962
0.0008587340725804853
0.0008587425014323962
0.0008587502531010287
0.0008587573309425694
0.0008587637324094949
0.0008587694579486632
0.0008587745084825364
0.0008587788828037669
0.0008587825837558905
0.0008587856114944257
0.0008587879667040374
0.0008587896508232878
0.000858790665648802
0.0008587910091826929
