FiniteElementSpace
FiniteElementCollection: H1_3D_P1
VDim: 1
Ordering: 0

0.0008574461295025587
0.0008574453626167387
0.000857441078403239
0.000857417779001254
0.0008573137674805165
0.0008568931006320059
0.0008552929131136051
0.0008495306835049712
0.0008301541587191875
0.0007720804990387346
0.0006334387327575406
0.0004137499073084428
0.0002105496831583765
9.233608880828984e-05
3.905287940081979e-05
1.697675023641432e-05
7.807119992909618e-06
3.849214346548311e-06
2.049691414364674e-06
1.184614694667478e-06
7.458991398168097e-07
5.132527468089147e-07
3.869081043022872e-07
3.201328784949503e-07
2.911103749903567e-07
2.911211289219466e-07
3.201682767329699e-07
3.869790866661741e-07
5.13383697333954e-07
7.461417098940213e-07
1.185080646013035e-06
2.050632790189698e-06
3.851226896213144e-06
7.8116791592316e-06
1.698766046903677e-05
3.90801734347215e-05
9.240561111891027e-05
0.0002107191517434404
0.0004141034037417878
0.000634009712672403
0.0007728111359325993
0.0008309753130119123
0.0008504055397744291
0.0008562065827676891
0.00085783947813758
0.0008582896415120587
0.0008584207762486195
0.0008584690534341081
0.000858496212477326
0.0008585177649205726
0.0008585374860025242
0.0008585562667044031
0.0008585743162555058
0.0008585916880391207
0.0008586084011338676
0.0008586244599464071
0.0008586398710289472
0.0008586546400690574
0.0008586687708299209
0.0008586822645035846
0.0008586951256101099
0.0008587073560366549
0.0008587189545994483
0.0008587299225224518
0.0008587402630841832
0.0008587499757376756
0.0008587590578423474
0.0008587675111089119
0.0008587753389449942
0.0008587825408949819
0.0008587891142453167
0.0008587950593244142
0.0008588003792361588
0.0008588050762353589
0.0008588091503204036
0.0008588126004316757
0.0008588154254173014
0.000858817624387996
0.000858819196848838
0.0008588201427645429
0.0008588204622723706
0.0008574095882176642
0.0008574048375461325
0.0008573824054935388
0.0008572788086800719
0.0008568321378081231
0.0008550054950716183
0.000847908426055917
0.0008222362741150396
0.0007415095049427798
0.0005548674714658888
0.0003051135735429139
0.0001280032447841981
4.777964860867377e-05
1.771230859794334e-05
6.84471050473574e-06
2.812228512884476e-06
1.240215631724916e-06
5.906451277721734e-07
3.052227713811784e-07
1.71860629883414e-07
1.058322210412776e-07
7.150816746857875e-08
5.315887219435903e-08
4.357096696563217e-08
3.94325072862844e-08
3.943403785519922e-08
4.357602813604261e-08
5.316911304231682e-08
7.152731327062843e-08
1.058683093942056e-07
1.71931443536258e-07
3.053694617883709e-07
5.90967916443492e-07
1.240971752027973e-06
2.814112905992445e-06
6.84969198801193e-06
1.772617594058147e-05
4.781957347492848e-05
0.0001281166769343424
0.0003053986995421327
0.0005554114004066645
0.0007422687141658979
0.0008231122173819803
0.0008488449549218839
0.0008559813864343612
0.0008578396569187942
0.0008583142988746127
0.0008584433258689583
0.000858488908112421
0.0008585146030928464
0.0008585352836666161
0.0008585543309032872
0.0008585724978719324
0.0008585899506940168
0.0008586067320680724
0.0008586228553881976
0.0008586383257779094
0.000858653148170937
0.0008586673293242194
0.0008586808706039604
0.0008586937746699127
0.0008587060450392554
0.0008587176829071221
0.000858728686796189
0.0008587390591990941
0.0008587488025374366
0.0008587579147839754
0.0008587663945350517
0.0008587742448799148
0.0008587814681415443
0.0008587880622327426
0.000858794025447543
0.0008587993598592358
0.0008588040686960736
0.0008588081530650769
0.0008588116122306505
0.0008588144449571039
0.000858816650188806
0.0008588182272272901
0.0008588191759019045
0.0008588194963246227
0.000857368269348969
0.0008573492244986028
0.0008572595202515282
0.0008568486951174985
0.0008550475098814865
0.0008475128237024164
0.0008181741235172251
0.0007207003368395603
0.0004985863960801004
0.0002375412868167204
8.565939031299572e-05
2.810895116051279e-05
9.293837519964963e-06
3.217841573666931e-06
1.184392966323617e-06
4.671034466101939e-07
1.985254792659344e-07
9.139157885648273e-08
4.578784260228304e-08
2.507794525470706e-08
1.50774888477564e-08
9.987723345546589e-09
7.312455839950747e-09
5.931787866994785e-09
5.340326054770195e-09
5.340544013941328e-09
5.93251259504312e-09
7.313937524007351e-09
9.990534604844614e-09
1.508288945133094e-08
2.508878893799977e-08
4.581091073797882e-08
9.14438733848444e-08
1.986520458291485e-07
4.674303267717604e-07
1.185292063133382e-06
3.220465944416034e-06
9.301917233432048e-06
2.813482874221794e-05
8.574244982527922e-05
0.000237782758632146
0.0004991153985300872
0.0007214953985178367
0.0008191094236662772
0.0008485135361121058
0.0008560871717501387
0.0008579184640043761
0.0008583554856255084
0.0008584686929897282
0.0008585088499691738
0.0008585325919127693
0.0008585523172550846
0.0008585706723835827
0.000858588214004712
0.0008586050599329143
0.0008586212409721529
0.0008586367663196543
0.0008586516397551168
0.0008586658670857618
0.0008586794531155583
0.0008586923992674241
0.0008587047076340725
0.0008587163820421831
0.0008587274215855639
0.0008587378260494729
0.0008587475982958847
0.0008587567393301999
0.0008587652463532579
0.0008587731198652564
0.0008587803635151098
0.0008587869775717488
0.000858792959413065
0.000858798309147662
0.0008588030300811411
0.0008588071245806805
0.0008588105926068607
0.0008588134329522052
0.0008588156444043928
0.0008588172260494181
0.0008588181775310569
0.0008588184988895815
0.0008573162107547873
0.0008572481597923952
0.0008569201157984419
0.0008553846051076731
0.0008484869286593145
0.0008195169653288026
0.0007161520024054393
0.0004734405468728544
0.000204078678674733
6.551653633478102e-05
1.927623834104376e-05
5.738599790065063e-06
1.787959912060059e-06
5.905499976743031e-07
2.082708681171704e-07
7.888191629181972e-08
3.226020849486186e-08
1.432253329355829e-08
6.939274681843271e-09
3.687620663133736e-09
2.159576295352126e-09
1.399679777459437e-09
1.007637560978382e-09
8.577692125595776e-10
8.578069055671268e-10
8.578432645395046e-10
8.578787779804105e-10
1.007852036666346e-09
1.400093867106955e-09
2.160388812644269e-09
3.689294814026117e-09
6.94294377577538e-09
1.433112690050661e-08
3.228175002896068e-08
7.893965995882848e-08
2.084360340264796e-07
5.910524701414501e-07
1.789579455386283e-06
5.74409769478709e-06
1.92956660724691e-05
6.558567731285073e-05
0.0002043032985276327
0.0004739819798132513
0.0007170001590755773
0.0008205189778532815
0.0008495547931562622
0.0008564895488632363
0.0008580531345080574
0.0008584052814177349
0.0008584946535575025
0.0008585283098436487
0.0008585500249685639
0.0008585688078345157
0.0008585864748945545
0.0008586033875902145
0.0008586196212013894
0.000858635195446766
0.0008586501168184358
0.0008586643878767345
0.0008586780148523184
0.00085869100093921
0.0008587033467481388
0.0008587150552719792
0.0008587261285390639
0.0008587365653152524
0.0008587463660878929
0.0008587555340184721
0.0008587640678589917
0.0008587719655670634
0.0008587792295198288
0.0008587858624856036
0.0008587918627750512
0.0008587972285881522
0.000858801962141376
0.0008588060667447418
0.0008588095434229989
0.0008588123912258424
0.000858814608818367
0.0008588161950696607
0.0008588171493965457
0.0008588174717117965
0.0008572356507590929
0.0008570073270967177
0.0008558735829798372
0.0008504250292496637
0.0008257186961171001
0.0007292768243166377
0.000481835674790556
0.0001977646970250807
5.825905840386155e-05
1.558605836214291e-05
4.20703447029237e-06
1.184231290695243e-06
3.518321884844756e-07
1.110875215793511e-07
3.74934679342821e-08
1.360491073820457e-08
5.338507617999089e-09
2.278779460581232e-09
1.064410736641329e-09
8.576175246125845e-10
8.576518691115161e-10
8.576871124046488e-10
8.577237454004473e-10
8.577612597318703e-10
8.577991845182583e-10
8.578365083878744e-10
8.578736348127989e-10
8.579110048495611e-10
8.579481296099301e-10
8.579850750301354e-10
8.580218157635344e-10
1.064999554310669e-09
2.280212975412576e-09
5.342244785535233e-09
1.36153437442416e-08
3.752457548612231e-08
1.11186267661587e-07
3.521647272255147e-07
1.185413713409879e-06
4.211448261975507e-06
1.560316109547203e-05
5.832566254766993e-05
0.0001979994208656979
0.000482427489059485
0.0007302010733592892
0.0008267953879304323
0.0008515627368137766
0.0008570450991785289
0.000858204365133247
0.000858454376730632
0.0008585192152746771
0.0008585468803961006
0.0008585668066836699
0.0008585847190307929
0.0008586017134761866
0.0008586179984888707
0.0008586336165505577
0.0008586485806144437
0.0008586628935273536
0.0008586765588899896
0.0008586895815740621
0.0008587019637231745
0.0008587137054859602
0.0008587248101477042
0.0008587352781754146
0.0008587451079745415
0.0008587543017137905
0.0008587628608903003
0.0008587707832064137
0.0008587780681811106
0.0008587847193709198
0.0008587907373597069
0.0008587961196374959
0.0008588008665000406
0.0008588049813861325
0.0008588084665438295
0.0008588113216151452
0.0008588135452342482
0.000858815136062441
0.0008588160932594768
0.000858816416550895
0.0008570762477022425
0.0008563489345080407
0.000852629919572442
0.0008344637154880735
0.0007559367355904602
0.0005230742868181448
0.0002170501023977491
6.058852622956728e-05
1.493339753728725e-05
3.679753895921458e-06
9.40235571735545e-07
2.521832722504133e-07
7.148146871024482e-08
2.1536957900396e-08
6.938028668293916e-09
2.404462871711097e-09
9.022347157489789e-10
8.575361582298921e-10
8.575691138607325e-10
8.576053700166542e-10
8.576412645498765e-10
8.57678287582852e-10
8.577155037629994e-10
8.577530840721728e-10
8.577914874228805e-10
8.578295542938842e-10
8.578673817686106e-10
8.579054085934155e-10
8.579432032221913e-10
8.579807606025799e-10
8.580187877872565e-10
8.580561379672651e-10
8.580936396837602e-10
9.028945982466819e-10
2.406394893751813e-09
6.944056250414129e-09
2.155698699008937e-08
7.155207894277727e-08
2.524460852690675e-07
9.41263924683496e-07
3.683958404675277e-06
1.495115650656942e-05
6.066326041836493e-05
0.0002173269199323149
0.0005237621233910395
0.0007569590144529987
0.0008356210081458531
0.0008538393266282507
0.0008575878998266744
0.0008583377725885356
0.0008584964300464692
0.0008585413433106323
0.0008585644063380241
0.0008585829048306352
0.0008586000318552129
0.000858616372019709
0.0008586320315291664
0.0008586470333142348
0.0008586613845306904
0.0008586750868797789
0.000858688143700297
0.0008587005595989808
0.0008587123342399101
0.0008587234690858876
0.0008587339663271741
0.0008587438251191912
0.0008587530447722497
0.0008587616278626875
0.0008587695741062041
0.0008587768809645764
0.0008587835504534537
0.0008587895852487424
0.0008587949838411052
0.0008587997446624719
0.0008588038702399631
0.0008588073638074714
0.0008588102259505787
0.0008588124554544899
0.0008588140508033392
0.000858815010880239
0.0008588153351642864
0.0008574461295026552
0.0008574453626166508
0.0008574410784033339
0.0008574177790011602
0.0008573137674806099
0.0008568931006319153
0.000855292913113701
0.0008495306835048812
0.0008301541587192809
0.0007720804990386609
0.0006334387327576168
0.0004137499073084098
0.0002105496831584137
9.233608880829125e-05
3.905287940083401e-05
1.69767502364211e-05
7.807119992917212e-06
3.849214346554004e-06
2.049691414369728e-06
1.184614694671847e-06
7.458991398207382e-07
5.132527468124772e-07
3.86908104305607e-07
3.201328784981156e-07
2.911103749934437e-07
2.911211289250372e-07
3.201682767361289e-07
3.869790866694903e-07
5.133836973375124e-07
7.461417098979111e-07
1.185080646017386e-06
2.050632790194673e-06
3.851226896218909e-06
7.811679159238458e-06
1.698766046904507e-05
3.908017343473149e-05
9.240561111892201e-05
0.0002107191517434542
0.0004141034037418013
0.0006340097126724142
0.0007728111359326058
0.0008309753130119204
0.0008504055397744372
0.0008562065827676902
0.0008578394781375765
0.0008582896415120624
0.0008584207762486217
0.000858469053434105
0.000858496212477328
0.0008585177649205704
0.0008585374860025217
0.0008585562667044017
0.0008585743162555045
0.000858591688039123
0.0008586084011338683
0.000858624459946409
0.0008586398710289448
0.000858654640069055
0.0008586687708299214
0.0008586822645035864
0.0008586951256101148
0.0008587073560366513
0.0008587189545994426
0.0008587299225224515
0.0008587402630841854
0.0008587499757376777
0.0008587590578423468
0.0008587675111089146
0.0008587753389449878
0.000858782540894985
0.0008587891142453208
0.0008587950593244094
0.0008588003792361671
0.0008588050762353567
0.0008588091503204006
0.0008588126004316713
0.0008588154254173026
0.0008588176243879963
0.0008588191968488421
0.0008588201427645388
0.0008588204622723785
0.00085740958821783
0.0008574048375459676
0.0008573824054937054
0.0008572788086799047
0.0008568321378082944
0.0008550054950714467
0.0008479084260560854
0.0008222362741148786
0.0007415095049429185
0.0005548674714657726
0.0003051135735429731
0.0001280032447841591
4.777964860868158e-05
1.771230859793388e-05
6.844710504734374e-06
2.81222851288108e-06
1.240215631723025e-06
5.906451277703185e-07
3.052227713797157e-07
1.718606298821286e-07
1.058322210401536e-07
7.150816746756839e-08
5.315887219342447e-08
4.357096696474832e-08
3.943250728542601e-08
3.943403785434036e-08
4.35760281351616e-08
5.316911304138476e-08
7.152731326962014e-08
1.058683093930856e-07
1.719314435349903e-07
3.053694617868931e-07
5.909679164417474e-07
1.240971752025861e-06
2.814112905989869e-06
6.849691988008688e-06
1.772617594057732e-05
4.781957347492319e-05
0.0001281166769343372
0.0003053986995421231
0.0005554114004066605
0.0007422687141658936
0.0008231122173819734
0.0008488449549218811
0.0008559813864343647
0.0008578396569187929
0.000858314298874611
0.0008584433258689599
0.0008584889081124189
0.0008585146030928468
0.0008585352836666199
0.0008585543309032846
0.0008585724978719399
0.0008585899506940181
0.0008586067320680693
0.0008586228553882028
0.0008586383257779097
0.0008586531481709363
0.0008586673293242155
0.0008586808706039593
0.0008586937746699157
0.000858706045039252
0.0008587176829071258
0.000858728686796187
0.0008587390591990906
0.0008587488025374359
0.0008587579147839767
0.0008587663945350483
0.0008587742448799173
0.0008587814681415425
0.00085878806223274
0.0008587940254475448
0.0008587993598592346
0.0008588040686960767
0.0008588081530650789
0.0008588116122306486
0.0008588144449571011
0.0008588166501888079
0.0008588182272272839
0.0008588191759019097
0.0008588194963246133
0.0008573682693492605
0.0008573492244983129
0.0008572595202518226
0.0008568486951171979
0.0008550475098817893
0.0008475128237021116
0.0008181741235175146
0.0007207003368393032
0.0004985863960802968
0.0002375412868166172
8.565939031304618e-05
2.810895116049694e-05
9.293837519973923e-06
3.217841573665727e-06
1.184392966325687e-06
4.671034466106382e-07
1.985254792667159e-07
9.139157885695041e-08
4.578784260272399e-08
2.507794525505963e-08
1.507748884806091e-08
9.987723345816538e-09
7.312455840194918e-09
5.931787867223579e-09
5.340326054990199e-09
5.340544014161662e-09
5.932512595270818e-09
7.313937524251504e-09
9.9905346051124e-09
1.508288945163497e-08
2.50887889383525e-08
4.581091073840006e-08
9.144387338535373e-08
1.986520458297776e-07
4.674303267725437e-07
1.185292063134404e-06
3.220465944417332e-06
9.301917233433801e-06
2.813482874222034e-05
8.574244982528236e-05
0.0002377827586321476
0.0004991153985300938
0.0007214953985178373
0.0008191094236662846
0.0008485135361120994
0.0008560871717501403
0.000857918464004381
0.0008583554856255092
0.0008584686929897272
0.0008585088499691751
0.0008585325919127691
0.0008585523172550868
0.000858570672383586
0.0008585882140047086
0.0008586050599329148
0.00085862124097215
0.0008586367663196592
0.0008586516397551118
0.0008586658670857623
0.0008586794531155602
0.0008586923992674257
0.0008587047076340705
0.0008587163820421794
0.0008587274215855639
0.0008587378260494776
0.0008587475982958873
0.0008587567393302046
0.0008587652463532598
0.0008587731198652556
0.000858780363515107
0.0008587869775717539
0.0008587929594130626
0.0008587983091476622
0.0008588030300811356
0.0008588071245806766
0.0008588105926068632
0.0008588134329522069
0.0008588156444043923
0.0008588172260494206
0.0008588181775310516
0.0008588184988895844
0.0008573162107552743
0.000857248159791905
0.0008569201157989262
0.0008553846051071733
0.0008484869286598222
0.0008195169653283109
0.0007161520024058839
0.0004734405468725299
0.0002040786786749027
6.551653633470671e-05
1.927623834106953e-05
5.738599790054368e-06
1.787959912062915e-06
5.905499976725211e-07
2.082708681173302e-07
7.888191629137479e-08
3.226020849475278e-08
1.432253329338513e-08
6.939274681739393e-09
3.687620663040379e-09
2.159576295278256e-09
1.399679777397197e-09
1.007637560922565e-09
8.577692125066574e-10
8.578069055118135e-10
8.57843264484837e-10
8.578787779269756e-10
1.00785203661113e-09
1.400093867044354e-09
2.160388812570652e-09
3.689294813935816e-09
6.942943775662376e-09
1.433112690036428e-08
3.228175002877968e-08
7.893965995859585e-08
2.084360340261736e-07
5.910524701410455e-07
1.789579455385725e-06
5.74409769478633e-06
1.929566607246792e-05
6.558567731284972e-05
0.0002043032985276307
0.0004739819798132481
0.0007170001590755768
0.0008205189778532834
0.0008495547931562598
0.0008564895488632301
0.0008580531345080562
0.0008584052814177375
0.0008584946535575053
0.0008585283098436519
0.0008585500249685561
0.0008585688078345195
0.0008585864748945588
0.0008586033875902128
0.0008586196212013925
0.0008586351954467668
0.000858650116818439
0.0008586643878767384
0.0008586780148523197
0.0008586910009392131
0.0008587033467481383
0.0008587150552719842
0.0008587261285390626
0.0008587365653152526
0.0008587463660878942
0.0008587555340184727
0.0008587640678589946
0.0008587719655670658
0.0008587792295198305
0.0008587858624856062
0.0008587918627750497
0.0008587972285881521
0.0008588019621413771
0.0008588060667447407
0.0008588095434230014
0.0008588123912258397
0.0008588146088183676
0.0008588161950696597
0.0008588171493965477
0.0008588174717117922
0.0008572356507598587
0.000857007327095941
0.0008558735829806213
0.000850425029248867
0.0008257186961178882
0.0007292768243158997
0.0004818356747911116
0.0001977646970247884
5.825905840398254e-05
1.558605836210055e-05
4.207034470307777e-06
1.184231290690455e-06
3.518321884864948e-07
1.11087521578865e-07
3.749346793463527e-08
1.360491073818362e-08
5.338507618088402e-09
2.278779460602037e-09
1.064410736674341e-09
8.576175246392635e-10
8.576518691432343e-10
8.576871124398906e-10
8.57723745435699e-10
8.577612597722599e-10
8.577991845571785e-10
8.578365084294076e-10
8.578736348509274e-10
8.57911004886549e-10
8.57948129644072e-10
8.57985075061637e-10
8.580218157920787e-10
1.064999554337743e-09
2.280212975448922e-09
5.342244785584248e-09
1.361534374430838e-08
3.752457548621359e-08
1.111862676617072e-07
3.521647272256962e-07
1.185413713410106e-06
4.211448261975868e-06
1.560316109547249e-05
5.832566254767081e-05
0.0001979994208656981
0.0004824274890594863
0.0007302010733592869
0.0008267953879304336
0.0008515627368137796
0.0008570450991785287
0.0008582043651332429
0.0008584543767306321
0.0008585192152746748
0.0008585468803961002
0.000858566806683667
0.0008585847190307937
0.0008586017134761919
0.0008586179984888718
0.0008586336165505606
0.000858648580614446
0.0008586628935273527
0.0008586765588899895
0.0008586895815740583
0.0008587019637231705
0.000858713705485957
0.0008587248101477033
0.0008587352781754139
0.0008587451079745397
0.0008587543017137904
0.0008587628608902945
0.0008587707832064112
0.0008587780681811097
0.0008587847193709193
0.0008587907373597068
0.0008587961196374936
0.0008588008665000447
0.0008588049813861299
0.0008588084665438286
0.0008588113216151476
0.0008588135452342444
0.000858815136062442
0.0008588160932594739
0.0008588164165508991
0.0008570762477034229
0.0008563489345068537
0.000852629919573651
0.0008344637154868456
0.0007559367355916431
0.0005230742868172027
0.0002170501023982675
6.058852622935539e-05
1.49333975373614e-05
3.679753895896181e-06
9.402355717435798e-07
2.521832722475779e-07
7.148146871106586e-08
2.153695790002671e-08
6.938028668371402e-09
2.40446287164686e-09
9.022347157538123e-10
8.575361582010535e-10
8.575691138525784e-10
8.5760536999121e-10
8.576412645279503e-10
8.576782875585388e-10
8.577155037335568e-10
8.577530840463676e-10
8.577914873907258e-10
8.578295542660273e-10
8.578673817387151e-10
8.579054085672788e-10
8.579432031961778e-10
8.579807605796647e-10
8.580187877667207e-10
8.580561379498631e-10
8.5809363966877e-10
9.028945982341069e-10
2.406394893734214e-09
6.944056250388884e-09
2.155698699005105e-08
7.155207894272747e-08
2.524460852689886e-07
9.412639246833954e-07
3.683958404675104e-06
1.49511565065692e-05
6.066326041836482e-05
0.0002173269199323136
0.000523762123391038
0.0007569590144530037
0.0008356210081458487
0.0008538393266282527
0.0008575878998266764
0.0008583377725885348
0.0008584964300464709
0.0008585413433106321
0.0008585644063380278
0.0008585829048306341
0.000858600031855211
0.000858616372019711
0.0008586320315291612
0.0008586470333142369
0.0008586613845306871
0.0008586750868797815
0.0008586881437002979
0.0008587005595989809
0.0008587123342399055
0.0008587234690858909
0.0008587339663271745
0.0008587438251191935
0.0008587530447722473
0.0008587616278626825
0.000858769574106208
0.0008587768809645748
0.000858783550453454
0.0008587895852487443
0.0008587949838411016
0.0008587997446624678
0.00085880387023996
0.00085880736380747
0.0008588102259505771
0.0008588124554544932
0.0008588140508033363
0.0008588150108802419
0.0008588153351642879
