FiniteElementSpace
FiniteElementCollection: H1_2D_P1
VDim: 1
Ordering: 0

0.0009985390306315363
0.0009985398008200148
0.0009985421094603885
0.0009985459511609471
0.0009985513170328072
0.0009985581952643304
0.0009985665717191703
0.0009985764310523905
0.0009985877572589617
0.0009986005330171125
0.0009986147385482556
0.0009986303517724524
0.000998647350186239
0.0009986657123264707
0.0009986854169771265
0.0009987064414033787
0.0009987287615045046
0.0009987523535629002
0.0009987771948300978
0.0009988032608984224
0.000998830523056028
0.0009988589478539356
0.0009988884997255982
0.0009989191417937911
0.0009989508352479014
0.0009989835364584525
0.0009990171962458137
0.0009990517584017764
0.0009990871595741745
0.0009991233284492368
0.0009991601865361674
0.0009991976504625732
0.0009992356332088968
0.0009992740460716928
0.0009993127992434577
0.0009993518044947914
0.0009993909764374925
0.0009994302334947781
0.0009994694971917162
0.0009995086929614368
0.0009995477510957296
0.0009995866072346606
0.0009996252013701322
0.0009996634775813751
0.0009997013848636383
0.0009997388777357832
0.0009997759150364351
0.0009998124585376502
0.0009998484731932619
0.0009998839282393029
0.0009999187968911653
0.0009999530550026841
0.0009999866809168641
0.001000019656286801
0.00100005196581972
0.001000083595075477
0.001000114529615244
0.001000144756341932
0.001000174265151531
0.001000203047994187
0.001000231097047355
0.001000258404893601
0.001000284966211381
0.001000310778030377
0.001000335837567552
0.001000360140717901
0.001000383683192547
0.001000406462563801
0.001000428478206907
0.001000449729262779
0.001000470213538801
0.001000489928752113
0.001000508874360113
0.001000527051488269
0.001000544460963824
0.001000561101619806
0.001000576970522464
0.00100059206466386
0.001000606382455213
0.001000619923978882
0.001000632690230303
0.001000644682216594
0.001000655900498269
0.001000666345204098
0.001000676016247683
0.00100068491351294
0.001000693036934215
0.001000700386501934
0.001000706962242909
0.001000712764202015
0.001000717792431028
0.001000722046982324
0.001000725527904916
0.001000728235241787
0.001000730169027942
0.001000731329289141
0.001000731716041111
0.0009985558559071593
0.0009985566166802109
0.0009985588981782979
0.0009985626963810112
0.0009985680018878961
0.0009985748019398896
0.0009985830840617935
0.0009985928364486028
0.0009986040445635084
0.0009986166892418907
0.0009986307494128837
0.0009986462050066021
0.0009986630370038296
0.0009986812243439221
0.0009987007438660232
0.0009987215716056319
0.0009987436848073344
0.0009987670599621759
0.0009987916713044319
0.0009988174893959451
0.0009988444823278426
0.0009988726158532417
0.0009989018539567362
0.000998932158408081
0.0009989634885694254
0.0009989957997187178
0.0009990290413395058
0.0009990631559644294
0.0009990980799420462
0.0009991337447023282
0.000999170077359515
0.0009992070006546309
0.00099924443329917
0.0009992822919145969
0.0009993204929398276
0.0009993589540116688
0.0009993975939548701
0.0009994363338996835
0.0009994750983531332
0.0009995138166634431
0.0009995524219152034
0.0009995908507068787
0.0009996290428152337
0.0009996669430528998
0.0009997045007594594
0.0009997416695398296
0.0009997784062669541
0.0009998146723668997
0.000999850433639358
0.0009998856591968983
0.0009999203199422767
0.0009999543892107033
0.000999987844207778
0.001000020665685873
0.001000052836325006
0.001000084339760648
0.001000115161603261
0.001000145289800448
0.001000174713394916
0.001000203421293838
0.00100023140319895
0.001000258651532194
0.001000285161362814
0.001000310928326252
0.001000335947216992
0.001000360213057046
0.001000383722776184
0.001000406474962758
0.001000428467977256
0.001000449698958164
0.001000470165000668
0.001000489864872205
0.00100050879905676
0.001000526967992448
0.001000544370396328
0.001000561003275665
0.001000576863388998
0.001000591948719869
0.001000606258887676
0.001000619794555861
0.001000632556570678
0.00100064454543787
0.001000655761252925
0.001000666203875095
0.001000675873113384
0.001000684768823814
0.001000692890928184
0.001000700239398368
0.001000706814236758
0.00100071261546266
0.00100071764310413
0.0010007218971928
0.001000725377760273
0.001000728084835336
0.001000730018442116
0.001000731178598689
0.001000731565316275
0.0009985704096294986
0.0009985711628807282
0.0009985734207835176
0.0009985771784282367
0.0009985824286917102
0.0009985891625986702
0.0009985973686286089
0.0009986070326315894
0.0009986181380786275
0.0009986306672452165
0.0009986446018998127
0.0009986599235841664
0.0009986766130024183
0.0009986946488801842
0.0009987140080978309
0.0009987346662901826
0.0009987565994108568
0.0009987797825088587
0.0009988041883977235
0.0009988297857912445
0.0009988565406560343
0.0009988844175429501
0.0009989133802069351
0.0009989433900900475
0.0009989744043963672
0.0009990063758080314
0.0009990392525880819
0.0009990729790448629
0.0009991074944891473
0.0009991427326455078
0.000999178622123884
0.0009992150879728908
0.0009992520537154457
0.0009992894417714751
0.0009993271738965254
0.0009993651714766969
0.00099940335708443
0.0009994416558359099
0.0009994799954508688
0.0009995183064342632
0.0009995565220669194
0.0009995945802369426
0.0009996324232321352
0.000999669997403714
0.0009997072516380837
0.0009997441382988094
0.0009997806141243187
0.0009998166404481712
0.0009998521818960445
0.0009998872055906264
0.0009999216819136186
0.0009999555846984102
0.0009999888904628426
0.001000021577008997
0.001000053624166926
0.001000085015081112
0.001000115736222787
0.001000145775287833
0.00100017511971863
0.001000203757526185
0.001000231678867681
0.001000258876013857
0.001000285341746528
0.001000311068712367
0.001000336050644342
0.00100036028367503
0.001000383765703073
0.001000406494428518
0.001000428466432033
0.001000449678270462
0.001000470128083734
0.001000489815682597
0.001000508740977046
0.001000526902395278
0.00100054429677609
0.001000560920637765
0.001000576771577669
0.0010005918487743
0.001000606152529839
0.00100061968347047
0.001000632441990563
0.001000644428116015
0.001000655641632766
0.001000666082263311
0.001000675749774352
0.001000684644006987
0.001000692764865981
0.001000700112299874
0.001000706686285275
0.001000712486816751
0.001000717513900189
0.00100072176754814
0.001000725247776194
0.001000727954600297
0.001000729888034686
0.001000731048090539
0.001000731434775005
0.0009985827080137041
0.0009985834540220733
0.0009985856902511305
0.0009985894125787444
0.0009985946162128197
0.000998601294645146
0.0009986094366838559
0.0009986190262400855
0.000998630045297229
0.0009986424775982445
0.0009986563077332999
0.0009986715184676792
0.0009986880886440831
0.0009987059953672603
0.0009987252159481352
0.0009987457282228361
0.0009987675081405975
0.0009987905283093945
0.0009988147582316055
0.0009988401653714413
0.0009988667157542997
0.0009988943735875009
0.0009989231012397085
0.0009989528588345159
0.0009989836036648477
0.0009990152887415097
0.0009990478618993415
0.0009990812658202011
0.000999115439108069
0.0009991503173592195
0.0009991858335506956
0.0009992219177594232
0.0009992584969290715
0.0009992954956886157
0.0009993328379606285
0.0009993704487708981
0.0009994082547240357
0.0009994461840156358
0.0009994841663343648
0.0009995221339229505
0.0009995600223791962
0.0009995977707844619
0.0009996353214087891
0.0009996726197956003
0.0009997096157813555
0.0009997462631863435
0.0009997825191725516
0.0009998183429450296
0.0009998536969587147
0.0009998885477771925
0.0009999228664627454
0.0009999566264814429
0.0009999898027020838
0.001000022371682301
0.001000054313049066
0.001000085609352232
0.00100011624490034
0.001000146205237414
0.001000175477875967
0.001000204052760277
0.001000231921007487
0.001000259073225506
0.001000285499472064
0.001000311191111391
0.001000336142300083
0.001000360349372357
0.001000383808957328
0.001000406517051874
0.00100042846989531
0.00100044966526172
0.001000470102442422
0.001000489780805233
0.001000508698370322
0.001000526851697343
0.001000544237024575
0.001000560851580824
0.001000576694120537
0.001000591764566457
0.001000606063275246
0.001000619590475383
0.001000632346082244
0.001000644329784112
0.001000655541202468
0.00100066598000316
0.001000675645935073
0.001000684538824194
0.001000692658554195
0.001000700005048969
0.001000706578260531
0.001000712378160897
0.001000717404736084
0.001000721657981656
0.001000725137899083
0.001000727844492958
0.001000729777768927
0.001000730937732127
0.001000731324386111
0.0009985927590991134
0.0009985934987381817
0.0009985957174684164
0.0009985994136022097
0.0009986045821808282
0.0009986112143524548
0.0009986192985288521
0.000998628821807518
0.0009986397700996132
0.0009986521276965463
0.0009986658765334163
0.0009986809968975943
0.0009986974677734599
0.0009987152681217822
0.000998734376359817
0.0009987547700795573
0.0009987764238283453
0.0009987993086505835
0.0009988233920760292
0.0009988486403741707
0.0009988750195568496
0.0009989024951317402
0.000998931030121784
0.0009989605834205318
0.0009989911096393315
0.0009990225596562517
0.0009990548814101737
0.0009990880195929128
0.0009991219152755998
0.0009991565055306158
0.0009991917237710422
0.0009992275008119326
0.0009992637659572005
0.0009993004480436305
0.0009993374753660877
0.0009993747756879426
0.0009994122766251716
0.0009994499071055046
0.0009994875989718186
0.0009995252871492035
0.0009995629093305469
0.000999600405047908
0.0009996377168209804
0.0009996747905741911
0.0009997115765445518
0.0009997480280632802
0.0009997841017440319
0.0009998197571864803
0.0009998549576447126
0.0009998896691116343
0.0009999238600163307
0.0009999575013903122
0.0009999905679583311
0.001000023038003089
0.001000054891771868
0.001000086110019696
0.00100011667443485
0.00100014656951969
0.001000175783329991
0.001000204306087699
0.001000232128039734
0.001000259238943731
0.001000285629270363
0.001000311291333794
0.001000336218944088
0.001000360406294203
0.001000383847693045
0.001000406538519319
0.001000428476151496
0.001000449659574877
0.001000470087825974
0.001000489758620263
0.001000508668261016
0.001000526812713672
0.001000544188853623
0.001000560795019437
0.001000576630734128
0.001000591696038584
0.001000605990941392
0.001000619515203318
0.001000632268386022
0.001000644249992256
0.001000655459574369
0.001000665896777792
0.001000675561338898
0.001000684453066117
0.001000692571821081
0.001000699917504651
0.001000706490047116
0.001000712289401007
0.001000717315535379
0.001000721568431318
0.001000725048078289
0.00100072775447138
0.001000729687609001
0.001000730847491241
0.001000731234118574
0.0009986005679175254
0.0009986013042958587
0.0009986035126559982
0.000998607189860484
0.0009986123295939509
0.0009986189229674472
0.0009986269604380206
0.0009986364322082291
0.0009986473263232055
0.0009986596263679454
0.0009986733118430122
0.0009986883612943989
0.0009987047547897615
0.0009987224735220469
0.00099874149659766
0.000998761799202094
0.0009987833527169909
0.0009988061271436676
0.0009988300917728662
0.0009988552150934165
0.0009988814631373434
0.000998908799356484
0.0009989371843395136
0.0009989665762068711
0.0009989969299505097
0.000999028197167293
0.0009990603257233142
0.0009990932600259014
0.0009991269412201649
0.0009991613074882342
0.0009991962943631438
0.0009992318350543932
0.000999267860874956
0.0009993043016018398
0.0009993410864567846
0.0009993781449804413
0.0009994154081447778
0.0009994528081000602
0.000999490278256231
0.0009995277530731172
0.0009995651697110859
0.0009996024688016403
0.0009996395949873628
0.0009996764954288168
0.0009997131194697932
0.0009997494190313431
0.0009997853502616649
0.0009998208736579906
0.0009998559529483886
0.0009998905537036242
0.0009999246434291185
0.0009999581927209037
0.0009999911757470178
0.001000023569581264
0.001000055353123678
0.0010000865070574
0.001000117014255557
0.001000146859783166
0.001000176030074367
0.001000204512487884
0.001000232295822068
0.001000259371096652
0.001000285731219891
0.00100031136948655
0.001000336278351137
0.001000360449817585
0.001000383877115525
0.001000406555991014
0.001000428484367264
0.001000449660712594
0.001000470082541484
0.001000489746138266
0.001000508647428264
0.001000526783097775
0.001000544151147017
0.001000560750702012
0.001000576581443501
0.001000591643101102
0.001000605935229535
0.001000619457228522
0.0010006322084601
0.001000644188348648
0.001000655396424562
0.001000665832324156
0.001000675495771018
0.00100068438655582
0.001000692504520375
0.001000699849546136
0.001000706421545601
0.001000712220455527
0.001000717246231283
0.001000721498842364
0.001000724978268703
0.00100072768449779
0.001000729617522318
0.001000730777338301
0.001000731163943816
0.0009986061422347866
0.0009986068767418976
0.0009986090780346592
0.0009986127406091641
0.0009986178580685058
0.0009986244239861728
0.0009986324307645351
0.0009986418678001453
0.0009986527211776268
0.0009986649745761279
0.0009986786104725991
0.0009986936102229828
0.00099870995373757
0.0009987276190601879
0.0009987465823775878
0.0009987668179883679
0.0009987882982801083
0.0009988109939702841
0.0009988348743176973
0.0009988599073154619
0.0009988860590116504
0.0009989132930161297
0.0009989415698035389
0.0009989708469247773
0.0009990010787599064
0.0009990322165690324
0.0009990642080279024
0.0009990969974644763
0.0009991305262055609
0.0009991647332059292
0.0009991995553472674
0.0009992349274017681
0.0009992707822610999
0.0009993070512641926
0.0009993436652231452
0.0009993805549349901
0.0009994176519508063
0.0009994548887501261
0.0009994921995698204
0.0009995295207459779
0.0009995667911255938
0.0009996039518242552
0.0009996409464498742
0.0009996777216540642
0.0009997142277430721
0.0009997504185156009
0.0009997862503423362
0.0009998216818112552
0.0009998566743487545
0.00099989119345253
0.0009999252085622168
0.0009999586916891903
0.0009999916158921042
0.001000023955643269
0.001000055688409297
0.001000086795664176
0.001000117261729066
0.001000147071635416
0.001000176210165073
0.001000204663050342
0.001000232418814095
0.001000259469153032
0.001000285807405086
0.00100031142664597
0.001000336319153945
0.001000360477409169
0.001000383895337675
0.001000406568538794
0.001000428493447635
0.001000449666361772
0.001000470083185376
0.001000489739943109
0.001000508633481797
0.001000526761785149
0.001000544123766578
0.001000560718796676
0.001000576546296489
0.001000591605560949
0.00100060589578081
0.001000619416145662
0.001000632165931898
0.001000644144541288
0.001000655351499287
0.001000665786435337
0.001000675449060987
0.00100068433915195
0.001000692456534673
0.001000699801076079
0.001000706372675513
0.001000712171258087
0.001000717196769152
0.001000721449169755
0.001000724928432918
0.001000727634540643
0.001000729567481394
0.001000730727248266
0.001000731113837595
0.0009986094879990471
0.0009986102195795245
0.000998612413117787
0.000998616065256292
0.0009986211708798085
0.0009986277230080716
0.0009986357123531865
0.0009986451271895638
0.0009986559540986367
0.0009986681786994095
0.0009986817856126905
0.0009986967571584478
0.0009987130723522351
0.0009987307069069568
0.0009987496347702582
0.0009987698293300207
0.0009987912637964204
0.0009988139102210278
0.0009988377387667869
0.0009988627173162172
0.0009988888116617745
0.0009989159851709532
0.0009989441981717799
0.0009989734073567133
0.0009990035659532619
0.0009990346244159968
0.0009990665309940003
0.0009990992316086149
0.0009991326691763112
0.0009991667831068017
0.000999201509594531
0.0009992367826973628
0.0009992725355678165
0.000999308701103453
0.0009993452118849846
0.0009993819999887456
0.0009994189973295932
0.0009994561367571723
0.0009994933530619835
0.0009995305834561768
0.000999567767184773
0.0009996048454558142
0.0009996417617500156
0.0009996784628254279
0.0009997148989952572
0.0009997510239613731
0.0009997867940709816
0.00099982216833287
0.0009998571086918418
0.0009998915804674035
0.0009999255520415538
0.0009999589944016413
0.0009999918807898545
0.001000024186842456
0.001000055890658106
0.001000086972593095
0.001000117414872875
0.00100014720144562
0.001000176318081668
0.001000204752359048
0.001000232493315181
0.001000259531021915
0.001000285856537153
0.001000311462236454
0.001000336342022166
0.00100036049090767
0.001000383904084002
0.001000406576122115
0.001000428500925145
0.001000449672457553
0.001000470085711761
0.001000489737280588
0.001000508625269807
0.001000526748739393
0.001000544107068892
0.001000560699547491
0.001000576525260618
0.001000591583172743
0.001000605872264462
0.001000619391632075
0.001000632140526174
0.001000644118346252
0.001000655324616863
0.001000665758962167
0.001000675421085059
0.001000684310751448
0.001000692427778134
0.0010006997720231
0.00100070634337764
0.001000712141759694
0.001000717167108485
0.001000721419379961
0.001000724898542984
0.00100072760457619
0.001000729537465477
0.001000730697202143
0.00100073108378152
0.0009986106041187468
0.0009986113338605876
0.0009986135232243126
0.0009986171713812165
0.0009986222741542512
0.0009986288230911622
0.0009986368068698216
0.0009986462134115479
0.0009986570306791561
0.000998669245668939
0.0009986828430948397
0.0009986978046888325
0.0009987141094088766
0.0009987317335036206
0.0009987506509155507
0.0009987708338568321
0.0009987922541772501
0.0009988148838069664
0.0009988386942616837
0.0009988636547006364
0.0009988897307641976
0.0009989168842987346
0.0009989450745103677
0.0009989742585408427
0.0009990043913775284
0.0009990354247079928
0.0009990673062839264
0.0009990999800570622
0.000999133387281822
0.000999167467518963
0.0009992021589243817
0.0009992373978167572
0.0009992731181223591
0.0009993092517571124
0.0009993457297515983
0.0009993824838785844
0.0009994194472428522
0.0009994565542306524
0.0009994937398373272
0.0009995309402231376
0.0009995680937582492
0.0009996051423930908
0.0009996420313817687
0.0009996787084468614
0.0009997151229577859
0.0009997512268646723
0.0009997869759655466
0.0009998223304632198
0.0009998572536867548
0.0009998917107194797
0.0009999256683000646
0.0009999590962903812
0.0009999919687168016
0.001000024263005896
0.001000055957961448
0.001000087032646239
0.001000117467326255
0.001000147245329112
0.001000176353649379
0.001000204781483973
0.00100023251814936
0.001000259552418994
0.0010002858738215
0.001000311474421789
0.001000336349217139
0.00100036049465574
0.001000383906498081
0.001000406578679517
0.001000428503862781
0.001000449675037115
0.001000470086948839
0.001000489736557414
0.001000508622529451
0.001000526744325586
0.00100054410144957
0.001000560693114221
0.001000576518261093
0.001000591575735616
0.00100060586445256
0.001000619383483968
0.001000632132076157
0.001000644109629435
0.001000655315668181
0.001000665749814495
0.001000675411768149
0.001000684301291632
0.001000692418198467
0.001000699762343655
0.001000706333615745
0.001000712131930269
0.001000717157224396
0.001000721409452352
0.001000724888581617
0.001000727594589702
0.001000729527461637
0.001000730687188117
0.001000731073764126
