FiniteElementSpace
FiniteElementCollection: H1_3D_P1
VDim: 1
Ordering: 0

0.0005226499060976465
0.000157251619615699
2.693747071827486e-05
4.019982509402375e-06
5.899560671524287e-07
8.692556071894137e-08
1.291078972038576e-08
1.936380323578643e-09
8.567383690045045e-10
8.568148905309089e-10
8.568866098199068e-10
8.56956227481269e-10
8.570227356155253e-10
8.570896410599451e-10
8.571520328443326e-10
8.572140921762734e-10
8.572710174562636e-10
8.573297703010824e-10
8.573876306885106e-10
8.574443333874444e-10
8.574925584250079e-10
8.575446287072388e-10
8.575954020066708e-10
8.576459625319489e-10
8.576899272360841e-10
8.577349335637641e-10
8.577851841054679e-10
8.578294568051698e-10
8.578736654143673e-10
8.579164110625223e-10
8.579598822455066e-10
8.580014052167577e-10
8.580394714710576e-10
8.580791564962828e-10
8.581197665491047e-10
8.581589403126365e-10
8.581965610857639e-10
8.582339697087103e-10
8.582711989889274e-10
8.583076460156513e-10
8.583427317270494e-10
8.583775167859883e-10
1.940260511359873e-09
1.29373146243912e-08
8.71073040427122e-08
5.912101024190354e-07
4.028653042981147e-06
2.699636774445615e-05
0.0001575995731323457
0.0005238187931597258
0.0007866300662742811
0.0008474981336059821
0.0008569649191206602
0.0008583416483885249
0.0008585515140230323
0.000858595247831753
0.0008586149789343194
0.0008586307865701997
0.0008586454965584748
0.0008586595052378371
0.0008586728633283912
0.0008586855757358058
0.0008586976422442835
0.0008587090595848483
0.0008587198307894156
0.0008587299520596354
0.0008587394241558592
0.0008587482455811003
0.0008587564146341763
0.0008587639307946691
0.0008587707939564915
0.0008587770021941393
0.0008587825564005609
0.0008587874558454239
0.0008587917000794107
0.0008587952920378805
0.0008587982304624623
0.0008588005162905151
0.0008588021521163523
0.0008588031383994795
0.0008588034722818422
0.0004303798849494715
0.0001068693327118994
1.695492782034414e-05
2.45333203406194e-06
3.514575358982045e-07
5.051221744351627e-08
7.302304768840791e-09
1.063174308469708e-09
8.566681913884295e-10
8.567521897638499e-10
8.568329256316615e-10
8.569103356356213e-10
8.569849131492522e-10
8.570562937694727e-10
8.571224903741551e-10
8.571863655295041e-10
8.572481676240189e-10
8.573113558642023e-10
8.573692999534974e-10
8.574260316938811e-10
8.574765187388687e-10
8.575327305363028e-10
8.57584331649527e-10
8.576353855328819e-10
8.576812962574605e-10
8.577272384629261e-10
8.577770260340885e-10
8.578222188782912e-10
8.578678116364727e-10
8.579084332805591e-10
8.57950980585486e-10
8.57995462221575e-10
8.580353641675659e-10
8.580737089058915e-10
8.581130257508362e-10
8.581534077068251e-10
8.581926793298322e-10
8.582300354201726e-10
8.582660510523997e-10
8.583021492715344e-10
8.583379435815128e-10
8.583725197202036e-10
1.065426752053634e-09
7.318188627248154e-09
5.062393677102308e-08
3.522461541445736e-07
2.458909313648301e-06
1.699393942187349e-05
0.0001071179215460629
0.0004313907450775064
0.0007535427387040973
0.0008420715219254949
0.0008562048325356078
0.0008582364780588595
0.0008585356833922442
0.0008585915658437391
0.0008586129689007352
0.0008586290326766429
0.0008586438061132415
0.0008586578525777615
0.0008586712454406792
0.0008586839910453425
0.0008586960898413012
0.0008587075388954176
0.0008587183390747551
0.000858728489272955
0.0008587379879678919
0.0008587468342920664
0.0008587550275683298
0.0008587625649753225
0.0008587694484710314
0.0008587756750377975
0.0008587812453536351
0.0008587861595409554
0.0008587904161882965
0.0008587940183931385
0.0008587969654907539
0.0008587992579841472
0.0008588008979642624
0.0008588018865774531
0.0008588022213167134
0.0003537556020435135
7.634943545515198e-05
1.152755323031104e-05
1.630139353987237e-06
2.28929564457895e-07
3.221822862402985e-08
4.551815644222487e-09
8.564926741431121e-10
8.565970885518238e-10
8.566928652559471e-10
8.567841788635274e-10
8.568686176814712e-10
8.569496372859492e-10
8.570229698234627e-10
8.570943517923533e-10
8.571629532443142e-10
8.572286887754898e-10
8.572929399283972e-10
8.573501345176719e-10
8.574098403551278e-10
8.574644857552869e-10
8.575217648995145e-10
8.575717315971748e-10
8.576263585495251e-10
8.576790330135246e-10
8.577259079132006e-10
8.57770153650595e-10
8.578131265655384e-10
8.578623292306276e-10
8.579036086729898e-10
8.579434682798376e-10
8.579874918112184e-10
8.580299464027598e-10
8.580702546211654e-10
8.581085357792942e-10
8.581472588814782e-10
8.581866208318299e-10
8.582256830058766e-10
8.582626547265963e-10
8.582983670848953e-10
8.583332716487723e-10
8.583676853872581e-10
8.584011983088738e-10
4.56227406930232e-09
3.229347003419422e-08
2.294708223384713e-07
1.634038676887905e-06
1.155541795853592e-05
7.653581343306586e-05
0.0003546268957348449
0.0007171078087035256
0.0008357001382745064
0.0008553137668647557
0.0008581147160036251
0.0008585177536536728
0.0008585875940410771
0.0008586108996712543
0.0008586272497179969
0.0008586420948333567
0.0008586561818964537
0.0008586696117122368
0.0008586823932258422
0.0008586945251636549
0.0008587060078410707
0.000858716838142866
0.000858727017927366
0.0008587365443996681
0.0008587454160978444
0.0008587536339685376
0.0008587611933929028
0.000858768097233796
0.0008587743425058151
0.0008587799292698401
0.0008587848581126396
0.0008587891275349083
0.0008587927401339238
0.0008587956958583214
0.0008587979952270486
0.0008587996395504016
0.0008588006305344355
0.0008588009661272697
0.0002967873357547351
5.818684106617762e-05
8.506690751489264e-06
1.182705286655799e-06
1.635102230122434e-07
2.262841465650238e-08
3.138533389647398e-09
8.564103112269003e-10
8.565313837493108e-10
8.566393331522686e-10
8.567398332425587e-10
8.568295316746743e-10
8.569163302015633e-10
8.569939805074466e-10
8.570709784432941e-10
8.57142876127497e-10
8.572093333360737e-10
8.572745481447431e-10
8.573347457337894e-10
8.573979950357743e-10
8.574534699919837e-10
8.575086786794368e-10
8.575573266476914e-10
8.576161505289559e-10
8.576742402326963e-10
8.577219695887702e-10
8.577618335178359e-10
8.578018633080348e-10
8.578539420781183e-10
8.578988897655831e-10
8.579394110238273e-10
8.579816971678195e-10
8.58023114716308e-10
8.580648967930964e-10
8.58104916045043e-10
8.581435342787165e-10
8.581814301144047e-10
8.58219800263325e-10
8.582575689348373e-10
8.582940512204517e-10
8.58329540616472e-10
8.583639803081303e-10
8.583985970240678e-10
3.146110075868982e-09
2.268393837187527e-08
1.639156986798488e-07
1.185668659324805e-06
8.528200154743205e-06
5.833527970368943e-05
0.0002975508015328178
0.0006820068277129078
0.0008291003714823809
0.0008543884394957599
0.0008579893222293856
0.0008584994552296342
0.0008585835623610347
0.0008586088011432679
0.0008586254425732859
0.0008586403630944477
0.000858654494360494
0.0008586679633516515
0.0008586807830638718
0.0008586929502571947
0.0008587044674593075
0.0008587153298688364
0.0008587255398159558
0.0008587350949824481
0.0008587439931155572
0.000858752235559142
0.000858759817941677
0.0008587667422749092
0.0008587730064238917
0.000858778610117527
0.0008587835535409873
0.0008587878359841743
0.0008587914591993734
0.0008587944235310182
0.0008587967299088366
0.0008587983787653194
0.0008587993722045186
0.00085879970866255
0.0002587140962140842
4.770687933004649e-05
6.834026266980532e-06
9.389877929054515e-07
1.2835174055456e-07
1.754658833858188e-08
2.401066254716736e-09
8.563418472032158e-10
8.564759838421501e-10
8.565931707381684e-10
8.567014360973029e-10
8.567974607114462e-10
8.568893269080531e-10
8.569712004182688e-10
8.570497372865245e-10
8.571225404276352e-10
8.571904575080306e-10
8.572589610100626e-10
8.57323281588172e-10
8.573873161960996e-10
8.574427357898229e-10
8.574990620563214e-10
8.575477775070065e-10
8.576041702141021e-10
8.576583854508788e-10
8.577068281298471e-10
8.577514696155061e-10
8.577950222892258e-10
8.578481442306317e-10
8.578934766563694e-10
8.579353869216031e-10
8.579780400336525e-10
8.580174326669406e-10
8.58057540430595e-10
8.58098299221725e-10
8.58138895302196e-10
8.581780300580762e-10
8.582161838014819e-10
8.582534081239846e-10
8.582895403287288e-10
8.583251686507656e-10
8.583599717643238e-10
8.583942097384555e-10
2.407104157945701e-09
1.75914499464115e-08
1.286829852703882e-07
9.414334191701708e-07
6.851970094685549e-06
4.783315812620663e-05
0.0002594043657343621
0.0006530790377353793
0.0008232688612290759
0.000853566757155278
0.0008578783927902143
0.0008584831438601687
0.0008585797793307879
0.0008586067125555029
0.0008586236181708255
0.0008586386123839575
0.0008586527912480778
0.0008586663023454497
0.0008586791616700517
0.0008586913672629929
0.0008587029194139231
0.0008587138160305654
0.0008587240570404092
0.0008587336415020857
0.0008587425673513635
0.0008587508343859759
0.0008587584404975444
0.0008587653856600239
0.0008587716687792601
0.000858777289825362
0.00085878224787602
0.0008587865434699596
0.0008587901775227868
0.0008587931505096559
0.0008587954639601752
0.0008587971175202933
0.0008587981135389171
0.0008587984508888331
0.0002371823121948783
4.228005232377716e-05
5.988419241982397e-06
8.170570395966989e-07
1.109198633034711e-07
1.505092464627768e-08
2.042677884408241e-09
8.562903513677737e-10
8.564339585684646e-10
8.565582904200265e-10
8.566718419746097e-10
8.567730284602024e-10
8.568668464033496e-10
8.569517756888029e-10
8.570317035172284e-10
8.571073858356648e-10
8.571778183875781e-10
8.572466625726946e-10
8.573101596488934e-10
8.573729695309022e-10
8.57432324727602e-10
8.574958130849835e-10
8.575456054816059e-10
8.575932662763766e-10
8.576365514354873e-10
8.576855255780737e-10
8.577418781853733e-10
8.577950311585972e-10
8.578478537813884e-10
8.578872835364747e-10
8.579263057020122e-10
8.579709303038999e-10
8.580129651123574e-10
8.580537348398485e-10
8.580938105954228e-10
8.581336838878408e-10
8.581731453061031e-10
8.582119701616802e-10
8.58249592325648e-10
8.582859404834861e-10
8.583212405318282e-10
8.58356041272566e-10
8.583897117695802e-10
2.047967822980023e-09
1.509056513055392e-08
1.1121453688286e-07
8.192456986740808e-07
6.004580310903612e-06
4.23950145216803e-05
0.0002378322176368857
0.0006341708586491773
0.0008192421066400298
0.0008529960786836613
0.00085780106933222
0.0008584712777822948
0.0008585765621621782
0.0008586046758281858
0.0008586217832581289
0.0008586368454385873
0.0008586510743197812
0.0008586646307276565
0.0008586775312504664
0.0008586897779537213
0.0008587013661271004
0.0008587122984867558
0.0008587225717658651
0.0008587321861792979
0.0008587411406798405
0.0008587494327615067
0.0008587570630186937
0.0008587640294488362
0.0008587703317162644
0.0008587759703222016
0.0008587809432005312
0.000858785251995661
0.0008587888970493632
0.0008587918788170621
0.0008587941993479811
0.0008587958577524496
0.0008587968565062463
0.0008587971947865995
0.0005226499061024309
0.0001572516196135509
2.693747071893535e-05
4.019982509216421e-06
5.899560672044192e-07
8.692556070451967e-08
1.291078972425564e-08
1.936380322635521e-09
8.567383694137344e-10
8.568148902248493e-10
8.568866100445846e-10
8.569562273158496e-10
8.570227357410862e-10
8.570896409645249e-10
8.571520329165266e-10
8.572140921210033e-10
8.572710174959912e-10
8.573297702725235e-10
8.5738763070528e-10
8.574443333786702e-10
8.57492558424619e-10
8.575446287109099e-10
8.575954019996736e-10
8.576459625364739e-10
8.576899272313269e-10
8.57734933563305e-10
8.577851841061886e-10
8.578294568004943e-10
8.5787366541766e-10
8.579164110568277e-10
8.579598822490849e-10
8.580014052120187e-10
8.580394714735206e-10
8.580791564931514e-10
8.581197665506974e-10
8.58158940310459e-10
8.581965610869797e-10
8.582339697071882e-10
8.582711989896676e-10
8.583076460153074e-10
8.583427317263067e-10
8.583775167879521e-10
1.940260511354342e-09
1.293731462441531e-08
8.710730404262323e-08
5.912101024193412e-07
4.028653042980105e-06
2.699636774445916e-05
0.0001575995731323375
0.0005238187931597395
0.000786630066274267
0.000847498133605991
0.0008569649191206531
0.0008583416483885297
0.0008585515140230281
0.0008585952478317531
0.0008586149789343156
0.0008586307865701997
0.0008586454965584723
0.0008586595052378392
0.0008586728633283907
0.0008586855757358033
0.0008586976422442832
0.0008587090595848556
0.0008587198307894159
0.0008587299520596361
0.0008587394241558571
0.0008587482455811023
0.0008587564146341739
0.0008587639307946704
0.0008587707939564895
0.0008587770021941408
0.0008587825564005621
0.0008587874558454227
0.0008587917000794067
0.0008587952920378761
0.0008587982304624647
0.0008588005162905134
0.0008588021521163509
0.0008588031383994825
0.0008588034722818389
0.0004303798849505616
0.0001068693327114648
1.695492782047752e-05
2.453332034020941e-06
3.514575359110694e-07
5.051221743955159e-08
7.302304769984862e-09
1.06317430818302e-09
8.566681915796255e-10
8.567521896093065e-10
8.568329257556088e-10
8.569103355378889e-10
8.569849132238305e-10
8.570562937121532e-10
8.571224904164998e-10
8.571863654993502e-10
8.572481676438575e-10
8.573113558538649e-10
8.573692999575867e-10
8.574260316957671e-10
8.574765187342574e-10
8.575327305427697e-10
8.575843316455427e-10
8.576353855352159e-10
8.576812962594434e-10
8.57727238460449e-10
8.577770260391342e-10
8.578222188748655e-10
8.57867811640917e-10
8.579084332778055e-10
8.579509805890692e-10
8.579954622195979e-10
8.580353641700483e-10
8.580737089044498e-10
8.581130257529129e-10
8.58153407705253e-10
8.581926793318911e-10
8.582300354186148e-10
8.582660510537703e-10
8.583021492711893e-10
8.583379435808387e-10
8.583725197222855e-10
1.065426752049301e-09
7.318188627268544e-09
5.06239367709431e-08
3.522461541448535e-07
2.458909313647381e-06
1.69939394218766e-05
0.0001071179215460531
0.0004313907450775245
0.0007535427387040788
0.0008420715219255055
0.0008562048325355961
0.0008582364780588664
0.0008585356833922372
0.0008585915658437456
0.0008586129689007281
0.0008586290326766501
0.0008586438061132346
0.0008586578525777603
0.0008586712454406786
0.0008586839910453456
0.0008586960898412984
0.0008587075388954245
0.000858718339074752
0.0008587284892729566
0.0008587379879678938
0.0008587468342920644
0.0008587550275683368
0.0008587625649753186
0.0008587694484710308
0.0008587756750377982
0.000858781245353635
0.0008587861595409605
0.0008587904161882964
0.0008587940183931435
0.000858796965490755
0.0008587992579841498
0.0008588008979642613
0.0008588018865774545
0.000858802221316713
0.0003537556020414388
7.634943545584453e-05
1.152755323013667e-05
1.630139354026643e-06
2.289295644497518e-07
3.221822862550778e-08
4.55181564401301e-09
8.564926741645638e-10
8.565970885715833e-10
8.566928652200514e-10
8.567841789039131e-10
8.568686176439249e-10
8.569496373181524e-10
8.570229698003361e-10
8.570943518084682e-10
8.571629532364837e-10
8.5722868877649e-10
8.572929399329348e-10
8.573501345095886e-10
8.574098403638098e-10
8.574644857472707e-10
8.575217649045073e-10
8.575717315955667e-10
8.576263585466487e-10
8.576790330181964e-10
8.577259079063792e-10
8.577701536557569e-10
8.578131265609246e-10
8.578623292330114e-10
8.579036086706315e-10
8.579434682809631e-10
8.579874918098857e-10
8.580299464034627e-10
8.580702546199501e-10
8.581085357804858e-10
8.581472588796559e-10
8.581866208335893e-10
8.582256830039939e-10
8.58262654727881e-10
8.582983670842396e-10
8.583332716481572e-10
8.583676853895655e-10
8.584011983042371e-10
4.56227406932043e-09
3.229347003412434e-08
2.294708223387203e-07
1.634038676887055e-06
1.155541795853861e-05
7.653581343305743e-05
0.0003546268957348642
0.0007171078087034972
0.0008357001382745337
0.0008553137668647372
0.0008581147160036394
0.0008585177536536565
0.0008585875940410851
0.0008586108996712492
0.000858627249717999
0.0008586420948333573
0.0008586561818964541
0.0008586696117122397
0.0008586823932258418
0.0008586945251636538
0.0008587060078410696
0.0008587168381428682
0.0008587270179273705
0.0008587365443996698
0.0008587454160978418
0.0008587536339685319
0.0008587611933929019
0.0008587680972337998
0.0008587743425058095
0.0008587799292698397
0.0008587848581126354
0.0008587891275349109
0.0008587927401339219
0.0008587956958583217
0.0008587979952270444
0.0008587996395504064
0.0008588006305344311
0.0008588009661272687
0.0002967873357511336
5.818684106730025e-05
8.506690751208305e-06
1.182705286722305e-06
1.635102229970373e-07
2.262841465980786e-08
3.138533388997245e-09
8.564103113973717e-10
8.565313836652959e-10
8.566393331878079e-10
8.567398332317828e-10
8.568295316738018e-10
8.569163302044195e-10
8.569939805050586e-10
8.570709784403328e-10
8.571428761342869e-10
8.572093333245365e-10
8.57274548158744e-10
8.573347457192995e-10
8.573979950483114e-10
8.574534699837502e-10
8.575086786825308e-10
8.575573266494342e-10
8.576161505239313e-10
8.576742402403414e-10
8.577219695817269e-10
8.577618335239232e-10
8.578018633047109e-10
8.578539420801527e-10
8.578988897649723e-10
8.579394110242262e-10
8.579816971678842e-10
8.580231147164984e-10
8.580648967927281e-10
8.581049160459846e-10
8.581435342774467e-10
8.581814301160492e-10
8.582198002618231e-10
8.582575689360438e-10
8.582940512201745e-10
8.583295406154652e-10
8.583639803107763e-10
8.58398597019405e-10
3.146110075884145e-09
2.2683938371812e-08
1.639156986800803e-07
1.185668659324026e-06
8.528200154745819e-06
5.833527970368139e-05
0.0002975508015328363
0.0006820068277128854
0.0008291003714824002
0.0008543884394957458
0.0008579893222294025
0.0008584994552296283
0.0008585835623610386
0.0008586088011432603
0.0008586254425732931
0.0008586403630944421
0.0008586544943604951
0.0008586679633516436
0.0008586807830638767
0.0008586929502571933
0.0008587044674593079
0.0008587153298688339
0.0008587255398159561
0.000858735094982446
0.0008587439931155598
0.0008587522355591448
0.0008587598179416778
0.0008587667422749061
0.0008587730064238932
0.0008587786101175271
0.0008587835535409919
0.0008587878359841743
0.000858791459199374
0.0008587944235310187
0.0008587967299088403
0.0008587983787653173
0.000858799372204522
0.0008587997086625518
0.0002587140962110748
4.770687933093969e-05
6.834026266760142e-06
9.389877929576616e-07
1.283517405425068e-07
1.754658834124352e-08
2.401066254189306e-09
8.563418473681376e-10
8.564759837516187e-10
8.565931707846913e-10
8.567014360753858e-10
8.567974607218842e-10
8.568893269028232e-10
8.569712004246744e-10
8.570497372785513e-10
8.571225404400052e-10
8.571904574938168e-10
8.572589610255263e-10
8.573232815735151e-10
8.573873162076264e-10
8.574427357834469e-10
8.574990620575611e-10
8.575477775099867e-10
8.576041702082456e-10
8.576583854574912e-10
8.577068281233114e-10
8.577514696199968e-10
8.577950222865002e-10
8.578481442315183e-10
8.578934766562309e-10
8.57935386921214e-10
8.579780400340843e-10
8.580174326666472e-10
8.580575404305333e-10
8.580982992221783e-10
8.581388953013589e-10
8.581780300590373e-10
8.582161838005631e-10
8.58253408124439e-10
8.582895403290398e-10
8.583251686493199e-10
8.583599717673447e-10
8.58394209733323e-10
2.407104157959401e-09
1.759144994635371e-08
1.28682985270601e-07
9.414334191694282e-07
6.851970094687974e-06
4.783315812619922e-05
0.0002594043657343807
0.00065307903773535
0.0008232688612291014
0.0008535667571552563
0.0008578783927902264
0.0008584831438601579
0.0008585797793307944
0.0008586067125554977
0.0008586236181708294
0.0008586386123839571
0.0008586527912480744
0.0008586663023454516
0.0008586791616700498
0.0008586913672629917
0.0008587029194139211
0.0008587138160305619
0.0008587240570404126
0.0008587336415020867
0.000858742567351368
0.0008587508343859726
0.0008587584404975493
0.000858765385660023
0.0008587716687792648
0.0008587772898253572
0.0008587822478760146
0.0008587865434699644
0.000858790177522779
0.0008587931505096567
0.0008587954639601757
0.0008587971175202939
0.0008587981135389206
0.000858798450888833
0.0002371823121943075
4.228005232394235e-05
5.988419241941843e-06
8.170570396062978e-07
1.109198633012624e-07
1.505092464675631e-08
2.042677884318139e-09
8.562903513936649e-10
8.564339585576827e-10
8.56558290422293e-10
8.566718419762922e-10
8.567730284575631e-10
8.568668464043267e-10
8.569517756893311e-10
8.570317035131311e-10
8.571073858420096e-10
8.571778183791623e-10
8.572466625814627e-10
8.573101596406323e-10
8.573729695371795e-10
8.574323247243645e-10
8.574958130850312e-10
8.575456054838324e-10
8.575932662729174e-10
8.576365514394847e-10
8.5768552557474e-10
8.577418781879489e-10
8.577950311573043e-10
8.578478537818571e-10
8.578872835366202e-10
8.579263057016623e-10
8.579709303043024e-10
8.580129651120268e-10
8.580537348400099e-10
8.58093810595435e-10
8.581336838877078e-10
8.581731453062468e-10
8.582119701617583e-10
8.582495923251314e-10
8.582859404846881e-10
8.583212405296271e-10
8.583560412761369e-10
8.583897117642991e-10
2.047967822992528e-09
1.509056513049976e-08
1.112145368830605e-07
8.192456986733889e-07
6.004580310905955e-06
4.239501452167266e-05
0.0002378322176369057
0.0006341708586491474
0.0008192421066400505
0.0008529960786836464
0.0008578010693322412
0.0008584712777822813
0.0008585765621621848
0.0008586046758281824
0.0008586217832581363
0.0008586368454385834
0.0008586510743197843
0.0008586646307276563
0.0008586775312504663
0.0008586897779537249
0.0008587013661271007
0.0008587122984867599
0.0008587225717658622
0.0008587321861792998
0.0008587411406798367
0.0008587494327615095
0.0008587570630186907
0.0008587640294488403
0.0008587703317162665
0.0008587759703221993
0.0008587809432005367
0.0008587852519956565
0.0008587888970493669
0.0008587918788170655
0.0008587941993479796
0.0008587958577524519
0.0008587968565062455
0.0008587971947865993
