FiniteElementSpace
FiniteElementCollection: H1_2D_P1
VDim: 1
Ordering: 0

0.0009985486380420818
0.0009985494989644343
0.000998552078176817
0.0009985563598527722
0.0009985623180470071
0.0009985699143474146
0.0009985791030261259
0.0009985898237615733
0.0009986019922954704
0.0009986154651286446
0.0009986299654982623
0.0009986449392413368
0.0009986591795803916
0.0009986703375520379
0.0009986739247963825
0.0009986615182138584
0.0009986193036093135
0.0009985270123052672
0.0009983568371175189
0.0009980708238823358
0.00099763443240905
0.0009970313809995054
0.0009962535491879663
0.000995330409837792
0.0009943872855054455
0.0009934956899718449
0.0009928129861264488
0.0009924564193106529
0.0009924941611517977
0.0009929261558007563
0.0009936841048075484
0.0009946506040444955
0.0009956680955681668
0.0009966648723994495
0.0009975153841911427
0.0009981899638583768
0.0009986965679945603
0.0009990513411505914
0.0009992887221532735
0.0009994465891398231
0.0009995526804448479
0.0009996272018609237
0.0009996839094080431
0.0009997311702387307
0.0009997734137090831
0.0009998129270185657
0.0009998508555470625
0.0009998876922205644
0.0009999236520567378
0.0009999588164650893
0.0009999932139000574
0.001000026853694256
0.0010000597374309
0.001000091864357089
0.001000123234944643
0.001000153849043632
0.0010001837066292
0.001000212808543207
0.001000241158188896
0.001000268757518295
0.001000295607381915
0.00100032170935807
0.001000347066786673
0.001000371681151979
0.001000395552292395
0.001000418681171451
0.001000441070264696
0.001000462720577604
0.001000483631325498
0.001000503803425708
0.001000523239636225
0.001000541941242379
0.001000559906974888
0.001000577136409174
0.001000593631778548
0.001000609395151659
0.001000624426136862
0.001000638723715574
0.001000652289252124
0.001000665125559818
0.001000677233409027
0.001000688610124467
0.001000699251851232
0.001000709156549869
0.001000718324754226
0.001000726758223171
0.001000734458375917
0.001000741425740408
0.001000747660232154
0.001000753161593732
0.00100075792962327
0.00100076196420715
0.001000765265284778
0.00100076783281989
0.001000769666788515
0.001000770767175356
0.001000771133971871
0.0009985119764660101
0.0009985128751048174
0.0009985155672878106
0.0009985200246727
0.0009985262194271024
0.0009985340963940899
0.0009985435801057702
0.0009985545330854027
0.0009985666878068063
0.0009985794458783638
0.0009985913473255391
0.0009985991548894988
0.000998595566737429
0.0009985650529524279
0.0009984773643017361
0.0009982762737797875
0.0009978644272146204
0.0009970953598929498
0.0009957622657475521
0.0009936088590051387
0.0009903662132673813
0.0009858219967733152
0.0009800280296743578
0.0009732857968824598
0.0009663977004269757
0.0009598571326310123
0.0009547331718114817
0.00095209016287244
0.0009521274359593086
0.0009548452047445388
0.0009600445031889026
0.0009666610464100706
0.0009736255133909265
0.0009804441872537384
0.000986314037102434
0.0009909330170949334
0.0009942488536486117
0.0009964736323660912
0.0009978761623407907
0.000998712692953126
0.0009991900297014475
0.000999454645326188
0.0009996038966017039
0.0009996939922775107
0.0009997551461149311
0.0009998028388136142
0.0009998443186439248
0.0009998827583745889
0.0009999195548241455
0.0009999552385196817
0.0009999900200121199
0.00100002397426736
0.001000057129831587
0.001000089495751057
0.001000121076781743
0.001000151877302892
0.001000181902216079
0.001000211153598791
0.001000239634446947
0.001000267349742285
0.001000294303811786
0.001000320498940242
0.001000345938122424
0.001000370625613689
0.00100039456389935
0.001000417753448268
0.001000440195996227
0.001000461894678504
0.001000482850608717
0.001000503063532965
0.001000522534993236
0.001000541268242945
0.001000559264250725
0.001000576521789155
0.001000593041199946
0.001000608825259182
0.001000623875798495
0.001000638192000248
0.001000651773430078
0.001000664622291511
0.001000676741311616
0.00100068813013884
0.001000698785235933
0.001000708703057567
0.001000717882625012
0.001000726325313725
0.001000734033035031
0.00100074100692785
0.001000747247229667
0.00100075275374801
0.001000757526254081
0.001000761564612088
0.001000764868760351
0.001000767438671081
0.001000769274329464
0.001000770375727205
0.001000770742860179
0.0009984727607935541
0.0009984736992895234
0.00099847652253473
0.0009984811870049142
0.0009984876512650637
0.0009984958007843972
0.0009985054420238897
0.0009985160673797906
0.0009985264351581439
0.0009985332580942398
0.0009985283464573119
0.0009984918365244476
0.0009983778509736994
0.0009980887734878843
0.0009974194736451988
0.0009960021201823115
0.000993171157067703
0.0009878523963318545
0.0009787098091684856
0.0009640180572522949
0.0009425253403190904
0.000913373559498773
0.0008778371854628056
0.0008395073806792299
0.0008018031038354286
0.0007688111363001428
0.0007439894271844059
0.0007321557626920916
0.0007321853215453764
0.0007440794678120163
0.0007689658947017263
0.0008020283415174337
0.0008398093545059791
0.0008782212144364566
0.0009138430452893282
0.0009430806303740689
0.0009646569622406118
0.0009794288954113137
0.0009886476160137637
0.0009940386752044924
0.0009969384876607991
0.000998421757846117
0.0009991544235106726
0.0009995045303286955
0.0009996773275862761
0.0009997704582441979
0.0009998297862901103
0.0009998751205642596
0.0009999145958664599
0.0009999514240994932
0.0009999867866394786
0.001000021113680657
0.001000054551947671
0.001000087156684781
0.001000118946746529
0.001000149932163775
0.001000180118206702
0.001000209513660798
0.001000238122546078
0.001000265950981477
0.001000293004522629
0.001000319289337018
0.001000344808473664
0.001000369566241125
0.00100039356754089
0.00100041681540402
0.001000439310601676
0.001000461055715686
0.00100048205407213
0.001000502306930085
0.001000521814191957
0.001000540578307274
0.001000558602516393
0.001000575887416447
0.00100059243182372
0.001000608236954246
0.001000623305995258
0.00100063764011715
0.001000651238303964
0.001000664100889708
0.001000676230826032
0.001000687630198438
0.00100069829727929
0.001000708227978501
0.001000717419526431
0.001000725872149486
0.001000733587829416
0.001000740568351183
0.001000746814459457
0.001000752326139082
0.001000757103153845
0.001000761145330379
0.001000764452592392
0.001000767024914814
0.001000768862289894
0.001000769964715209
0.001000770332190274
0.0009984308963263133
0.0009984318868442965
0.0009984348629809158
0.0009984397533882488
0.0009984464504089905
0.0009984546309159562
0.0009984634899299313
0.0009984706319716436
0.0009984694746024577
0.0009984416911179611
0.0009983396588564848
0.0009980411559860152
0.0009972641929482597
0.0009953849474897787
0.0009911182451048685
0.0009820210537794004
0.0009639078435902329
0.000931386224919953
0.0008777031682847178
0.0008016507699380374
0.0007059431940250622
0.0006009103428283319
0.0005040172119370634
0.0004201895645273867
0.0003574682295006048
0.0003123218252830711
0.0002840293864143981
0.0002704827668984117
0.0002704940485815022
0.000284064896546207
0.0003123867696324982
0.0003575719470161951
0.0004203456515803658
0.000504244827241936
0.000601229022583859
0.0007063720380659037
0.0008021982418176563
0.0008783673222166739
0.0009321580164451379
0.000964774102512454
0.0009829704696958706
0.000992141995846151
0.0009964769290577496
0.0009984201278782365
0.000999257836210697
0.000999614406018522
0.0009997720593301119
0.0009998530697834867
0.000999905049876997
0.0009999462544125729
0.0009999832043869272
0.001000018206777684
0.001000052013399937
0.001000084874427926
0.001000116869663199
0.001000148031792818
0.001000178373700039
0.001000207906080267
0.001000236636985747
0.00100026457335142
0.001000291721766326
0.001000318090368225
0.00100034368526695
0.001000368510669099
0.001000392571297524
0.001000415872898857
0.001000438418212726
0.001000460208577818
0.001000481246891798
0.001000501536812041
0.001000521079134501
0.001000539874364505
0.001000557925409544
0.001000575235545357
0.001000591804560432
0.001000607631664805
0.001000622719040289
0.001000637069816801
0.001000650684411552
0.001000663561781741
0.001000675703356084
0.001000687112390501
0.001000697789762362
0.001000707732335939
0.001000716936013276
0.001000725399257598
0.001000733123430813
0.001000740110770629
0.001000746362678835
0.001000751879484321
0.001000756661003171
0.001000760707017677
0.001000764017419583
0.001000766592177492
0.001000768431287622
0.001000769534752088
0.001000769902573227
0.000998386280868738
0.0009983873310674166
0.0009983904549660152
0.0009983955121634781
0.0009984020818074692
0.0009984088864144851
0.0009984120018527696
0.0009983992396513182
0.0009983344895038208
0.0009981160561954576
0.0009974633952677223
0.0009956751395541865
0.0009910379112854149
0.0009796924423344339
0.0009542982662089964
0.0009025074476075119
0.0008111092719319721
0.0006770786907764117
0.0005208254078082303
0.0003730792276808042
0.0002572695557451299
0.0001765337930641006
0.0001243135666504733
9.139292674296047e-05
7.085536996336786e-05
5.825937417918952e-05
5.096362539802365e-05
4.778897932162076e-05
4.779104017686985e-05
5.097021319301001e-05
5.827189504757871e-05
7.087660456507811e-05
9.142797332184316e-05
0.0001243715058475823
0.0001766304233360575
0.000257430878328435
0.0003733422146238425
0.000521231980360642
0.0006776570553321129
0.0008118601715285817
0.0009034057837342542
0.0009553126502516253
0.0009807979733354362
0.0009922190355338028
0.0009969227407292296
0.000998772091476317
0.0009994822402079515
0.0009997552648806276
0.0009998719731914084
0.0009999340832001888
0.0009999776672009661
0.001000014828769968
0.001000049419863862
0.001000082639295895
0.001000114862801111
0.001000146198306025
0.001000176689132729
0.001000206348161822
0.001000235191682146
0.001000263228019493
0.001000290466169414
0.001000316912386173
0.001000342576619565
0.001000367464779869
0.001000391581841288
0.001000414932790381
0.001000437523515532
0.001000459356572728
0.001000480433384756
0.001000500757446612
0.001000520332108774
0.001000539157946306
0.001000557235739231
0.001000574569256044
0.00100059116093692
0.001000607010070027
0.00100062211647527
0.001000636483206304
0.001000650112959856
0.001000663005232388
0.001000675159528708
0.001000686578340503
0.001000697264621823
0.001000707217512074
0.001000716432806484
0.001000724907119125
0.001000732640413473
0.001000739634893631
0.001000745892635581
0.00100075141450623
0.001000756200488105
0.001000760250333908
0.001000763563885233
0.001000766141091021
0.001000767981946601
0.001000769086457058
0.001000769454626681
0.0009983387804858948
0.0009983398703696431
0.0009983430515996645
0.0009983478142711979
0.0009983523709610068
0.0009983508353466192
0.0009983235561181628
0.0009982081848985283
0.0009978093899689277
0.0009965728861443383
0.0009929291715989027
0.0009828342574967099
0.00095674955242776
0.000896952418199133
0.0007791948109982012
0.000600764856734787
0.000405172505728618
0.0002445233522894214
0.0001405324645373307
8.074218860693246e-05
4.777655318789631e-05
2.97549794196665e-05
1.954462611797047e-05
1.375836047516552e-05
1.040131545655861e-05
8.351273381825002e-06
7.25677668608497e-06
6.743692817739893e-06
6.74399500865691e-06
7.257751540936668e-06
8.35313618772386e-06
1.040454580635441e-05
1.376382164238821e-05
1.955404923335352e-05
2.977181879769349e-05
4.780750784776972e-05
8.080093662920479e-05
0.0001406456450107341
0.0002447388541893569
0.0004055594414716537
0.0006013813418867511
0.0007800480791958212
0.0008979945935280525
0.0009579231468995059
0.0009841013034212985
0.0009942690842625046
0.0009979754984532881
0.0009992692074599983
0.0009997215843860422
0.0009998875322083437
0.0009999625357548624
0.001000008921091481
0.001000046253327996
0.001000080348000019
0.00100011291783836
0.001000144446029384
0.001000175077340412
0.001000204856074339
0.001000233802309314
0.001000261927531138
0.001000289246076667
0.001000315763993781
0.001000341491156172
0.001000366434994182
0.0010003906036727
0.001000414000534693
0.00100043663205254
0.001000458503104352
0.001000479616207294
0.001000499972628146
0.001000519576514635
0.001000538430547881
0.00100055653489277
0.001000573891237185
0.00100059050340122
0.0010006063730526
0.001000621498933722
0.001000635881942376
0.001000649525715371
0.001000662431931138
0.001000674599525404
0.001000686028968332
0.001000696723598317
0.001000706685163711
0.001000715910900759
0.001000724396260736
0.001000732139265093
0.001000739141350751
0.001000745405049959
0.001000750931925967
0.00100075572229767
0.001000759775940859
0.001000763092634417
0.001000765672289927
0.001000767514894247
0.001000768620453234
0.00100076898897229
0.0009982882106263772
0.0009982892111611466
0.0009982919192147337
0.0009982941679042424
0.0009982880018289551
0.0009982452768835595
0.000998070294347709
0.0009974434412954934
0.0009953562690689854
0.0009888281782956417
0.0009695224141398852
0.0009181439518153018
0.0008014169524433916
0.0006007117821197474
0.0003730006214483165
0.0001980033589355152
9.768389367710081e-05
4.777056094447715e-05
2.412485268576445e-05
1.286680950769066e-05
7.255416868949398e-06
4.365853032418233e-06
2.807396326272942e-06
1.942222994705597e-06
1.437211284548894e-06
1.151796023143113e-06
9.875919753889794e-07
9.173115333195648e-07
9.173543534248551e-07
9.877300829117384e-07
1.152062886688386e-06
1.437673919517494e-06
1.943021177577484e-06
2.808796855929724e-06
4.368413070949263e-06
7.260296862429474e-06
1.287649892483839e-05
2.414493531103004e-05
4.781403664341298e-05
9.778012591006947e-05
0.0001982129169997025
0.0003734218798277071
0.0006014312777900756
0.0008024296997791862
0.000919362833601789
0.0009708692734375616
0.0009902605037131523
0.0009968546791325869
0.0009989992050045287
0.0009996786224965757
0.0009999026609890218
0.0009999912817348247
0.001000040174321731
0.001000077433535554
0.001000110914583997
0.001000142765474154
0.001000173554534072
0.001000203442941156
0.00100023247906396
0.001000260684379627
0.001000288071214867
0.001000314652006095
0.001000340435099709
0.001000365428307215
0.001000389641375593
0.001000413079726647
0.001000435748423307
0.001000457652598327
0.001000478797675341
0.001000499184546596
0.001000518815644833
0.001000537694625386
0.001000555823722692
0.001000573202845873
0.001000589834460807
0.001000605722341051
0.00100062086683522
0.001000635266785354
0.001000648924370838
0.001000661843184673
0.001000674023630326
0.001000685464577791
0.001000696167914559
0.001000706136988259
0.001000715371588173
0.001000723867363477
0.001000731620433908
0.001000738630683696
0.00100074490059386
0.001000750432453773
0.001000755227121175
0.001000759284500332
0.001000762604311684
0.001000765186408946
0.001000767030759038
0.001000768137365282
0.001000768506233437
0.0009982342426962825
0.0009982346095921948
0.0009982345250638038
0.0009982246479899419
0.000998169134272614
0.0009979362216960201
0.0009970623755245444
0.0009939822451438016
0.0009836083418334782
0.0009513993823057749
0.0008629724482203115
0.0006768987823269433
0.0004199959436456776
0.0002089497548217185
9.13576474834536e-05
3.910049810450946e-05
1.700386330467814e-05
7.806379918851375e-06
3.768010221172763e-06
1.941761985592168e-06
1.069661267807748e-06
6.302941456510905e-07
3.974089275078949e-07
2.713936553045725e-07
1.982862768681222e-07
1.569256435162274e-07
1.345334546613251e-07
1.241833251437613e-07
1.241893446506465e-07
1.345529688447254e-07
1.569633421407391e-07
1.983524530982892e-07
2.715092411437338e-07
3.976143310142423e-07
6.306775168817281e-07
1.070407945395795e-06
1.943274831110951e-06
3.771255638869352e-06
7.813736252479171e-06
1.702117474227491e-05
3.914321217809365e-05
9.146407386565035e-05
0.0002092078807107361
0.0004205432925545732
0.0006778250497830566
0.0008642076266430939
0.0009528188974403704
0.000985133261813225
0.0009955786516646847
0.0009987166029071985
0.0009996419025297427
0.0009999221493591478
0.001000021416703811
0.001000071554117416
0.001000108326150625
0.00100014104664201
0.001000172106006158
0.001000202118847854
0.001000231234508858
0.001000259506848239
0.001000286950608116
0.001000313583508734
0.001000339413129458
0.001000364449834507
0.001000388700036491
0.001000412173507523
0.001000434874998345
0.001000456808895698
0.001000477980882255
0.001000498394647708
0.001000518051339596
0.001000536953008731
0.001000555103802009
0.001000572504561154
0.001000589155593838
0.001000605060116768
0.001000620221193102
0.001000634637920559
0.001000648309921491
0.001000661240563912
0.001000673432630912
0.001000684885250178
0.001000695598159411
0.001000705574419242
0.001000714816356879
0.001000723321344494
0.001000731084407475
0.00100073810335569
0.001000744379872007
0.001000749916775973
0.001000754715644225
0.001000758776672647
0.001000762099559264
0.001000764684080916
0.001000766530168451
0.001000767637817515
0.001000768007033312
0.0009981761681875675
0.0009981737101584817
0.0009981613804158059
0.000998099206010631
0.0009978288700362096
0.0009967575189153656
0.0009927174156643011
0.0009782288603103222
0.0009310027665308071
0.0008012927809136207
0.0005526971447100007
0.0002838504401199304
0.000117079004611701
4.477546153243877e-05
1.700217515214489e-05
6.740694009531061e-06
2.806455955315543e-06
1.239635512743636e-06
5.81775059912342e-07
2.9209984089033e-07
1.569009045948829e-07
9.073339859775823e-08
5.650604872095209e-08
3.788292649372319e-08
2.733908042385767e-08
2.150353602526958e-08
1.820980663544654e-08
1.68089833895793e-08
1.68098313251075e-08
1.821255280511329e-08
2.150891011234316e-08
2.734858239478465e-08
3.789972974557423e-08
5.653646364917077e-08
9.079068378518592e-08
1.570140279852633e-07
2.923352941918463e-07
5.822934104114664e-07
1.240843129599543e-06
2.809408739278941e-06
6.748305576730215e-06
1.702263879824458e-05
4.483256349061257e-05
0.0001172364139970214
0.0002842511244235873
0.0005535129911955212
0.0008025252565281658
0.0009324903963716907
0.0009798479821277199
0.0009944146561676902
0.0009985130375649207
0.0009996344879016769
0.000999950064983389
0.001000053444616938
0.001000103045776105
0.001000138840505848
0.001000170651427343
0.001000200872719055
0.001000230074813772
0.001000258401892885
0.001000285891394082
0.001000312564597474
0.001000338430189366
0.001000363502044867
0.00100038778347725
0.001000411285541397
0.001000434013615588
0.001000455973879239
0.001000477168916171
0.00100049760504238
0.001000517284327886
0.001000536207437718
0.001000554377302006
0.00100057179715602
0.001000588467128403
0.001000604387995549
0.001000619563703042
0.001000633995741736
0.001000647682595411
0.001000660625285858
0.00100067282778725
0.001000684291309944
0.001000695014461378
0.001000704998390455
0.001000714246677642
0.001000722759364244
0.001000730531802117
0.00100073755979005
0.001000743843412073
0.001000749385539849
0.001000754188542944
0.001000758253115415
0.00100076157901593
0.001000764165935193
0.001000766013747276
0.001000767122432217
0.001000767491993355
