FiniteElementSpace
FiniteElementCollection: H1_2D_P1
VDim: 1
Ordering: 0

0.0009999982635230053
0.0009999982645634094
0.0009999982685640818
0.0009999982769574559
0.0009999982868817352
0.0009999982963357478
0.0009999983022140307
0.0009999982919628397
0.0009999982264983552
0.000999998011736814
0.0009999974210356647
0.0009999959455929863
0.0009999924137757191
0.0009999845047368641
0.0009999677508655432
0.0009999337337014032
0.0009998686264392936
0.0009997521362908998
0.0009995564279212965
0.000999243512544147
0.0009987788302202019
0.0009981461179013971
0.0009973372856077114
0.0009963818565044728
0.000995405265807285
0.0009944790398590188
0.0009937606286935768
0.0009933673338022007
0.0009933673757619766
0.0009937607539057664
0.0009944792465941391
0.0009954055522515297
0.0009963822224346424
0.0009973377336472957
0.000998146652554123
0.0009987794548169532
0.0009992442266407212
0.0009995572283290912
0.0009997530206073768
0.0009998695951128067
0.0009999347876135432
0.0009999688885103789
0.000999985722150148
0.0009999937075982701
0.0009999973131422091
0.000999998858986423
0.000999999515144118
0.0009999997916312702
0.0009999999162771213
0.0009999999829964175
0.001000000028841354
0.001000000067177841
0.001000000102062091
0.001000000135807344
0.001000000169260013
0.00100000020177797
0.001000000233066971
0.001000000264354588
0.00100000029583683
0.001000000326179903
0.001000000355111928
0.001000000384148477
0.001000000413543303
0.001000000441866647
0.001000000468688406
0.001000000495820906
0.001000000524084254
0.001000000551979721
0.001000000578506237
0.001000000605119489
0.001000000633370722
0.001000000662152415
0.001000000689399772
0.001000000715248995
0.001000000741800606
0.0010000007696687
0.00100000079627182
0.001000000817957962
0.001000000833167371
0.001000000843309125
0.001000000851131308
0.001000000858769025
0.001000000867000525
0.001000000875647099
0.001000000884239884
0.001000000892410704
0.001000000899967754
0.00100000090683547
0.001000000912990257
0.001000000918425117
0.001000000923138046
0.001000000927127649
0.001000000930393151
0.001000000932933718
0.001000000934748843
0.00100000093583808
0.00100000093620118
0.0009999982323266145
0.0009999982333483415
0.0009999982370053001
0.0009999982439146495
0.0009999982500045073
0.0009999982454097218
0.0009999982032958131
0.0009999980498650281
0.0009999975730254408
0.0009999962389977909
0.0009999926453527822
0.0009999836073550079
0.0009999618547867095
0.0009999118710253693
0.0009998033837814075
0.0009995800977461362
0.0009991445310169927
0.000998350031912252
0.0009969895488584329
0.0009948065268581179
0.0009915318203449954
0.0009869530172916744
0.0009811222034723237
0.000974341363918995
0.0009674138070914544
0.0009608333248226845
0.0009556698613817333
0.0009529885354070635
0.0009529885766014497
0.0009556699845117509
0.0009608335289545024
0.0009674140920041328
0.000974341731735012
0.0009811226590738971
0.0009869535655428045
0.000991532462712161
0.0009948072608325501
0.0009969903716322659
0.000998350943250123
0.0009991455321221379
0.0009995811871897444
0.0009998045575009896
0.000999913124733558
0.00099996318605181
0.0009999850128929258
0.0009999941207957444
0.0009999977799221504
0.0009999991769971102
0.0009999997134980359
0.0009999999221625548
0.001000000014938063
0.001000000067803619
0.001000000106618159
0.001000000140388206
0.00100000017299175
0.001000000205847171
0.001000000237550823
0.001000000267822963
0.00100000029801088
0.001000000328572265
0.001000000358022789
0.001000000386069179
0.001000000414204572
0.00100000044279317
0.001000000470166991
0.001000000496172414
0.001000000522664239
0.001000000550303216
0.001000000577373845
0.001000000603130328
0.001000000629382194
0.001000000657331994
0.001000000685424912
0.001000000711716487
0.001000000737018586
0.001000000763463952
0.001000000790821636
0.001000000815730015
0.001000000834743005
0.00100000084729281
0.001000000855602212
0.001000000862528507
0.001000000869787552
0.001000000877709259
0.001000000885894214
0.001000000893862805
0.001000000901312537
0.001000000908109567
0.001000000914208169
0.001000000919595224
0.001000000924267189
0.001000000928222342
0.001000000931459845
0.001000000933978643
0.001000000935778301
0.00100000093685826
0.001000000937218318
0.0009999982028888476
0.0009999982049641956
0.0009999982082486431
0.0009999982061276913
0.0009999981868635942
0.0009999981058698018
0.0009999978194693243
0.0009999969026257066
0.0009999941849889473
0.0009999864623994503
0.0009999655979731591
0.0009999117699057338
0.0009997790788505271
0.0009994697995098828
0.0009987785228869231
0.0009973369345935503
0.0009944786309596225
0.0009891281274918785
0.000979947902827676
0.000965210839716887
0.0009436641924634091
0.0009144496402143578
0.0008788440898168654
0.0008404435182812294
0.0008026708709749845
0.0007696169466371747
0.0007447424656068537
0.0007328689156673156
0.0007328689481748442
0.0007447425640252185
0.000769617114340962
0.0008026711139670535
0.0008404438459058411
0.000878844513020533
0.0009144501672727816
0.0009436648250400178
0.0009652115748256248
0.000979948738279275
0.0009891290622524318
0.0009944796625972259
0.0009973380572261183
0.0009987797310660764
0.0009994710897391482
0.0009997804483888499
0.0009999132139144578
0.0009999671117933394
0.0009999880426240775
0.0009999958283947519
0.0009999986043975359
0.0009999995751712178
0.0009999999127248437
0.001000000041607993
0.001000000104129833
0.001000000145476911
0.001000000178961415
0.001000000210073601
0.001000000241644895
0.001000000272422047
0.00100000030188428
0.001000000330976612
0.001000000360617397
0.001000000389105862
0.001000000416216678
0.001000000443556396
0.001000000471269169
0.001000000497714989
0.001000000522891775
0.001000000548870535
0.001000000575901755
0.001000000602104243
0.001000000627183617
0.001000000653188553
0.001000000680882121
0.001000000708141025
0.00100000073349729
0.001000000758428993
0.001000000784824912
0.001000000811333362
0.001000000833985698
0.001000000849981175
0.001000000859938628
0.001000000866749453
0.00100000087308573
0.001000000880106854
0.00100000088771798
0.001000000895393436
0.001000000902699263
0.001000000909413173
0.001000000915450839
0.001000000920787558
0.001000000925416631
0.001000000929335805
0.001000000932544015
0.001000000935040115
0.001000000936823641
0.001000000937893889
0.001000000938250758
0.0009999981784995188
0.0009999981758171089
0.0009999981696797446
0.000999998136403281
0.000999998005778527
0.0009999975375322365
0.0009999959935866143
0.0009999910869552312
0.0009999763146142254
0.0009999334346986332
0.0009998148282621007
0.0009994981676188417
0.0009987010827901197
0.0009967988936489462
0.000992504674546891
0.000983372199637415
0.0009652106806748977
0.0009326214036549546
0.000878843909183925
0.000802670678876171
0.00070682135711896
0.0006016403821091756
0.0005046146832690802
0.0004206752919980083
0.0003578709141599216
0.0003126640774771953
0.0002843310922071269
0.0002707599188311594
0.0002707599311913785
0.0002843311308574143
0.0003126641475853648
0.0003578710259433143
0.0004206754619628851
0.000504614935757772
0.000601640741864508
0.0007068218472310537
0.0008026713109181904
0.0008788446853609709
0.0009326223171782428
0.0009652117161595875
0.0009833733415677982
0.0009925059123384805
0.0009968002203097461
0.0009987024912697171
0.0009994996512164378
0.0009998163819975579
0.0009999350553638725
0.0009999779966028751
0.0009999928265331803
0.0009999977864144621
0.0009999993817816624
0.000999999894982882
0.001000000068421367
0.001000000139835779
0.001000000182790216
0.001000000215979306
0.001000000246596749
0.00100000027676501
0.001000000306549151
0.001000000334883512
0.001000000363170001
0.001000000391831372
0.001000000419329561
0.001000000445540495
0.00100000047211615
0.001000000499011613
0.001000000524436264
0.001000000548896546
0.001000000574426651
0.001000000600853407
0.001000000626164528
0.001000000650666801
0.001000000676615022
0.001000000703953437
0.001000000730266311
0.001000000754754863
0.001000000779550569
0.001000000805811108
0.001000000830927726
0.001000000850721543
0.001000000863503401
0.001000000871147629
0.001000000876886759
0.001000000882917958
0.001000000889769721
0.001000000897024872
0.001000000904129445
0.001000000910740277
0.001000000916710429
0.001000000921994021
0.001000000926578329
0.001000000930460115
0.00100000093363784
0.001000000936110367
0.001000000937877131
0.001000000938937288
0.001000000939290825
0.0009999981541287638
0.0009999981376905441
0.0009999980942810305
0.000999997909203252
0.0009999972394811798
0.0009999948894286706
0.0009999870483638419
0.0009999616275922093
0.0009998825794685854
0.0009996481723993059
0.0009989775178915988
0.0009971682647787051
0.0009925045654723534
0.0009811217355265222
0.0009556692996442544
0.0009037831112261803
0.0008122364011462704
0.000678003343608361
0.0005215244472947488
0.0003735715186869997
0.0002576032468658791
0.0001767588234281847
0.0001244693646431066
9.15058283466934e-05
7.094198178625143e-05
5.832993624874757e-05
5.102445866462393e-05
4.78445914839144e-05
4.784459373363204e-05
5.102446580657163e-05
5.832994972274812e-05
7.094200467635871e-05
9.150586667877707e-05
0.0001244694292929377
0.0001767589329325245
0.0002576034317012185
0.000373571823641016
0.000521524925482607
0.0006780040318034986
0.0008122373015811318
0.0009037841951427322
0.0009556705308129012
0.0009811230829992513
0.0009925060060312649
0.0009971697861541474
0.0009989791111777802
0.0009996498334045171
0.0009998842997725544
0.0009999634064948848
0.0009999888783540152
0.0009999967700195474
0.0009999991614990465
0.0009999998755425784
0.001000000095880741
0.001000000176802101
0.001000000220308148
0.001000000252001652
0.001000000281932657
0.001000000311070516
0.001000000339840562
0.001000000367015453
0.001000000394510359
0.001000000422178941
0.001000000448708009
0.001000000473969641
0.001000000499897411
0.001000000525876345
0.001000000550344235
0.001000000574134238
0.001000000599373378
0.001000000625111489
0.001000000649526049
0.001000000673682233
0.001000000699651887
0.001000000726518104
0.001000000751734974
0.001000000775576417
0.001000000800422881
0.001000000826243134
0.001000000849234454
0.001000000865624953
0.001000000875253102
0.001000000881058979
0.001000000886190388
0.00100000089211875
0.001000000898792457
0.001000000905610627
0.001000000912086442
0.00100000091797921
0.001000000923206249
0.001000000927743939
0.001000000931587037
0.001000000934733182
0.001000000937181352
0.001000000938930756
0.001000000939980492
0.001000000940330577
0.0009999981192308643
0.0009999980570929183
0.0009999978397866641
0.00099999697756706
0.0009999938070271448
0.0009999825119759887
0.0009999435870029702
0.0009998146971700811
0.0009994003611976444
0.0009981455093146865
0.0009944783180338226
0.0009843487720811838
0.0009582043294813106
0.0008982971640474648
0.0007803462354316348
0.0006016401785067059
0.0004057552963904965
0.0002448712463434571
0.0001407309289534322
8.085617584453473e-05
4.78445754106341e-05
2.979756226916561e-05
1.957280416881359e-05
1.377851654039559e-05
1.041697251016297e-05
8.364279407407084e-06
7.268400714987479e-06
6.754491652886549e-06
6.754491980836157e-06
7.268401765343993e-06
8.364281405440825e-06
1.041697599951909e-05
1.377852255171624e-05
1.957281474714967e-05
2.979758140569282e-05
4.784461096695659e-05
8.085624433850265e-05
0.0001407310628429957
0.0002448715037127456
0.0004057557617795706
0.0006016409255241424
0.00078034727434603
0.000898298435473119
0.0009582057587706652
0.0009843503147366252
0.0009944799439191095
0.0009981472076376291
0.0009994021186675067
0.0009998165146522929
0.00099994545225296
0.0009999844277273906
0.0009999957624375146
0.0009999989778324634
0.0009999998716239912
0.001000000125952811
0.001000000213946612
0.00100000025691017
0.001000000287873823
0.001000000315977612
0.001000000344504062
0.001000000371956893
0.001000000398340896
0.001000000424761004
0.00100000045167445
0.00100000047702929
0.001000000501576052
0.001000000526797286
0.001000000551933874
0.001000000575336376
0.001000000598742512
0.001000000623665443
0.001000000648651231
0.001000000672243822
0.001000000696282638
0.001000000722336308
0.001000000748451768
0.001000000772574688
0.001000000796057128
0.001000000821025961
0.001000000845790712
0.001000000865812854
0.001000000878474402
0.001000000885312917
0.001000000889902829
0.001000000894831184
0.001000000900744831
0.001000000907158703
0.001000000913449938
0.001000000919249878
0.001000000924415713
0.001000000928904868
0.00100000093270804
0.001000000935821658
0.001000000938244773
0.001000000939976253
0.001000000941015313
0.001000000941361805
0.0009999980390232835
0.0009999977967233766
0.0009999968193236883
0.0009999929857637221
0.0009999784781479298
0.0009999252359291424
0.0009997375825060268
0.0009990954989931909
0.000996989046781836
0.0009904329314371532
0.0009710774901545839
0.0009195983163031717
0.0008026703614244926
0.0006016401099482005
0.0003735714070679776
0.000198304520659791
9.78327879181049e-05
4.784456640049074e-05
2.416323733898371e-05
1.288830498003429e-05
7.268398492681594e-06
4.374001062575316e-06
2.812765454078688e-06
1.94605882960979e-06
1.44018925626564e-06
1.154332604243179e-06
9.898922810005437e-07
9.19491213643105e-07
9.194912597999771e-07
9.898924289392156e-07
1.154332890286208e-06
1.44018975926473e-06
1.946059716713489e-06
2.81276703697634e-06
4.374003978336353e-06
7.268404111742739e-06
1.288831635862924e-05
2.416326122008197e-05
4.784461848038852e-05
9.783290413312748e-05
0.0001983047756409802
0.0003735719201359334
0.000601640986279813
0.0008026715915785137
0.0009195997963511056
0.0009710791162824718
0.0009904346553647168
0.0009969908372396206
0.0009990973509735632
0.0009997394814649321
0.0009999271854461407
0.0009999804674201179
0.0009999950166939943
0.0009999988818371259
0.000999999894967866
0.001000000163890839
0.001000000251291647
0.001000000292478923
0.001000000322530663
0.00100000034915537
0.001000000376763628
0.001000000403108539
0.001000000428513596
0.001000000454220786
0.001000000480123521
0.001000000504453442
0.001000000528223567
0.001000000552915786
0.001000000576979739
0.001000000599569142
0.00100000062265927
0.001000000647336011
0.001000000671426246
0.001000000694387286
0.00100000071858954
0.001000000744578897
0.001000000769694818
0.001000000792831815
0.00100000081632807
0.00100000084117544
0.001000000863968097
0.001000000880240036
0.001000000889208283
0.00100000089392519
0.001000000897946263
0.001000000902939591
0.001000000908799732
0.001000000914833262
0.001000000920516007
0.001000000925613815
0.001000000930052305
0.001000000933814351
0.001000000936894638
0.001000000939292074
0.001000000941005134
0.001000000942033304
0.0010000009423761
0.00099999779456185
0.0009999967961319576
0.0009999926681804468
0.0009999761509137486
0.0009999114972145573
0.000999666886848384
0.0009987781619393498
0.0009956774437575157
0.0009852689039477546
0.0009529876977906913
0.0008643963076256886
0.0006780031164834123
0.000420675033617855
0.0002092862874911856
9.150578100371486e-05
3.916566161500238e-05
1.703361534909812e-05
7.821098674461241e-06
3.775702344761934e-06
1.94605833476534e-06
1.07224876603122e-06
6.318950649114238e-07
3.983849089492378e-07
2.720556286949733e-07
1.987869771907124e-07
1.573431561464622e-07
1.349096726051218e-07
1.245386237189554e-07
1.245386302002896e-07
1.34909693534186e-07
1.573431967575015e-07
1.987870498759054e-07
2.720557583830783e-07
3.983851420761024e-07
6.31895502963597e-07
1.072249632350044e-06
1.946060130020845e-06
3.77570622567508e-06
7.82110752361776e-06
1.703363635851209e-05
3.916571364448127e-05
9.150591023681332e-05
0.000209286601336448
0.0004206756973525276
0.0006780042377545902
0.0008643977912308206
0.0009529893949742942
0.0009852707118968146
0.0009956793243426187
0.0009987800951053631
0.0009996688677888518
0.0009999135193568261
0.0009999782100773786
0.0009999947635059541
0.0009999989211952969
0.0009999999488612334
0.001000000209560877
0.001000000288564941
0.001000000327902688
0.001000000355197094
0.001000000381723877
0.001000000407616867
0.001000000433362824
0.00100000045746309
0.00100000048272336
0.001000000507481053
0.001000000530878587
0.00100000055401993
0.001000000578097028
0.001000000601145629
0.001000000622983918
0.00100000064604218
0.001000000670297664
0.001000000693468307
0.001000000716088202
0.00100000074064286
0.001000000766288869
0.001000000790160522
0.001000000812688546
0.001000000836405103
0.001000000860479971
0.001000000880183834
0.001000000892220756
0.001000000897994722
0.001000000901445542
0.00100000090543287
0.001000000910570339
0.001000000916244783
0.001000000921772712
0.001000000926792121
0.001000000931177293
0.001000000934896996
0.001000000937943286
0.001000000940314512
0.001000000942008769
0.001000000943025876
0.00100000094336484
0.0009999969103626424
0.0009999929449642016
0.0009999761243955263
0.0009999065402011985
0.00099962578523385
0.000998540121703155
0.0009944781645237258
0.0009799473693743795
0.0009326209737221773
0.0008026702483971534
0.0005536379647280113
0.0002843308653319452
0.0001172779640862269
4.485349194134912e-05
1.703361327514047e-05
6.754487215119425e-06
2.812764375947749e-06
1.242691450968214e-06
5.833408877453439e-07
2.929001225228773e-07
1.573431122758906e-07
9.099485449304033e-08
5.665562309485662e-08
3.797810929579489e-08
2.740887174484197e-08
2.156070878629799e-08
1.826016897626264e-08
1.685628503328626e-08
1.685628596052437e-08
1.826017194921363e-08
2.156071461068723e-08
2.740888224824668e-08
3.797812820492857e-08
5.665565755494126e-08
9.099492037718148e-08
1.573432457968493e-07
2.929004056246517e-07
5.833415130098271e-07
1.242692914101406e-06
2.812767957310237e-06
6.754496436474954e-06
1.703363806980212e-05
4.485356149905448e-05
0.000117278154862155
0.0002843313483270645
0.0005536389398733355
0.0008026717112534596
0.0009326227238440102
0.0009799492561623419
0.0009944801277269994
0.0009985421319659569
0.0009996278403013505
0.0009999086279219318
0.0009999782509568379
0.0009999950968632276
0.0009999990957539596
0.001000000029731978
0.001000000257445413
0.001000000326604921
0.0010000003612065
0.001000000387470294
0.001000000412257335
0.001000000437946301
0.001000000461967007
0.001000000485776619
0.001000000509960788
0.001000000533973893
0.001000000556193099
0.001000000579028689
0.001000000602334203
0.001000000624361052
0.001000000645725171
0.001000000668867282
0.001000000692534059
0.001000000714814817
0.001000000737526113
0.00100000076243506
0.001000000787265444
0.001000000809938754
0.001000000832306256
0.001000000856129855
0.001000000878303119
0.001000000893866976
0.001000000901726615
0.001000000905222216
0.001000000908261664
0.001000000912515115
0.001000000917700096
0.001000000923017583
0.001000000927942551
0.001000000932270746
0.001000000935946886
0.001000000938958606
0.001000000941303173
0.001000000942978377
0.00100000094398423
0.001000000944319294
0.0009999937106254296
0.0009999784102096578
0.0009999114459885478
0.0009996257647554518
0.0009984476938957234
0.0009937596885521136
0.0009759795662238303
0.0009144489917962468
0.0007447417994633349
0.0004539759639408896
0.0001983044686622956
7.09419296282463e-05
2.416322860218192e-05
8.364273450406941e-06
3.027684905869459e-06
1.154331878842727e-06
4.646099378590877e-07
1.987868952173202e-07
9.099483661252284e-08
4.456742005786594e-08
2.335638568612347e-08
1.317832126787908e-08
8.05481846266448e-09
5.300556624552457e-09
3.801918190192808e-09
2.954114550374821e-09
2.486539060897084e-09
2.28128344352894e-09
2.281283585270045e-09
2.48653949413123e-09
2.954115379890947e-09
3.801919715275619e-09
5.300559405860872e-09
8.054823578935295e-09
1.31783312778424e-08
2.335640662987988e-08
4.456746556245664e-08
9.099493828950914e-08
1.987871348000919e-07
4.646105384587403e-07
1.154333505810035e-06
3.027689520804931e-06
8.364286952246564e-06
2.416326910555544e-05
7.094205322182706e-05
0.0001983048271453025
0.0004539768097454639
0.0007447432283337105
0.0009144507869121976
0.0009759815305308787
0.0009937617227323513
0.000998449781179881
0.0009996278828107068
0.0009999136026741214
0.0009999805898828018
0.0009999959224490003
0.0009999993575285707
0.001000000125560708
0.001000000305322788
0.001000000363297296
0.001000000393142902
0.001000000418241812
0.00100000044197918
0.00100000046666864
0.001000000489751215
0.001000000512679939
0.001000000536435365
0.001000000559105096
0.001000000580729823
0.001000000603072569
0.001000000625705553
0.001000000646621859
0.001000000667976997
0.001000000691126732
0.001000000713965701
0.001000000735656947
0.001000000758843767
0.001000000783786686
0.00100000080742319
0.001000000829172439
0.001000000851809267
0.001000000875007028
0.001000000893855192
0.001000000904671079
0.001000000909062861
0.001000000911421054
0.001000000914680151
0.001000000919222663
0.001000000924251626
0.001000000929057811
0.001000000933323549
0.001000000936954797
0.00100000093993149
0.001000000942249023
0.00100000094390506
0.001000000944899496
0.001000000945230621
0.0009999823930646782
0.0009999251430633065
0.0009996668086543967
0.0009985400699812493
0.000993759654827888
0.0009743405392030043
0.0009037827351331603
0.0007068208925325003
0.0003895429420498131
0.0001491173522873775
4.78445477161321e-05
1.481885895525572e-05
4.707648832778626e-06
1.550394795717768e-06
5.418378470155483e-07
1.987868608144068e-07
7.754171833783035e-08
3.236297997472349e-08
1.436400803438962e-08
6.821761061741223e-09
3.488081975058836e-09
1.932055281912465e-09
1.15218761796079e-09
9.999989780441822e-10
9.999988495892876e-10
9.999988353560631e-10
9.999987774928106e-10
9.999985896477563e-10
9.99998655770541e-10
9.999989339523939e-10
9.999991166864876e-10
9.999993041746336e-10
9.999995835405246e-10
1.152188378536116e-09
1.932056786485517e-09
3.488085342035966e-09
6.821768557151001e-09
1.436402429457025e-08
3.236301798601666e-08
7.754182095120417e-08
1.987871628377206e-07
5.418387305452016e-07
1.550397376758996e-06
4.707656919050524e-06
1.48188854182174e-05
4.784463644748732e-05
0.0001491176359184077
0.0003895437058739097
0.0007068223070183506
0.0009037845879747543
0.0009743425687039723
0.0009937617667746231
0.0009985422185871745
0.0009996689951189326
0.0009999273517067313
0.0009999846312507706
0.0009999970092279711
0.000999999655172233
0.001000000218862761
0.00100000035244982
0.001000000396410052
0.001000000424653392
0.001000000446813198
0.001000000471006191
0.001000000493905455
0.001000000516532696
0.001000000538584336
0.001000000561761527
0.001000000583267168
0.001000000604278663
0.001000000626404606
0.001000000647919478
0.001000000668230864
0.001000000689746738
0.001000000712760932
0.00100000073463484
0.001000000756232647
0.001000000780044127
0.001000000804508185
0.00100000082670289
0.001000000848167908
0.001000000871006314
0.001000000892205244
0.001000000906413671
0.001000000912654374
0.001000000914840808
0.00100000091710152
0.001000000920842844
0.001000000925480246
0.001000000930131758
0.0010000009343267
0.001000000937911476
0.001000000940852738
0.001000000943142993
0.001000000944779835
0.001000000945762702
0.001000000946089956
0.0009999434378002274
0.0009997374556498404
0.0009987780516959271
0.0009944780860778044
0.0009759795113197936
0.0009037827147055925
0.0006925997129464825
0.0003578706052288264
0.0001244692706278278
3.647933210676039e-05
1.041696422586558e-05
3.027684441072689e-06
9.194903863553652e-07
2.929000366927976e-07
9.857274845247708e-08
3.505829235709129e-08
1.3178314402665e-08
5.300556254729171e-09
2.281282869661205e-09
1.057077746475274e-09
9.999983918276263e-10
9.999983081315568e-10
9.99997618815843e-10
9.99996836605998e-10
9.999966818250629e-10
9.999966213060422e-10
9.999965466896668e-10
9.999964070985714e-10
9.999964217335504e-10
9.999965642240473e-10
9.999969463887058e-10
9.999973637623974e-10
9.999976206478952e-10
9.999981926066848e-10
9.9999903206265e-10
9.999995394967839e-10
1.057079055074728e-09
2.281285184513054e-09
5.300562110422436e-09
1.317833431842694e-08
3.505835316732618e-08
9.857291598836986e-08
2.929005213224954e-07
9.194920050155985e-07
3.027689986454716e-06
1.041698401566481e-05
3.647940294322052e-05
0.0001244695200685563
0.0003578713350300845
0.0006926011586267977
0.0009037846298151524
0.0009759816188518361
0.0009944802597117981
0.0009987802679542765
0.0009997396930260436
0.0009999457007167909
0.000999989162081818
0.0009999981038711131
0.0009999999249030377
0.001000000302786336
0.001000000393191526
0.00100000042917725
0.001000000452836743
0.001000000475560982
0.00100000049760522
0.001000000520826556
0.001000000541488583
0.001000000563927373
0.001000000585671868
0.001000000606480604
0.001000000627033652
0.001000000648784419
0.001000000669253847
0.00100000068921975
0.001000000711180608
0.001000000733626611
0.001000000754706664
0.001000000776757215
0.001000000801039269
0.001000000824273231
0.00100000084536831
0.001000000867067006
0.00100000088927711
0.001000000906693352
0.001000000915625125
0.001000000918369779
0.001000000919790046
0.001000000922594657
0.001000000926713929
0.001000000931159844
0.001000000935271459
0.001000000938807637
0.001000000941713119
0.001000000943976
0.00100000094559366
0.00100000094656488
0.001000000946888374
0.0009998145168720488
0.0009990953437538795
0.0009956773040624926
0.0009799472585751367
0.0009144489072649697
0.0007068208508159719
0.0003578705916682501
0.0001172779408262405
3.181804101854523e-05
8.364272249343312e-06
2.255085943209095e-06
6.318947117628003e-07
1.846387182824452e-07
5.665559151651445e-08
1.826015562404254e-08
6.258646420896032e-09
2.281281100065245e-09
9.999988322655758e-10
9.999986532096751e-10
9.999970048572814e-10
9.999958439633358e-10
9.999959819073258e-10
9.999957368417151e-10
9.999946223122768e-10
9.999939783037327e-10
9.999942153290132e-10
9.999944176187805e-10
9.999939113188446e-10
9.999937958283939e-10
9.999941759391729e-10
9.999947021314472e-10
9.999950250517057e-10
9.999954264599461e-10
9.999960669763421e-10
9.999967734483321e-10
9.999974766386461e-10
9.999983780596614e-10
9.9999936562403e-10
9.999999777804451e-10
2.281285668091304e-09
6.258657968482994e-09
1.826018476555567e-08
5.665568486407203e-08
1.846390596204327e-07
6.318958920289469e-07
2.25509030182144e-06
8.364288837274864e-06
3.181810608970296e-05
0.0001172781843765158
0.0003578713523708094
0.0007068223738919742
0.0009144509136480565
0.0009799494330271778
0.0009956795438106753
0.0009990976092537555
0.0009998168094694168
0.0009999637360743462
0.0009999931892962276
0.000999998998874536
0.001000000138302226
0.001000000370090923
0.001000000429593805
0.001000000458547228
0.001000000480724164
0.001000000501718488
0.001000000524395047
0.001000000545275891
0.001000000566423622
0.001000000587520164
0.001000000609013391
0.001000000628384528
0.001000000649253722
0.001000000670099604
0.001000000689738149
0.001000000709900899
0.001000000732151401
0.001000000753685605
0.001000000774454466
0.00100000079743028
0.001000000821379205
0.001000000843085957
0.001000000863727909
0.001000000885676924
0.001000000905497495
0.001000000917617884
0.001000000921776437
0.001000000922714477
0.001000000924509662
0.001000000927968223
0.001000000932139601
0.001000000936149525
0.001000000939634078
0.001000000942503396
0.001000000944738975
0.001000000946337519
0.001000000947297082
0.001000000947616976
0.0009994001409781889
0.0009969888524154907
0.0009852687316794404
0.0009326208396134916
0.0007447417090435631
0.0003895429087343224
0.0001244692630486386
3.18180403538297e-05
7.821095307935636e-06
1.946057180041287e-06
5.002002188208253e-07
1.349095563718391e-07
3.797808344602122e-08
1.122984055080176e-08
3.488081666135169e-09
1.152187400310505e-09
9.999971179873038e-10
9.999967323969504e-10
9.999969810440854e-10
9.999952890105453e-10
9.999933381962479e-10
9.999934982516858e-10
9.99993748166259e-10
9.999928020019314e-10
9.999915676984398e-10
9.999916908187964e-10
9.999925329362487e-10
9.999920957490984e-10
9.999917721482548e-10
9.999919440487254e-10
9.999925121251114e-10
9.999930594826177e-10
9.999933426362252e-10
9.999938311880922e-10
9.999946535100255e-10
9.999954282666475e-10
9.999964587035313e-10
9.999974788180398e-10
9.999982684140659e-10
9.999995924576883e-10
1.152189136075587e-09
3.488086759952234e-09
1.122986113782384e-08
3.797815545535058e-08
1.349098075798453e-07
5.002011957220058e-07
1.946061128797619e-06
7.82111154935185e-06
3.181810770930176e-05
0.0001244695324253638
0.0003895437623640215
0.0007447433688255079
0.0009326229384397524
0.0009852709774032231
0.0009969911432913905
0.0009994024611695834
0.0009998846765085642
0.0009999784058895172
0.0009999962687404931
0.0009999996470169744
0.001000000290018205
0.001000000421067241
0.001000000462307508
0.001000000485702946
0.001000000506861414
0.001000000527392361
0.001000000549025653
0.001000000569508592
0.001000000589401966
0.001000000610902215
0.001000000630451571
0.001000000650088722
0.001000000670357599
0.001000000690634789
0.001000000709514596
0.001000000730481135
0.001000000752426776
0.001000000773053223
0.001000000794328458
0.001000000817972087
0.001000000840762693
0.001000000861115988
0.001000000882060668
0.001000000903089924
0.00100000091837852
0.001000000924772512
0.001000000925788257
0.001000000926608134
0.00100000092926265
0.001000000933071028
0.001000000936953215
0.001000000940381727
0.00100000094321441
0.001000000945422884
0.00100000094700248
0.001000000947950473
0.001000000948266854
0.0009981452553022383
0.0009904327063845607
0.0009529875001702005
0.0008026701064251204
0.0004539758925755728
0.0001491173330297381
3.6479328282072e-05
8.364271590450033e-06
1.946057132224148e-06
4.646097553688332e-07
1.14964639870551e-07
2.969158242856376e-08
8.054819375888673e-09
2.281280802059395e-09
9.999980241634723e-10
9.99997815501161e-10
9.999952601815809e-10
9.999943750149826e-10
9.999945748828751e-10
9.999932047251836e-10
9.999911436809151e-10
9.999907579164007e-10
9.999917810365231e-10
9.999914352303113e-10
9.999894350434388e-10
9.999895339747227e-10
9.999908966505712e-10
9.999905533701629e-10
9.999899919495887e-10
9.99989969239656e-10
9.99990830082554e-10
9.999913237762708e-10
9.999914431639063e-10
9.999918609464592e-10
9.99992533570445e-10
9.999933437711828e-10
9.999940293209144e-10
9.999952841856962e-10
9.999963316798025e-10
9.999975027323086e-10
9.999991113561684e-10
9.999999298965633e-10
2.28128565831055e-09
8.054832370185957e-09
2.969163821782774e-08
1.149648692257918e-07
4.646107280705926e-07
1.946061232721581e-06
8.364289709169127e-06
3.647940850330981e-05
0.0001491176654148828
0.0004539769190049275
0.0008026719372419281
0.0009529897001628574
0.0009904350089546749
0.0009981475988854406
0.0009996502585299194
0.0009999355123520889
0.0009999885299240498
0.0009999982961508308
0.0010000000590124
0.001000000387514946
0.001000000461985506
0.001000000489706229
0.001000000512315446
0.001000000530987847
0.001000000552243968
0.001000000572554433
0.001000000592178395
0.001000000612207719
0.00100000063242415
0.001000000651585778
0.001000000670515335
0.001000000691095296
0.001000000709895829
0.001000000729297944
0.001000000750668019
0.001000000771949429
0.001000000792117265
0.001000000814469131
0.001000000837969991
0.001000000858956235
0.001000000878910974
0.001000000899949456
0.001000000917832894
0.001000000927059388
0.001000000928864677
0.001000000928888604
0.001000000930618254
0.001000000933956826
0.001000000937675567
0.001000000941041695
0.00100000094383714
0.001000000946018808
0.001000000947579701
0.001000000948516339
0.001000000948829207
0.0009944780265491347
0.0009710772321801538
0.0008643960945333119
0.000553637845947203
0.0001983044315075046
4.78445400811462e-05
1.041696294271387e-05
2.255085658349856e-06
5.002001741147226e-07
1.149646309473382e-07
2.740883964239865e-08
6.821760031138473e-09
1.772571048518705e-09
9.999972868471359e-10
9.999962088131511e-10
9.999958169085349e-10
9.999935667057716e-10
9.99992730309319e-10
9.999921493304738e-10
9.999913803562141e-10
9.999899604965152e-10
9.999886417419168e-10
9.999899763812415e-10
9.99990739308781e-10
9.999881197019601e-10
9.999877796192604e-10
9.999893576920815e-10
9.999896574749339e-10
9.999889185690176e-10
9.999882282331467e-10
9.999895472984708e-10
9.999902365072458e-10
9.999901447869837e-10
9.99990413096514e-10
9.999910664356456e-10
9.999917938196888e-10
9.999921585885946e-10
9.999934906061923e-10
9.999947669811348e-10
9.999955007286473e-10
9.999974615269946e-10
9.999986825613137e-10
9.999992094750307e-10
1.772573256292046e-09
6.821774883296567e-09
2.740889502561915e-08
1.149648756923238e-07
5.00201250518302e-07
2.255090662762864e-06
1.04169861793095e-05
4.784464854183772e-05
0.0001983048856321316
0.0005536391252039399
0.000864398113424355
0.0009710795130594579
0.0009944803841273916
0.0009989795857360223
0.0009998168877968282
0.0009999676470813811
0.0009999946841739184
0.0009999994491886989
0.00100000029192494
0.001000000451827571
0.001000000492596364
0.001000000516755158
0.001000000535372472
0.001000000555560954
0.001000000574954459
0.001000000595359669
0.001000000613700527
0.001000000633857409
0.001000000653240318
0.001000000671325199
0.001000000690994036
0.001000000710345246
0.001000000728959245
0.001000000748803818
0.001000000770521929
0.001000000790637753
0.00100000081144223
0.00100000083466766
0.001000000856774063
0.001000000876383629
0.00100000089662924
0.001000000916121931
0.001000000928389612
0.001000000931745708
0.001000000931318021
0.001000000932053571
0.001000000934802194
0.00100000093831055
0.001000000941605337
0.001000000944362731
0.001000000946517988
0.001000000948060511
0.001000000948986112
0.001000000949295415
0.0009843484485702494
0.0009195980417730531
0.0006780029278983655
0.0002843307942259516
7.094191370466144e-05
1.481885588736286e-05
3.027683915389183e-06
6.318946047681644e-07
1.349095302840572e-07
2.969157708390531e-08
6.821762367584105e-09
1.626249888259078e-09
9.999976880644246e-10
9.999967077178142e-10
9.999950719828603e-10
9.999924456438042e-10
9.999915974863527e-10
9.999918609547631e-10
9.999894113367508e-10
9.999893681809511e-10
9.999892986470145e-10
9.999866932897576e-10
9.999881566882187e-10
9.999896716130572e-10
9.9998666846969e-10
9.99985883603632e-10
9.999871501914612e-10
9.999884948219345e-10
9.999877428669576e-10
9.999860648344408e-10
9.999879058799775e-10
9.999888188574995e-10
9.999887222385551e-10
9.999891498651637e-10
9.999895064361468e-10
9.99990523322312e-10
9.999906865359762e-10
9.999914257119238e-10
9.999933294028541e-10
9.999935148447066e-10
9.999948123985648e-10
9.999975555266593e-10
9.999983325354598e-10
9.999992145677332e-10
1.626253977377438e-09
6.821775287122672e-09
2.969164164721896e-08
1.349098302978377e-07
6.318960299118912e-07
3.027690789511071e-06
1.481889000591421e-05
7.094207814325894e-05
0.0002843314592129898
0.0006780045271355677
0.0009196002209570384
0.0009843508016947299
0.0009971703107064561
0.0009995002068040528
0.0009999137981523676
0.0009999856242963055
0.0009999979504649718
0.001000000048292757
0.001000000417556058
0.001000000492438199
0.001000000520273345
0.001000000539692951
0.001000000559254819
0.001000000577221785
0.001000000598085374
0.001000000615893839
0.001000000635136212
0.001000000654295379
0.001000000672785716
0.001000000690886771
0.001000000710326305
0.00100000072912981
0.00100000074746813
0.001000000768616895
0.001000000789334488
0.001000000809211803
0.001000000831205841
0.001000000854181368
0.00100000087429681
0.001000000893586392
0.001000000913575679
0.001000000928626981
0.001000000934205443
0.001000000933825281
0.001000000933579476
0.00100000093561416
0.001000000938853113
0.001000000942064317
0.001000000944782574
0.001000000946911898
0.001000000948436415
0.001000000949351441
0.001000000949657101
