FiniteElementSpace
FiniteElementCollection: H1_2D_P1
VDim: 1
Ordering: 0

0.0009999986180272168
0.0009999986189860887
0.0009999986222693066
0.0009999986286904046
0.0009999986385186654
0.0009999986506558118
0.000999998662653979
0.0009999986718057315
0.0009999986767255471
0.0009999986783329471
0.0009999986794219035
0.0009999986830525199
0.0009999986908934562
0.0009999987027142112
0.0009999987172168562
0.0009999987333878539
0.0009999987511937639
0.0009999987712392133
0.0009999987938753641
0.0009999988187060788
0.0009999988448538266
0.0009999988716913931
0.0009999988993004273
0.0009999989283284269
0.0009999989593875687
0.0009999989925420416
0.0009999990272140837
0.0009999990625403129
0.0009999990978773248
0.0009999991331542054
0.0009999991688727735
0.0009999992057563305
0.0009999992442444839
0.0009999992841377907
0.0009999993246918196
0.0009999993651291406
0.0009999994052378952
0.0009999994455074444
0.0009999994866568052
0.0009999995288803288
0.0009999995715568705
0.000999999613726831
0.0009999996550097371
0.0009999996960466252
0.0009999997380050292
0.0009999997814847804
0.000999999825885319
0.00099999986986374
0.0009999999125594814
0.0009999999544287464
0.0009999999968924563
0.001000000041050083
0.001000000086634421
0.001000000132156403
0.001000000176145051
0.001000000218397107
0.001000000260164925
0.001000000303109282
0.001000000347848446
0.001000000393192487
0.001000000436572028
0.001000000475293905
0.001000000507778489
0.001000000534093787
0.001000000555654849
0.001000000574439072
0.00100000059221466
0.001000000610105794
0.001000000628545227
0.00100000064747153
0.001000000666588764
0.001000000685565382
0.001000000704136302
0.001000000722127366
0.00100000073943979
0.001000000756023935
0.001000000771857173
0.001000000786929824
0.001000000801237697
0.001000000814778718
0.0010000008275516
0.001000000839555366
0.001000000850789081
0.001000000861251915
0.001000000870943062
0.001000000879861842
0.001000000888007558
0.001000000895379563
0.001000000901977204
0.00100000090779996
0.001000000912847329
0.001000000917118931
0.001000000920614378
0.001000000923333368
0.001000000925275669
0.0010000009264411
0.001000000926829592
0.0009999986176245782
0.0009999986188897994
0.0009999986228350112
0.0009999986295959773
0.0009999986386921055
0.0009999986488134209
0.0009999986583091405
0.0009999986660320505
0.0009999986718518142
0.0009999986765140982
0.0009999986810899722
0.0009999986865656038
0.0009999986937772409
0.0009999987035016183
0.00099999871634483
0.00099999873246255
0.0009999987514060775
0.0009999987723887393
0.000999998794801678
0.0009999988185687995
0.0009999988440186633
0.0009999988714203924
0.0009999989006020584
0.0009999989309832915
0.0009999989619730533
0.0009999989933884529
0.0009999990255721194
0.0009999990591299539
0.0009999990944912854
0.0009999991315849947
0.0009999991698397652
0.0009999992085091825
0.0009999992471120861
0.0009999992856955298
0.000999999324717271
0.0009999993646255382
0.0009999994054572638
0.0009999994467960772
0.0009999994881390928
0.0009999995293399823
0.0009999995707213117
0.0009999996127253827
0.0009999996554567972
0.0009999996985425087
0.0009999997414707974
0.0009999997840389764
0.0009999998265011027
0.0009999998692711413
0.0009999999125412243
0.00099999995616515
0.0009999999998891772
0.00100000004360475
0.001000000087368352
0.001000000131206919
0.001000000175001893
0.001000000218601873
0.001000000262023324
0.001000000305434385
0.001000000348826974
0.001000000391613804
0.00100000043252931
0.001000000470001132
0.00100000050280145
0.00100000053057881
0.001000000553971713
0.001000000574287451
0.001000000592976944
0.001000000611186741
0.001000000629554135
0.001000000648242608
0.001000000667111181
0.001000000685898211
0.00100000070434912
0.001000000722273572
0.001000000739552144
0.001000000756119504
0.001000000771943765
0.001000000787010666
0.001000000801314084
0.001000000814851215
0.001000000827620534
0.001000000839620954
0.001000000850851567
0.001000000861311517
0.001000000871000025
0.00100000087991637
0.001000000888059857
0.001000000895429842
0.001000000902025703
0.001000000907846887
0.001000000912892911
0.001000000917163357
0.001000000920657869
0.001000000923376136
0.001000000925317912
0.001000000926483042
0.00100000092687143
0.0009999986180713755
0.0009999986197362656
0.000999998624160343
0.00099999862998367
0.0009999986358849304
0.0009999986413959353
0.0009999986470840608
0.0009999986539374528
0.0009999986623857285
0.0009999986718359079
0.0009999986811596339
0.000999998689754698
0.0009999986982086773
0.0009999987079818392
0.0009999987204259212
0.000999998735998966
0.00099999875429325
0.0009999987746196713
0.000999998796587063
0.0009999988201484884
0.0009999988453780072
0.0009999988722147332
0.0009999989005510612
0.0009999989303352351
0.0009999989616371763
0.000999998994439826
0.0009999990285180702
0.0009999990634510833
0.0009999990988855639
0.0009999991347497174
0.0009999991712537496
0.0009999992086766262
0.0009999992471036057
0.0009999992864138188
0.0009999993264003379
0.0009999993669747003
0.0009999994080928318
0.0009999994496380814
0.000999999491316029
0.0009999995329005287
0.0009999995744760428
0.0009999996164632547
0.000999999659172365
0.0009999997023738064
0.0009999997453519669
0.0009999997875839721
0.0009999998293813391
0.000999999871760814
0.000999999915508953
0.0009999999603000609
0.00100000000482962
0.001000000047946799
0.001000000089768861
0.001000000131655853
0.001000000175016971
0.001000000219991786
0.00100000026518759
0.001000000308643902
0.00100000034914612
0.001000000386793756
0.001000000422493706
0.001000000456951989
0.001000000490031534
0.00100000052088979
0.001000000548645497
0.001000000573001149
0.001000000594421287
0.001000000613861873
0.001000000632323292
0.001000000650511433
0.001000000668731004
0.001000000686967484
0.001000000705042189
0.001000000722744827
0.00100000073990543
0.001000000756413081
0.001000000772205966
0.001000000787253824
0.001000000801543224
0.001000000815068488
0.001000000827827045
0.001000000839817472
0.001000000851038761
0.001000000861490072
0.001000000871170624
0.001000000880079661
0.001000000888216481
0.001000000895580442
0.001000000902170932
0.001000000907987415
0.001000000913029375
0.001000000917296382
0.00100000092078808
0.001000000923504166
0.0010000009254444
0.00100000092660861
0.001000000926996687
0.0009999986205773961
0.0009999986215767087
0.0009999986237666878
0.0009999986256733569
0.0009999986269209743
0.0009999986289451904
0.0009999986338235522
0.0009999986424611821
0.000999998653894052
0.0009999986662676821
0.0009999986783412094
0.0009999986900426844
0.000999998701904884
0.0009999987142540107
0.0009999987272159708
0.0009999987411732048
0.0009999987570826433
0.0009999987758932383
0.0009999987979104688
0.0009999988224749356
0.0009999988486164215
0.0009999988756596511
0.0009999989036284663
0.0009999989328386056
0.0009999989635636273
0.0009999989957494414
0.0009999990292179706
0.0009999990637809867
0.0009999990993379937
0.0009999991358160978
0.0009999991731706988
0.0009999992114458273
0.0009999992506769457
0.0009999992907756814
0.000999999331322411
0.0009999993718428398
0.0009999994121268473
0.0009999994526181024
0.0009999994940008505
0.0009999995366221344
0.0009999995799270074
0.0009999996229419828
0.0009999996650826891
0.0009999997068016581
0.0009999997490718914
0.0009999997924463897
0.0009999998364608302
0.0009999998801635717
0.0009999999230364681
0.0009999999654084573
0.001000000007930994
0.001000000050855291
0.00100000009392312
0.001000000136881585
0.001000000179845275
0.001000000222933066
0.001000000265583197
0.001000000306429373
0.001000000344118012
0.001000000378396831
0.001000000410456875
0.001000000442134451
0.001000000474604403
0.001000000507582732
0.001000000539576044
0.001000000568868258
0.00100000059448342
0.001000000616547994
0.001000000636004157
0.001000000654023062
0.001000000671516831
0.001000000688943392
0.001000000706368794
0.001000000723641719
0.001000000740553557
0.001000000756929065
0.001000000772653103
0.001000000787662094
0.001000000801925479
0.001000000815430055
0.00100000082817038
0.001000000840144069
0.001000000851349846
0.001000000861786767
0.001000000871454051
0.001000000880350903
0.001000000888476633
0.001000000895830566
0.00100000090241213
0.001000000908220761
0.00100000091325595
0.001000000917517246
0.001000000921004268
0.001000000923716727
0.001000000925654378
0.001000000926817046
0.001000000927204614
0.0009999986209795972
0.000999998620232483
0.0009999986184215843
0.0009999986166820162
0.0009999986163742576
0.0009999986185715327
0.0009999986238105494
0.0009999986322252498
0.0009999986437822595
0.0009999986581180843
0.0009999986742510452
0.0009999986905551877
0.0009999987056515751
0.0009999987192673401
0.0009999987325535465
0.0009999987470494327
0.0009999987637116252
0.0009999987824426482
0.000999998802891353
0.0009999988250585774
0.0009999988494704653
0.0009999988764675407
0.0009999989057942068
0.000999998936650583
0.0009999989682986294
0.0009999990004829159
0.0009999990334579089
0.0009999990676682591
0.0009999991033981138
0.0009999991405730379
0.0009999991787606633
0.0009999992173685011
0.0009999992559941704
0.0009999992947411916
0.0009999993341822675
0.0009999993749231243
0.0009999994169748716
0.0009999994596941863
0.0009999995022205819
0.0009999995442938939
0.0009999995862602165
0.0009999996286705016
0.0009999996715372682
0.000999999714571282
0.0009999997575675422
0.0009999998007838708
0.0009999998443295109
0.0009999998877799569
0.0009999999303509418
0.0009999999719152801
0.001000000013377319
0.001000000055947473
0.001000000099781632
0.001000000143573164
0.001000000185539452
0.001000000224844207
0.001000000261987714
0.001000000297903504
0.001000000332886052
0.001000000366515285
0.001000000398554547
0.001000000429702036
0.001000000461305934
0.001000000494253465
0.001000000528072668
0.001000000561031863
0.001000000591120486
0.001000000617124992
0.001000000639092588
0.001000000658045691
0.001000000675315205
0.001000000691962035
0.001000000708534634
0.001000000725131469
0.001000000741600018
0.001000000757720227
0.001000000773307757
0.001000000788243322
0.001000000802462574
0.001000000815935438
0.001000000828649392
0.00100000084059944
0.00100000085178346
0.001000000862200244
0.001000000871848937
0.001000000880728745
0.001000000888838974
0.001000000896178913
0.001000000902747996
0.001000000908545639
0.001000000913571353
0.001000000917824661
0.001000000921305167
0.001000000924012559
0.001000000925946596
0.001000000927107109
0.001000000927493951
0.0009999986115095494
0.0009999986102345241
0.0009999986077855081
0.0009999986068374598
0.0009999986087673629
0.0009999986128452064
0.0009999986180393044
0.0009999986248972763
0.0009999986353461444
0.0009999986504371974
0.000999998669005463
0.0009999986883247832
0.000999998706303487
0.0009999987224960556
0.0009999987377786038
0.0009999987531772506
0.0009999987695230128
0.0009999987875590017
0.0009999988079435172
0.000999998830920797
0.0009999988559956619
0.0009999988824909085
0.0009999989100181153
0.0009999989389765189
0.000999998969885664
0.0009999990030062755
0.0009999990378306539
0.0009999990735597415
0.0009999991095140937
0.0009999991456172868
0.0009999991823956701
0.000999999220494822
0.0009999992602642074
0.0009999993012722759
0.0009999993427971922
0.0009999993841858007
0.0009999994255041555
0.0009999994670711291
0.0009999995090928142
0.0009999995513145558
0.0009999995935632072
0.0009999996361543088
0.0009999996796022828
0.000999999723870306
0.0009999997679837524
0.0009999998109662788
0.0009999998527620868
0.0009999998944399608
0.0009999999369067743
0.0009999999800729292
0.001000000022985929
0.001000000065009798
0.001000000106155903
0.001000000146473932
0.001000000185269262
0.001000000221544153
0.001000000255161441
0.001000000287360698
0.001000000319813282
0.001000000353197629
0.001000000386823798
0.001000000419665597
0.001000000451625193
0.001000000483675233
0.001000000516776433
0.001000000550683761
0.001000000583760319
0.001000000613899492
0.001000000639731754
0.001000000661232495
0.0010000006794747
0.001000000695904146
0.001000000711684279
0.001000000727415412
0.001000000743203172
0.001000000758881603
0.001000000774216569
0.001000000789016349
0.001000000803160251
0.001000000816585215
0.001000000829262873
0.001000000841181822
0.001000000852337692
0.001000000862728569
0.001000000872353392
0.001000000881211309
0.001000000889301633
0.001000000896623632
0.0010000009031767
0.001000000908960257
0.001000000913973802
0.001000000918216855
0.001000000921689002
0.001000000924389903
0.001000000926319304
0.001000000927477026
0.00100000092786296
0.0009999985898283209
0.0009999985905103168
0.0009999985925362197
0.0009999985958002444
0.0009999986002888371
0.0009999986060474052
0.0009999986132254431
0.0009999986218873294
0.0009999986322947096
0.000999998645096726
0.0009999986612739334
0.000999998681140231
0.0009999987033826421
0.0009999987253550681
0.0009999987446697291
0.000999998761115669
0.0009999987764717907
0.00099999879326044
0.0009999988127017362
0.0009999988349181932
0.0009999988593360359
0.0009999988859230552
0.000999998914562303
0.0009999989450156226
0.0009999989764940837
0.0009999990085648352
0.0009999990413411979
0.0009999990755589828
0.0009999991117912283
0.0009999991499587974
0.0009999991893281173
0.0009999992290001328
0.0009999992686835447
0.0009999993086045077
0.0009999993492871295
0.0009999993906328599
0.0009999994323679289
0.0009999994741986553
0.0009999995166516257
0.0009999995600958047
0.0009999996044227368
0.0009999996485472536
0.0009999996917229906
0.0009999997340052679
0.0009999997762098554
0.0009999998187447715
0.0009999998613704202
0.0009999999038069962
0.0009999999462710371
0.0009999999890223062
0.001000000031346533
0.001000000071785987
0.00100000010934962
0.001000000144578736
0.00100000017880242
0.001000000212738246
0.001000000245978988
0.001000000278094704
0.001000000309699771
0.001000000342108033
0.001000000375909786
0.001000000410263467
0.001000000443778267
0.001000000475999236
0.001000000507832059
0.001000000540468262
0.001000000573939163
0.001000000606699007
0.00100000063653103
0.00100000066190851
0.001000000682743145
0.001000000700161829
0.001000000715712341
0.001000000730634428
0.001000000745551971
0.001000000760557593
0.001000000775463234
0.001000000790020331
0.001000000804033117
0.00100000081738292
0.001000000830010184
0.001000000841889248
0.001000000853010192
0.001000000863369309
0.001000000872964976
0.001000000881796204
0.001000000889862229
0.001000000897162342
0.001000000903695898
0.001000000909462294
0.001000000914461008
0.001000000918691555
0.001000000922153504
0.001000000924846493
0.001000000926770255
0.001000000927924589
0.001000000928309385
0.0009999985620887854
0.0009999985644905272
0.0009999985702554665
0.0009999985767961399
0.0009999985835653228
0.000999998592168631
0.00099999860371427
0.0009999986169210117
0.000999998629665618
0.0009999986418725711
0.0009999986557889487
0.0009999986738128545
0.0009999986958357985
0.0009999987198887682
0.0009999987434306252
0.0009999987653127723
0.0009999987851285106
0.00099999880362522
0.0009999988219358375
0.0009999988419467829
0.000999998864896035
0.0009999988910569723
0.000999998919662193
0.0009999989499901287
0.0009999989819607349
0.0009999990157338048
0.0009999990511747627
0.0009999990875244375
0.0009999991240900652
0.0009999991607884246
0.0009999991981400117
0.0009999992367226065
0.0009999992764566181
0.00099999931691355
0.0009999993578193719
0.0009999993994769312
0.0009999994422738056
0.0009999994858352222
0.0009999995293830653
0.0009999995721801215
0.0009999996146259574
0.0009999996571015903
0.0009999996998639328
0.0009999997423884082
0.0009999997848789916
0.000999999827790172
0.0009999998714612195
0.0009999999148445589
0.0009999999565436385
0.0009999999959508712
0.001000000033713609
0.00100000007045028
0.001000000105838852
0.001000000139325058
0.001000000171374181
0.001000000203465779
0.001000000236530746
0.001000000270054688
0.001000000302947573
0.001000000335135969
0.00100000036770233
0.001000000401455717
0.001000000435775675
0.001000000469216849
0.00100000050113427
0.001000000532394533
0.001000000564358192
0.001000000597243531
0.001000000629523566
0.001000000658850434
0.001000000683565664
0.001000000703565027
0.001000000720060968
0.001000000734704143
0.001000000748785785
0.001000000762923537
0.001000000777176249
0.00100000079132644
0.001000000805112489
0.001000000818338961
0.001000000830892789
0.001000000842719954
0.001000000853798248
0.00100000086411951
0.001000000873680717
0.001000000882480458
0.001000000890517859
0.001000000897792171
0.001000000904302739
0.001000000910048932
0.001000000915030182
0.001000000919245983
0.001000000922695911
0.001000000925379591
0.001000000927296711
0.001000000928447051
0.001000000928830516
0.0009999985336769401
0.0009999985352444963
0.0009999985399773946
0.0009999985476975167
0.0009999985578710809
0.0009999985698147739
0.0009999985832294727
0.0009999985984216844
0.0009999986153769746
0.0009999986334046391
0.0009999986513407719
0.000999998669464779
0.0009999986892931894
0.0009999987124685468
0.000999998738183675
0.0009999987639168451
0.0009999987872501479
0.0009999988082197333
0.0009999988285655792
0.0009999988500932534
0.00099999887349031
0.0009999988987778028
0.0009999989261400039
0.0009999989557393
0.000999998987399518
0.0009999990204613716
0.0009999990545837667
0.0009999990899339571
0.0009999991268907864
0.000999999165364137
0.0009999992047833358
0.0009999992447662193
0.0009999992853780308
0.0009999993269165874
0.0009999993691073631
0.0009999994113521068
0.000999999453284901
0.000999999495283947
0.0009999995378239439
0.0009999995807406807
0.0009999996235845845
0.0009999996662606689
0.0009999997094847751
0.0009999997533256934
0.0009999997970500363
0.0009999998393203915
0.0009999998800548657
0.0009999999197059743
0.0009999999585497154
0.0009999999957311261
0.001000000030851284
0.001000000064632668
0.001000000098361758
0.001000000132235239
0.001000000165465836
0.001000000197778172
0.001000000230119875
0.0010000002634703
0.001000000297419884
0.001000000330684978
0.001000000362844414
0.001000000394933182
0.001000000428051673
0.001000000461844561
0.001000000494851636
0.001000000526254967
0.0010000005568648
0.001000000588152832
0.001000000620440501
0.00100000065215598
0.001000000680809141
0.001000000704659621
0.00100000072365393
0.001000000739134016
0.001000000752851699
0.001000000766120204
0.0010000007795166
0.001000000793046085
0.001000000806456469
0.001000000819476811
0.001000000831917051
0.001000000843673496
0.001000000854699152
0.001000000864975859
0.001000000874497133
0.001000000883260603
0.00100000089126506
0.001000000898509718
0.001000000904993862
0.001000000910716835
0.001000000915678016
0.001000000919876876
0.001000000923312991
0.00100000092598595
0.00100000092789544
0.001000000929041207
0.001000000929423147
0.0009999985036325239
0.0009999985041174056
0.000999998507035555
0.0009999985145345872
0.0009999985262030733
0.0009999985396411553
0.0009999985537612803
0.0009999985700776173
0.0009999985898589382
0.0009999986120202582
0.0009999986342134697
0.0009999986558254367
0.0009999986783820907
0.0009999987033678436
0.0009999987306847093
0.0009999987587191545
0.0009999987860070207
0.0009999988113757524
0.000999998834734407
0.000999998856754304
0.0009999988792984461
0.0009999989039904198
0.0009999989314423592
0.0009999989611968305
0.0009999989924884467
0.0009999990253245093
0.0009999990598031899
0.0009999990959122639
0.0009999991333203325
0.00099999917192473
0.0009999992118316225
0.0009999992527795077
0.0009999992943011571
0.0009999993359168346
0.0009999993778953792
0.0009999994204145243
0.0009999994631681628
0.0009999995056710308
0.0009999995478228152
0.0009999995904530234
0.0009999996337934673
0.0009999996773293674
0.0009999997199538313
0.0009999997615853819
0.000999999802616046
0.0009999998430034165
0.0009999998818883812
0.0009999999188157254
0.0009999999545666331
0.0009999999899999435
0.001000000025083087
0.001000000059169057
0.001000000092591175
0.001000000126365727
0.001000000160783711
0.001000000194821172
0.00100000022765551
0.001000000259945759
0.001000000292893081
0.001000000326472161
0.001000000359421493
0.001000000391086175
0.001000000422428357
0.001000000454743614
0.001000000487877244
0.001000000520330851
0.001000000551147965
0.001000000581106288
0.001000000611766144
0.001000000643477749
0.001000000674554326
0.001000000702359778
0.001000000725133794
0.001000000742956114
0.001000000757340696
0.001000000770132476
0.001000000782626798
0.001000000795324438
0.001000000808158536
0.001000000820841625
0.001000000833099185
0.001000000844752744
0.001000000855710826
0.001000000865934758
0.001000000875410283
0.001000000884132628
0.001000000892099891
0.001000000899311083
0.001000000905765407
0.001000000911462162
0.001000000916400712
0.001000000920580481
0.001000000924001008
0.00100000092666188
0.001000000928562756
0.001000000929703364
0.001000000930083591
0.0009999984702030646
0.0009999984717564687
0.000999998476107116
0.0009999984828540482
0.0009999984922834228
0.0009999985049445592
0.000999998520585283
0.0009999985383193593
0.0009999985579315055
0.0009999985802161301
0.0009999986056214388
0.0009999986327123907
0.0009999986598046751
0.0009999986867852894
0.000999998715646318
0.0009999987470188771
0.0009999987790051139
0.0009999988079976722
0.000999998832689199
0.0009999988541225832
0.000999998874811542
0.0009999988961224089
0.0009999989187711633
0.0009999989431388049
0.0009999989698461925
0.0009999989994047451
0.0009999990316730113
0.0009999990668766797
0.0009999991047974866
0.0009999991453099788
0.0009999991883504445
0.0009999992333266199
0.0009999992798928956
0.0009999993269844954
0.0009999993735931262
0.0009999994195044738
0.0009999994650806779
0.0009999995108038692
0.0009999995559329482
0.0009999995998297459
0.0009999996422178381
0.0009999996839540203
0.0009999997249975211
0.0009999997648595077
0.000999999803017587
0.0009999998402530276
0.0009999998771301401
0.0009999999135179168
0.0009999999489114476
0.0009999999838842324
0.001000000019381776
0.001000000055251217
0.001000000090362544
0.001000000124311663
0.001000000158084239
0.001000000192385795
0.001000000226421792
0.001000000259110552
0.001000000290822966
0.001000000322947711
0.001000000355791397
0.001000000388158195
0.001000000419188241
0.001000000449743518
0.00100000048126648
0.001000000513721509
0.001000000545568636
0.001000000575748478
0.001000000605066786
0.001000000635156736
0.001000000666317216
0.001000000696669069
0.001000000723433501
0.001000000744912036
0.001000000761407174
0.001000000774642409
0.0010000007865313
0.001000000798303449
0.001000000810346049
0.001000000822508578
0.001000000834472082
0.001000000845967455
0.001000000856833218
0.00100000086699282
0.001000000876415877
0.001000000885092074
0.001000000893017871
0.001000000900191841
0.001000000906612992
0.0010000009122806
0.001000000917193988
0.001000000921352555
0.001000000924755778
0.001000000927403194
0.001000000929294487
0.001000000930429372
0.001000000930807691
0.0009999984371606152
0.0009999984393672418
0.0009999984445286697
0.000999998450766066
0.0009999984590195409
0.0009999984715851845
0.0009999984882611906
0.0009999985065652314
0.000999998525415869
0.0009999985466081177
0.0009999985717670298
0.0009999986000779235
0.0009999986294357197
0.0009999986591731249
0.0009999986899004278
0.0009999987218738341
0.0009999987537026578
0.000999998782499458
0.0009999988050176764
0.000999998817906349
0.0009999988204000634
0.000999998814166806
0.0009999988036164234
0.000999998791643962
0.0009999987813522108
0.0009999987789638986
0.000999998784524984
0.0009999988070139407
0.0009999988455088756
0.0009999988998449119
0.0009999989705705582
0.0009999990482137202
0.0009999991321337949
0.0009999992155977509
0.0009999992955017337
0.0009999993698840851
0.0009999994362361615
0.0009999994949223005
0.0009999995474842668
0.000999999595846443
0.0009999996403456692
0.0009999996815566838
0.000999999720791591
0.0009999997593023065
0.0009999997973051686
0.0009999998344188579
0.0009999998711894616
0.0009999999084624551
0.0009999999460074149
0.0009999999825901342
0.001000000017975705
0.001000000053244221
0.001000000089004553
0.001000000124287412
0.001000000158241792
0.001000000191514081
0.001000000225112147
0.001000000258598727
0.001000000290746146
0.001000000321700792
0.001000000352885299
0.0010000003848999
0.001000000416590791
0.001000000446935577
0.00100000047673226
0.001000000507514692
0.001000000539316689
0.001000000570513989
0.001000000600014642
0.001000000628710733
0.001000000658297887
0.001000000688922196
0.001000000718435116
0.001000000743938228
0.001000000763899631
0.001000000778938061
0.001000000791006612
0.00100000080204366
0.001000000813156157
0.001000000824585349
0.001000000836093138
0.001000000847339549
0.001000000858070725
0.001000000868147662
0.001000000877509496
0.001000000886134068
0.001000000894014064
0.001000000901147057
0.001000000907531761
0.001000000913167351
0.001000000918053104
0.001000000922188385
0.001000000925572607
0.001000000928205272
0.001000000930086032
0.001000000931214617
0.001000000931590841
0.0009999984051993465
0.0009999984062206333
0.0009999984099034896
0.0009999984170357822
0.0009999984268253472
0.0009999984384666616
0.0009999984528136839
0.0009999984714377473
0.0009999984936199992
0.0009999985172023163
0.0009999985412879029
0.000999998567402178
0.0009999985956381712
0.0009999986230818866
0.000999998645906387
0.0009999986618117807
0.0009999986677314168
0.0009999986567160669
0.00099999861493666
0.0009999985291715139
0.0009999983893393192
0.0009999981953651561
0.0009999979486186852
0.0009999976698494898
0.0009999973886205145
0.0009999971309616034
0.0009999969575719952
0.0009999968755230882
0.0009999969146513639
0.0009999970747286994
0.0009999973254105668
0.000999997658991434
0.0009999980141541058
0.000999998364646183
0.000999998681625482
0.0009999989461819086
0.0009999991592336602
0.0009999993220572306
0.0009999994436083329
0.0009999995340710781
0.0009999996045412353
0.0009999996615811376
0.000999999709846705
0.0009999997527869345
0.0009999997933419465
0.0009999998328474632
0.000999999871116072
0.000999999907965129
0.0009999999446296272
0.0009999999817419112
0.001000000018607413
0.001000000054289731
0.001000000089365062
0.001000000124527326
0.001000000159269819
0.001000000192613616
0.001000000225062895
0.001000000257769374
0.001000000290517551
0.001000000322032994
0.001000000352184355
0.001000000382475037
0.001000000413663984
0.001000000444644173
0.001000000474273111
0.001000000503331007
0.001000000533446817
0.001000000564619207
0.001000000595129966
0.00100000062390822
0.001000000652015634
0.001000000681170633
0.001000000711250623
0.0010000007397661
0.001000000763757477
0.001000000781988727
0.001000000795482678
0.001000000806413334
0.001000000816677802
0.001000000827198663
0.001000000838048932
0.001000000848909764
0.001000000859436037
0.001000000869399547
0.001000000878687096
0.001000000887253371
0.001000000895083044
0.00100000090217132
0.001000000908516355
0.001000000914117135
0.001000000918972848
0.001000000923082811
0.001000000926446365
0.001000000929063012
0.001000000930932326
0.001000000932054057
0.001000000932427985
0.0009999983706688962
0.0009999983712470561
0.0009999983742488138
0.0009999983816882975
0.0009999983924757166
0.0009999984047462435
0.0009999984188186646
0.000999998436690022
0.0009999984584509729
0.0009999984820509777
0.0009999985057171446
0.0009999985278786277
0.0009999985447393556
0.0009999985473103958
0.0009999985202817458
0.0009999984386287661
0.000999998266117217
0.000999997949665542
0.0009999974101327165
0.0009999965891066996
0.0009999953783028078
0.0009999937594693835
0.0009999917640099404
0.0009999895091704727
0.0009999871264439544
0.0009999850172039873
0.0009999834126999448
0.0009999825592890525
0.0009999825991059415
0.0009999835318301752
0.0009999852146438382
0.000999987400451829
0.0009999898575508486
0.000999992184959602
0.0009999942528449814
0.0009999959464087257
0.0009999972359521611
0.0009999981390630751
0.0009999987610007218
0.0009999991570166461
0.0009999994054588541
0.0009999995611036465
0.0009999996617327475
0.0009999997317754032
0.000999999784754616
0.0009999998293147266
0.0009999998703308743
0.000999999909652586
0.0009999999473413895
0.0009999999841220572
0.001000000020730535
0.001000000056727606
0.001000000091491725
0.001000000125551274
0.001000000159942665
0.001000000194077785
0.001000000226822338
0.001000000258380629
0.001000000290125397
0.00100000032208483
0.001000000352867584
0.001000000382217162
0.001000000411621731
0.001000000442016715
0.001000000472257471
0.00100000050113266
0.001000000529493607
0.001000000559013389
0.001000000589591652
0.001000000619368608
0.001000000647397442
0.00100000067496967
0.001000000703763032
0.001000000733247961
0.001000000760548321
0.001000000782751032
0.001000000799066509
0.001000000810987198
0.001000000820861336
0.001000000830454968
0.001000000840450252
0.001000000850743496
0.001000000860955352
0.001000000870753874
0.001000000879945907
0.001000000888444727
0.001000000896218996
0.001000000903258766
0.001000000909560964
0.001000000915124216
0.001000000919947552
0.001000000924030208
0.001000000927371492
0.001000000929970872
0.001000000931827878
0.001000000932942211
0.001000000933313664
0.0009999983325467583
0.000999998334755152
0.0009999983397093928
0.0009999983462250109
0.000999998355217115
0.0009999983684100212
0.0009999983846144271
0.0009999984020367867
0.0009999984205870231
0.0009999984393148434
0.0009999984511509053
0.0009999984403885897
0.000999998379962564
0.0009999982193691188
0.0009999978535766756
0.00099999711901687
0.0009999957297435306
0.0009999932890673233
0.0009999893111222301
0.0009999831508337063
0.0009999741626062976
0.000999962285425593
0.0009999472607070273
0.0009999299668180127
0.0009999123605645332
0.0009998961074944674
0.0009998833823834351
0.0009998768360415565
0.0009998768765969769
0.000999883503609056
0.000999896308073387
0.0009999126384506851
0.0009999303199511793
0.0009999476883138067
0.0009999627891988233
0.0009999747464646024
0.0009999838187026643
0.0009999900641597232
0.0009999941248716258
0.0009999966446371492
0.0009999981109655785
0.0009999989226207144
0.0009999993651801939
0.0009999996002463462
0.0009999997318805034
0.0009999998115438047
0.0009999998664747655
0.0009999999108781887
0.0009999999504443947
0.0009999999872508975
0.001000000022888295
0.001000000058819861
0.001000000094624327
0.001000000128922754
0.001000000161977796
0.001000000195133869
0.001000000228450591
0.00100000026047897
0.001000000291214445
0.001000000322015134
0.001000000353126826
0.001000000383153459
0.001000000411666975
0.001000000440263078
0.001000000469901909
0.001000000499380954
0.001000000527486092
0.001000000555185717
0.001000000584202295
0.001000000614194636
0.001000000643189259
0.001000000670455866
0.001000000697574161
0.001000000726063778
0.001000000754835221
0.001000000780635723
0.001000000800759533
0.001000000815027544
0.001000000825421683
0.001000000834371226
0.001000000843408324
0.00100000085293122
0.001000000862674
0.001000000872224979
0.001000000881285982
0.001000000889703282
0.001000000897415793
0.001000000904403101
0.001000000910659351
0.001000000916182387
0.001000000920971085
0.001000000925024529
0.001000000928341991
0.001000000930922919
0.001000000932766754
0.001000000933873192
0.001000000934242007
0.0009999982964961685
0.0009999982985552725
0.0009999983033751277
0.0009999983104893423
0.0009999983204780362
0.0009999983341877922
0.0009999983492793277
0.0009999983622741913
0.0009999983675967803
0.0009999983510436492
0.0009999982765095787
0.0009999980570344793
0.0009999975169001339
0.0009999963081510337
0.0009999937237501265
0.0009999886365775357
0.0009999790075412673
0.0009999621045818051
0.0009999338768162298
0.0009998900169230481
0.0009998252114992068
0.0009997382863031281
0.000999626592023401
0.000999498744984989
0.000999367084336017
0.0009992437558006375
0.0009991449603815885
0.0009990964054339606
0.0009990964467583171
0.0009991450837799508
0.0009992439596615429
0.0009993673665166913
0.0009994991040524451
0.00099962702877151
0.0009997388041888505
0.0009998258148903073
0.0009998907079813238
0.000999934653941191
0.0009999629641818442
0.0009999799475112249
0.0009999896572177858
0.0009999948254901159
0.0009999974889811478
0.0009999987733816387
0.0009999993862055147
0.00099999967608901
0.000999999817226676
0.0009999998955547628
0.0009999999480266558
0.0009999999906750677
0.001000000028293907
0.001000000063067886
0.001000000097283295
0.00100000013183408
0.001000000165490272
0.00100000019784646
0.001000000230088734
0.00100000026242423
0.001000000293650096
0.001000000323498925
0.001000000353396744
0.001000000383671151
0.001000000412839601
0.001000000440525864
0.001000000468344921
0.001000000497272005
0.001000000525973729
0.001000000553278616
0.0010000005803997
0.001000000608985164
0.001000000638398266
0.001000000666544311
0.001000000693071872
0.001000000719843921
0.001000000748048165
0.0010000007758994
0.001000000799843311
0.001000000817617538
0.001000000829788574
0.001000000838789271
0.001000000846986558
0.001000000855577122
0.001000000864659917
0.001000000873840779
0.001000000882712652
0.001000000891025536
0.001000000898667297
0.001000000905597643
0.001000000911804824
0.001000000917285031
0.001000000922036905
0.001000000926059295
0.001000000929351479
0.001000000931912771
0.001000000933742645
0.001000000934840703
0.001000000935206739
0.0009999982635230053
0.0009999982645634094
0.0009999982685640818
0.0009999982769574559
0.0009999982868817352
0.0009999982963357478
0.0009999983022140307
0.0009999982919628397
0.0009999982264983552
0.000999998011736814
0.0009999974210356647
0.0009999959455929863
0.0009999924137757191
0.0009999845047368641
0.0009999677508655432
0.0009999337337014032
0.0009998686264392936
0.0009997521362908998
0.0009995564279212965
0.000999243512544147
0.0009987788302202019
0.0009981461179013971
0.0009973372856077114
0.0009963818565044728
0.000995405265807285
0.0009944790398590188
0.0009937606286935768
0.0009933673338022007
0.0009933673757619766
0.0009937607539057664
0.0009944792465941391
0.0009954055522515297
0.0009963822224346424
0.0009973377336472957
0.000998146652554123
0.0009987794548169532
0.0009992442266407212
0.0009995572283290912
0.0009997530206073768
0.0009998695951128067
0.0009999347876135432
0.0009999688885103789
0.000999985722150148
0.0009999937075982701
0.0009999973131422091
0.000999998858986423
0.000999999515144118
0.0009999997916312702
0.0009999999162771213
0.0009999999829964175
0.001000000028841354
0.001000000067177841
0.001000000102062091
0.001000000135807344
0.001000000169260013
0.00100000020177797
0.001000000233066971
0.001000000264354588
0.00100000029583683
0.001000000326179903
0.001000000355111928
0.001000000384148477
0.001000000413543303
0.001000000441866647
0.001000000468688406
0.001000000495820906
0.001000000524084254
0.001000000551979721
0.001000000578506237
0.001000000605119489
0.001000000633370722
0.001000000662152415
0.001000000689399772
0.001000000715248995
0.001000000741800606
0.0010000007696687
0.00100000079627182
0.001000000817957962
0.001000000833167371
0.001000000843309125
0.001000000851131308
0.001000000858769025
0.001000000867000525
0.001000000875647099
0.001000000884239884
0.001000000892410704
0.001000000899967754
0.00100000090683547
0.001000000912990257
0.001000000918425117
0.001000000923138046
0.001000000927127649
0.001000000930393151
0.001000000932933718
0.001000000934748843
0.00100000093583808
0.00100000093620118
