FiniteElementSpace
FiniteElementCollection: H1_2D_P1
VDim: 1
Ordering: 0

8.03429651622013e-05
1.280554045646499e-05
1.932939254515311e-06
2.908385136373865e-07
4.42565805795931e-08
6.775469610862596e-09
1.050003043121214e-09
9.929885730799817e-10
9.928012298965081e-10
9.927712760887284e-10
9.928470355530749e-10
9.929908553313717e-10
9.931763811298178e-10
9.933884569584329e-10
9.93614477118703e-10
9.93845547439717e-10
9.940771355555449e-10
9.943044085928892e-10
9.945286992873403e-10
9.947478782242175e-10
9.949550386946696e-10
9.951561524360311e-10
9.953482344293124e-10
9.955348348535788e-10
9.957165988957361e-10
9.95884355804797e-10
9.960511431816013e-10
9.962123877558978e-10
9.9636486524288e-10
9.96510003753609e-10
9.966477313879893e-10
9.967952636043523e-10
9.96928642439739e-10
9.970470762856652e-10
9.97176063426468e-10
9.973020306326993e-10
9.974178897766748e-10
9.975291078769079e-10
9.976381901279192e-10
9.977448023671252e-10
9.978477492219274e-10
9.979462631852957e-10
9.980411538409738e-10
9.981335039797252e-10
9.982230540245826e-10
9.983091557350392e-10
9.983917742615565e-10
9.984718090641351e-10
9.985468798448472e-10
1.055603109527184e-09
6.812176592251619e-09
4.450564357973892e-08
2.92539968528837e-07
1.944674984122694e-06
1.288600996739698e-05
8.086190763729376e-05
0.0003736293205466762
0.0008028266177982436
0.0009654257843997614
0.0009950546029288093
0.000999519215282005
0.001000192001300426
0.001000310583919463
0.001000348727352377
0.001000374679434639
0.001000398303185527
0.001000421004902754
0.001000442965566315
0.001000464207735794
0.001000484724938288
0.001000504511538186
0.001000523565815142
0.00100054188030394
0.001000559457425258
0.00100057629334253
0.00100059238732619
0.001000607736087158
0.00100062234014334
0.001000636194096628
0.00100064930195753
0.001000661659331006
0.00100067326789111
0.001000684129121079
0.001000694239674597
0.001000703602527341
0.001000712217609924
0.001000720083524943
0.001000727204534371
0.001000733581180654
0.001000739208683806
0.00100074409004474
0.001000748224276922
0.001000751601863988
0.001000754222259858
0.001000756093230787
0.001000757217019166
0.001000757591827505
4.745046939810209e-05
7.207864298788737e-06
1.062976837240335e-06
1.559655698340616e-07
2.315874510815647e-08
3.459343145983678e-09
9.917500779158415e-10
9.91607704391854e-10
9.916471289001213e-10
9.917982591669312e-10
9.920232951485419e-10
9.922927279004666e-10
9.92583175091898e-10
9.928828043953541e-10
9.931814787171294e-10
9.93471657475293e-10
9.93754923851477e-10
9.940271598691376e-10
9.942876194567827e-10
9.94536634787482e-10
9.947680830579533e-10
9.949924764457833e-10
9.952071576726319e-10
9.954084263125941e-10
9.956035830466799e-10
9.957865128407315e-10
9.959648971738391e-10
9.961338696408103e-10
9.96292939949897e-10
9.964475891312523e-10
9.965914088138181e-10
9.967405908601259e-10
9.968789477939013e-10
9.970027780042071e-10
9.97133287191841e-10
9.972604625369192e-10
9.973805613185016e-10
9.974959565206516e-10
9.97606377338228e-10
9.977129412100252e-10
9.978170885305015e-10
9.979179262151899e-10
9.980144892846526e-10
9.981073674458537e-10
9.981973707812212e-10
9.98284883579566e-10
9.983691775144914e-10
9.984496372174153e-10
9.98522252204796e-10
9.985834390873393e-10
3.483268361610059e-09
2.332518860716763e-08
1.571325042193267e-07
1.071236876109794e-06
7.266030643976428e-06
4.784590330544584e-05
0.0002576409709036972
0.0007069574065904294
0.000943873691464932
0.0009917782205474948
0.0009990533571835863
0.001000126092682359
0.001000300528066852
0.001000346474239259
0.001000373517198309
0.001000397302182333
0.00100042003830069
0.001000442016722194
0.00100046327448975
0.001000483806470146
0.001000503608412289
0.001000522676163522
0.001000541006019226
0.001000558595501285
0.00100057544495752
0.001000591551978722
0.001000606912691088
0.001000621529502052
0.001000635395234816
0.001000648514057029
0.001000660882685583
0.001000672501288505
0.00100068337158127
0.001000693491939061
0.001000702862316006
0.001000711485085089
0.001000719358389436
0.001000726484487587
0.001000732866663964
0.00100073849962
0.001000743384410351
0.001000747522573706
0.001000750904907075
0.001000753528117772
0.001000755400371038
0.001000756525021382
0.001000756900157328
2.947762564538128e-05
4.326624936263458e-06
6.248750564011878e-07
8.998851785473552e-08
1.30387207586107e-08
1.912292275026309e-09
9.899008772822148e-10
9.90069543363339e-10
9.903787018280657e-10
9.90755526826799e-10
9.911607840949674e-10
9.915754050013525e-10
9.919829223533368e-10
9.923759498333837e-10
9.927520477576963e-10
9.931071758912787e-10
9.934447366534209e-10
9.937616969619753e-10
9.940561243029065e-10
9.943347090946162e-10
9.945942560716774e-10
9.948420363311792e-10
9.950767571049062e-10
9.952918804074786e-10
9.955008990403975e-10
9.957001491793258e-10
9.958883803289286e-10
9.960622453289165e-10
9.962274896454579e-10
9.963931987924537e-10
9.965444175104812e-10
9.9669298178891e-10
9.968337317803328e-10
9.969639575576724e-10
9.97097658744092e-10
9.972243430075994e-10
9.973451069781552e-10
9.974638823449587e-10
9.975778218053444e-10
9.976855792698492e-10
9.977891800023903e-10
9.978900155407115e-10
9.979881661417483e-10
9.980832394090124e-10
9.981746351882656e-10
9.982631467961975e-10
9.983481196811865e-10
9.984298834280397e-10
9.985070132451226e-10
9.985815622001639e-10
1.929429617457124e-09
1.316050499327931e-08
9.086398818656177e-08
6.311963622805363e-07
4.372072586757697e-06
2.979716766103815e-05
0.0001767829115615841
0.0006017545681699546
0.0009146516653876888
0.0009871971995477581
0.0009984192480269028
0.001000037915848063
0.00100028747455278
0.001000343734589569
0.001000372238594516
0.00100039624578617
0.001000419031130003
0.001000441036135926
0.001000462315276628
0.001000482865653759
0.001000502686724951
0.001000521770275162
0.001000540117175917
0.001000557721431448
0.001000574585077492
0.001000590706249022
0.001000606080359633
0.001000620709654985
0.001000634588638608
0.001000647718558916
0.001000660098622535
0.001000671728224503
0.001000682607435955
0.001000692737903881
0.001000702116452612
0.001000710746664816
0.001000718627705925
0.001000725759493598
0.001000732146836543
0.001000737785569818
0.001000742674152759
0.001000746815866425
0.001000750202878609
0.001000752829088756
0.001000754702686774
0.001000755828208994
0.001000756203675776
1.930132726228594e-05
2.773577536104222e-06
3.928129039974791e-07
5.588059010330765e-08
7.948072495617031e-09
1.137491855440532e-09
9.878092659498088e-10
9.884116656738267e-10
9.890517718277772e-10
9.896860824409999e-10
9.902928639418186e-10
9.908636655273435e-10
9.913962572907498e-10
9.918885927074739e-10
9.92345310754756e-10
9.927665181196056e-10
9.9315460736958e-10
9.935128346431271e-10
9.93841855103384e-10
9.941505852633476e-10
9.944378368495346e-10
9.947049900460979e-10
9.949561241279614e-10
9.951865735705092e-10
9.954094454333964e-10
9.956225386621097e-10
9.958186023707279e-10
9.959968224319106e-10
9.961679111723156e-10
9.96343452789601e-10
9.965030417778183e-10
9.966518989045317e-10
9.967929139313222e-10
9.969276589287764e-10
9.970661174458932e-10
9.971948280903379e-10
9.973155273413399e-10
9.974346190061053e-10
9.975509095857259e-10
9.97662001220734e-10
9.977674672203316e-10
9.978681181451384e-10
9.979652888967002e-10
9.980602482476295e-10
9.981524348915933e-10
9.982421823326779e-10
9.983283896541118e-10
9.984120884920806e-10
9.984941926443802e-10
9.985764036954974e-10
1.150641677333726e-09
8.044233191612919e-09
5.658510606404092e-08
3.979611471876907e-07
2.811287164010763e-06
1.957164532187569e-05
0.0001244847271463486
0.0005047084442517174
0.0008790367447822897
0.0009813635520792238
0.0009976087688482026
0.0009999248181632797
0.001000271164928988
0.001000340540146629
0.001000370847365817
0.001000395137434625
0.001000417986882685
0.001000440025921816
0.001000461331763085
0.001000481904498774
0.001000501746990834
0.001000520849701277
0.001000539214235982
0.001000556835693237
0.001000573714680042
0.001000589850471754
0.001000605239745291
0.001000619881422284
0.001000633774542455
0.001000646916280015
0.00100065930777039
0.001000670949032944
0.001000681837609749
0.001000691978004863
0.00100070136550328
0.001000710003185673
0.00100071789191929
0.001000725030186802
0.001000731422458316
0.001000737067086328
0.00100074195991898
0.001000746104928806
0.001000749496478808
0.001000752125826302
0.001000754000846932
0.001000755127260297
0.001000755503062577
1.353717197725869e-05
1.911943732420019e-06
2.67327131458865e-07
3.733827140102055e-08
5.214088642744929e-09
9.843880745455881e-10
9.856142267285169e-10
9.867286052189943e-10
9.877374451019569e-10
9.886465192487921e-10
9.894626973074312e-10
9.901937735118998e-10
9.908510150596604e-10
9.914412367045449e-10
9.919731267249547e-10
9.924545927578293e-10
9.928897835911892e-10
9.93287832627847e-10
9.936521843092846e-10
9.939881037139223e-10
9.942977305290999e-10
9.945813081171288e-10
9.948483296049048e-10
9.950954710089344e-10
9.9532888616852e-10
9.955499801172781e-10
9.957526654108649e-10
9.959370662543353e-10
9.961136724384931e-10
9.962951730862116e-10
9.964625178077898e-10
9.966155074124945e-10
9.967583061411424e-10
9.968947792318289e-10
9.970355742354332e-10
9.971676897056366e-10
9.972908816034172e-10
9.974101003636778e-10
9.975257885319674e-10
9.976379445794278e-10
9.977459182975571e-10
9.978490372292389e-10
9.979472680566693e-10
9.980420319204162e-10
9.981334934527757e-10
9.982228755561096e-10
9.983092022880178e-10
9.983935000591438e-10
9.984774678206361e-10
9.985648059499393e-10
9.986709301447269e-10
5.293956406105741e-09
3.793439999875405e-08
2.717602947875697e-07
1.944842925281821e-06
1.377688009259408e-05
9.151547971810908e-05
0.0004207510517290273
0.0008406256649102301
0.0009745793059116449
0.0009966514541594393
0.0009997954309497333
0.001000252492567267
0.001000337015767481
0.001000369373469527
0.001000393984603531
0.001000416911407039
0.001000438990124391
0.001000460326313705
0.001000480925785207
0.001000500790683076
0.001000519915737495
0.001000538298689478
0.001000555938992776
0.001000572834729153
0.001000588985553322
0.001000604391157463
0.001000619045940472
0.001000632953349995
0.001000646107868871
0.001000658511044076
0.001000670164042972
0.001000681062978459
0.001000691212889249
0.001000700609968525
0.001000709255493903
0.001000717151622949
0.001000724297142225
0.001000730694315903
0.001000736344802588
0.001000741242333772
0.001000745390536309
0.001000748786440434
0.001000751419003632
0.001000753295535241
0.001000754422868897
0.001000754799012961
1.01952705512981e-05
1.409572654107519e-06
1.946165787176043e-07
2.685220958565858e-08
3.72744834661316e-09
9.816029330889336e-10
9.835269892639448e-10
9.851494389965605e-10
9.865257374801055e-10
9.877021951725292e-10
9.887179421540317e-10
9.895995935239092e-10
9.903703089886649e-10
9.910490651751436e-10
9.916487637748969e-10
9.921854204432434e-10
9.926659433047213e-10
9.931003561838963e-10
9.934944574796006e-10
9.938512517543738e-10
9.9417836436227e-10
9.944785117591533e-10
9.947604371185549e-10
9.950200587692088e-10
9.952566694006537e-10
9.954791194283503e-10
9.956879328179862e-10
9.95880608139783e-10
9.960622707047984e-10
9.96245445677604e-10
9.964184937061036e-10
9.965799382848472e-10
9.967303509304142e-10
9.968702510530741e-10
9.970109252730053e-10
9.971441113558535e-10
9.972705273939916e-10
9.973926793074583e-10
9.975090719094042e-10
9.976202989657999e-10
9.977272627567893e-10
9.978305674147989e-10
9.97929756854123e-10
9.980254313048373e-10
9.981172314778989e-10
9.982060559054146e-10
9.982912746333779e-10
9.983736470134523e-10
9.984549966110077e-10
9.985389719753155e-10
9.986434775251566e-10
3.797073480355515e-09
2.737512418227808e-08
1.985465767808821e-07
1.439096804001511e-06
1.041492745561257e-05
7.094772529617282e-05
0.0003579327126952704
0.0008028422898946891
0.0009676480364445468
0.0009956728226021801
0.0009996621339935887
0.001000233444176541
0.001000333311940376
0.001000367859946206
0.001000392800875387
0.001000415812257592
0.001000437934393552
0.00100045930289399
0.001000479931991996
0.001000499820592656
0.001000518969546759
0.001000537372295596
0.00100055503233355
0.001000571945937217
0.001000588112910281
0.001000603534929772
0.001000618204312899
0.001000632125798215
0.001000645293858628
0.001000657709428077
0.001000669373788211
0.001000680284265728
0.00100069044338099
0.001000699850392701
0.001000708504358107
0.00100071640756756
0.001000723560920418
0.001000729963186597
0.001000735619433176
0.001000740522020174
0.001000744673460666
0.001000748073523104
0.001000750709315189
0.001000752587451532
0.001000753715744232
0.001000754092238058
8.15850831986492e-06
1.12596704349929e-06
1.535252572247954e-07
2.105341995279967e-08
2.887227577498121e-09
9.791860692053893e-10
9.817425583628609e-10
9.838118248721922e-10
9.855092495973665e-10
9.869185498196937e-10
9.881049340334406e-10
9.891143843378062e-10
9.89980921633852e-10
9.907340536889894e-10
9.913917852443709e-10
9.919734755103424e-10
9.924896414176854e-10
9.929504211271374e-10
9.93365729917727e-10
9.937406792591029e-10
9.940849056815879e-10
9.944022786090425e-10
9.946959483678389e-10
9.949626376731459e-10
9.951994887772389e-10
9.954228456644446e-10
9.95639580390049e-10
9.958417844771436e-10
9.960277699537622e-10
9.962090884309233e-10
9.963830737139198e-10
9.965509464568975e-10
9.967102514728747e-10
9.968556146271382e-10
9.969957090366591e-10
9.971261489179188e-10
9.972513027097019e-10
9.97374924693977e-10
9.974941135269901e-10
9.976075666648884e-10
9.977152280417781e-10
9.978180941697535e-10
9.979165835846263e-10
9.980117193917366e-10
9.981031029259143e-10
9.981912304499808e-10
9.982747746294564e-10
9.983537358695651e-10
9.984280915441313e-10
9.984982421379267e-10
9.985694887314817e-10
2.950015230556282e-09
2.153097759702495e-08
1.571256202644922e-07
1.15326489444285e-06
8.361879789491424e-06
5.833301448099173e-05
0.0003127155794500546
0.0007697786633594666
0.0009610638256129532
0.0009947445172853095
0.0009995371410156564
0.00100021572559062
0.001000329859944602
0.001000366349356223
0.001000391606803361
0.001000414698583535
0.001000436864324322
0.001000458266476902
0.00100047892560025
0.001000498839852698
0.001000518012503464
0.001000536436802415
0.001000554117213119
0.001000571049077326
0.001000587233886924
0.001000602671766593
0.001000617357389954
0.001000631292882248
0.001000644474876494
0.001000656903763587
0.001000668579109121
0.001000679502056356
0.001000689670389016
0.001000699087449859
0.00100070775044399
0.001000715660624995
0.001000722822113351
0.001000729229823953
0.001000734891759093
0.001000739799619206
0.001000743954469785
0.001000747358506363
0.001000749997477074
0.001000751877312866
0.001000753006611951
0.001000753383465023
7.071535559093592e-06
9.631055023816284e-07
1.312996760219257e-07
1.778531968273312e-08
2.424382616776857e-09
9.77398880331225e-10
9.804332288422232e-10
9.828375678356745e-10
9.84772944332016e-10
9.863549371980676e-10
9.876668131734664e-10
9.887695280736844e-10
9.897061429619028e-10
9.905120438032899e-10
9.912107035262397e-10
9.918223457765276e-10
9.923622915436939e-10
9.928420601766359e-10
9.932737163696307e-10
9.936643584937722e-10
9.940210767536822e-10
9.943491404595368e-10
9.946486471251661e-10
9.94920588095409e-10
9.951624951781519e-10
9.953929769493032e-10
9.956208289948998e-10
9.958325430982089e-10
9.960217567042447e-10
9.961988652762009e-10
9.963675538053646e-10
9.965331723355367e-10
9.966942748312654e-10
9.96843019614008e-10
9.969848093176187e-10
9.971148996710536e-10
9.97238274720359e-10
9.973604868425173e-10
9.974796969495087e-10
9.975945970003173e-10
9.977043042789591e-10
9.978085969965854e-10
9.979076122218233e-10
9.980025353017004e-10
9.980930506569121e-10
9.981799683159552e-10
9.98261423147211e-10
9.983364635244584e-10
9.98402628963201e-10
9.984549600062348e-10
9.984870836708393e-10
2.48277569254789e-09
1.823220410242542e-08
1.346988938726422e-07
9.888097260867653e-07
7.265686175976784e-06
5.102591489152423e-05
0.0002843760012248965
0.0007448966015756965
0.0009558970930676667
0.0009940241465322616
0.0009994367338325039
0.001000201557303667
0.001000326922910644
0.001000364920664941
0.001000390415632424
0.001000413579393763
0.001000435785874087
0.001000457221834346
0.001000477909400008
0.001000497851000513
0.001000517046668147
0.001000535493666705
0.001000553195012352
0.001000570145325706
0.001000586349417222
0.001000601802919672
0.001000616505827396
0.001000630455657478
0.001000643651793747
0.001000656094687461
0.001000667781100963
0.00100067871688852
0.001000688894826989
0.001000698321960328
0.00100070699435391
0.001000714911730242
0.001000722081373799
0.001000728494965879
0.001000734162603406
0.001000739075804784
0.001000743234331938
0.001000746642182369
0.001000749284226496
0.001000751165854371
0.001000752296213941
0.00100075267343696
6.562452366246262e-06
8.933664870649927e-07
1.21036346512229e-07
1.639513438656978e-08
2.221314627328584e-09
9.764435818492479e-10
9.797336540408656e-10
9.823183533085978e-10
9.843817673402166e-10
9.860557890910249e-10
9.874345726438296e-10
9.885860904558306e-10
9.895598046598107e-10
9.903929899818116e-10
9.911135744513183e-10
9.917420549409408e-10
9.92296588544924e-10
9.927888153001961e-10
9.932296349109135e-10
9.936266010131558e-10
9.939847493798039e-10
9.94312540917001e-10
9.946112892687776e-10
9.94886356702036e-10
9.951352055689325e-10
9.953745732529001e-10
9.956119987006281e-10
9.958303665473775e-10
9.960213649658683e-10
9.961946364311473e-10
9.963567038226901e-10
9.965159531613246e-10
9.966739310345688e-10
9.968240435273635e-10
9.969705039638444e-10
9.971063771583656e-10
9.972338730330771e-10
9.973574863783919e-10
9.974758761533107e-10
9.97589203562079e-10
9.976978498258982e-10
9.978016898418709e-10
9.979007917167292e-10
9.979960235848142e-10
9.980865192032235e-10
9.981730090971531e-10
9.982533660065753e-10
9.983255623328099e-10
9.983862962231053e-10
9.984266552771828e-10
9.984347812823649e-10
2.277645122458837e-09
1.682881308594796e-08
1.243297244236263e-07
9.183945007621147e-07
6.751648383510731e-06
4.784529785888271e-05
0.0002708015143783411
0.0007330188143657913
0.0009532133863406119
0.0009936291508935012
0.0009993866925982167
0.001000193632951581
0.001000324772259454
0.001000363598594963
0.00100038924685719
0.001000412462507416
0.001000434704306808
0.001000456172234357
0.001000476886871909
0.001000496855609738
0.00100051607429462
0.001000534544287639
0.001000552266935909
0.001000569236297827
0.001000585460046269
0.001000600929931851
0.001000615650265926
0.001000629615121296
0.001000642825692509
0.001000655282754639
0.001000666980956277
0.001000677929361317
0.001000688117584238
0.001000697554838194
0.001000706236706088
0.001000714161824475
0.001000721339423106
0.001000727759357637
0.001000733432805271
0.001000738351292922
0.00100074251382204
0.001000745925349427
0.001000748570320669
0.001000750453829696
0.001000751585308172
0.001000751962912488
