FiniteElementSpace
FiniteElementCollection: H1_2D_P1
VDim: 1
Ordering: 0

0.0009979215679207891
0.0009979079994743684
0.0009978462091451605
0.0009975693192641982
0.0009964048428028006
0.0009917403238547133
0.0009740124721260014
0.0009126227829423906
0.0007432683690446955
0.0004530846413810567
0.0001979160130449175
7.080141150274506e-05
2.411328471816509e-05
8.345514687737351e-06
3.020092981682043e-06
1.151083076707305e-06
4.632474951912376e-07
1.98184701030136e-07
9.070516961855074e-08
4.443006140278697e-08
2.328638840380969e-08
1.313911220716621e-08
8.031490803698877e-09
5.285806175074692e-09
3.791407085338145e-09
2.945760573870096e-09
2.479326667517215e-09
2.274608668551594e-09
2.274737752232033e-09
2.479747661223056e-09
2.94658956208616e-09
3.792890530691705e-09
5.288444729713226e-09
8.036347779280042e-09
1.31484069238811e-08
2.330516671118868e-08
4.447012622574952e-08
9.07952808803902e-08
1.983991543352403e-07
4.637889631166524e-07
1.152524613193779e-06
3.024118417452119e-06
8.357292162739827e-06
2.414910588843204e-05
7.09116847878008e-05
0.0001982380567697057
0.0004538522058293197
0.0007445752223294654
0.0009142836476506224
0.0009758423777017965
0.0009936587726643315
0.0009983843525650724
0.0009995994356757328
0.0009999211206397562
0.001000022969259242
0.001000072076982102
0.001000108272104846
0.001000140821953385
0.001000171847195786
0.00100020183116293
0.001000230893847349
0.001000259069826802
0.001000286374869627
0.001000312824053795
0.001000338425495872
0.00100036318973232
0.001000387123562148
0.001000410237794943
0.00100043253484241
0.001000454022138483
0.001000474704135482
0.001000494584462224
0.001000513664079084
0.001000531948092113
0.001000549439431798
0.001000566138725264
0.001000582048923579
0.001000597174462125
0.001000611516112717
0.001000625073296451
0.001000637849484663
0.001000649848853889
0.001000661071562716
0.001000671517179739
0.001000681189151459
0.001000690090466468
0.001000698218769986
0.001000705569064131
0.001000712139640977
0.001000717933024442
0.00100072295253961
0.001000727199834531
0.001000730675077193
0.001000733378054637
0.001000735308692831
0.001000736467038308
0.001000736853146751
0.0009979856302573711
0.0009979831894783547
0.0009979709124247084
0.0009979088337510327
0.000997638666747374
0.0009965676708246398
0.0009925285215384889
0.0009780429397849176
0.0009308260643933864
0.0008011409429675039
0.0005525926140951274
0.000283796879802951
0.0001170569747473439
4.47670644404013e-05
1.699899761542985e-05
6.73943920773943e-06
2.8059357299948e-06
1.239407574055064e-06
5.816681928228216e-07
2.920465601245789e-07
1.568727132390151e-07
9.071716687235887e-08
5.649599033651416e-08
3.787628965581328e-08
2.733442550139463e-08
2.149999767470067e-08
1.82068961461614e-08
1.680635568326948e-08
1.680726835484421e-08
1.820985386546304e-08
2.150579130964882e-08
2.734467645892444e-08
3.789441862488031e-08
5.652877974121191e-08
9.077884769573074e-08
1.569944528518626e-07
2.923000438174924e-07
5.822257176200189e-07
1.240704650896148e-06
2.809106079140547e-06
6.747603749323763e-06
1.702092898218388e-05
4.482821099238091e-05
0.0001172254156969324
0.0002842253452421371
0.000553464432060126
0.0008024571159706775
0.0009324137421453789
0.0009797699730461271
0.0009943379551941346
0.0009984383967351681
0.000999562045499105
0.000999879790368255
0.0009999852652729101
0.001000036881052498
0.001000074610309856
0.00100010827819539
0.001000140281727072
0.001000171194104321
0.001000201162124695
0.001000230225681943
0.00100025840835906
0.001000285721007609
0.001000312179539583
0.001000337789184205
0.001000362562802625
0.00100038650747675
0.0010004096309905
0.001000431937444289
0.00100045343458567
0.001000474125833878
0.001000494013129111
0.001000513100604908
0.001000531392630449
0.001000548890404314
0.001000565595710326
0.001000581513441545
0.001000596645979977
0.001000610992645428
0.001000624555242468
0.001000637338477221
0.001000649344242617
0.001000660571780772
0.00100067102282845
0.001000680701508399
0.001000689608360279
0.001000697739191409
0.001000705090213741
0.001000711661882697
0.00100071745740026
0.001000722479425965
0.001000726728904201
0.0010007302058047
0.001000732909990406
0.001000734841468986
0.001000736000315764
0.001000736386591181
0.0009980435407809804
0.0009980439275398443
0.0009980439028722833
0.0009980341275831466
0.000997978764713147
0.0009977460776495952
0.0009968726206466623
0.0009937933415548692
0.0009834217173292838
0.0009512192146512679
0.0008628093907595198
0.0006767712176988138
0.0004199170381668923
0.0002089106427385909
9.13406189693293e-05
3.909324448176414e-05
1.700072887015837e-05
7.804954427205978e-06
3.767324333608077e-06
1.941412311915989e-06
1.069473597210754e-06
6.301820482635293e-07
3.973379263041056e-07
2.713459787061491e-07
1.982525087488579e-07
1.569000891969361e-07
1.345121403130936e-07
1.241638020871626e-07
1.24170276732055e-07
1.345331401061458e-07
1.569407113828078e-07
1.983239191273187e-07
2.714707572099151e-07
3.97559559375791e-07
6.305947468600322e-07
1.07027554884662e-06
1.943039681559527e-06
3.770813370419762e-06
7.812853058894608e-06
1.701931263899305e-05
3.913906983616148e-05
9.14547139180425e-05
0.000209187176287812
0.0004205030312133697
0.0006777622432066384
0.0008641300964245499
0.0009527361130949308
0.0009850503423463565
0.0009954974458665806
0.000998637639575432
0.0009995652685715294
0.0009998478030705507
0.0009999492821524741
0.001000001548443746
0.001000040367059611
0.001000075054265123
0.001000108003238954
0.001000139831301538
0.001000170690378493
0.001000200636772225
0.001000229687529083
0.001000257862538101
0.001000285171430491
0.001000311626510138
0.001000337236019928
0.001000362011465759
0.001000385959240722
0.001000409085282936
0.001000431396746651
0.001000452898716044
0.001000473593656235
0.001000493484866808
0.00100051257767672
0.001000530874044674
0.001000548375334466
0.001000565085759401
0.001000581009322291
0.001000596146006384
0.001000610496266153
0.001000624064250091
0.001000636853472454
0.001000648863743898
0.001000660095437736
0.001000670552204062
0.001000680236914748
0.001000689147443101
0.001000697279272937
0.001000704630630151
0.001000711203571843
0.00100071700125065
0.001000722025535905
0.001000726276876269
0.001000729755183001
0.001000732460406999
0.001000734392614182
0.00100073555189655
0.001000735938317034
0.0009980973055505888
0.0009980983289305466
0.0009981011056690657
0.0009981034695797962
0.0009980974673161438
0.0009980549609631267
0.0009978802712446795
0.0009972538476939253
0.0009951674351470097
0.0009886410004743744
0.0009693393620762726
0.0009179711137982339
0.0008012666045756244
0.0006005995344493062
0.0003729312458651209
0.0001979667310481302
9.76659406067995e-05
4.776184832469629e-05
2.412048763583357e-05
1.28645090131968e-05
7.254143416387754e-06
4.365083941524579e-06
2.806903553239593e-06
1.941888764798396e-06
1.436971707938465e-06
1.151612996420939e-06
9.874401195300165e-07
9.17168817469665e-07
9.172148363884973e-07
9.875885117669693e-07
1.151900206255984e-06
1.437470367301052e-06
1.942749529201583e-06
2.808413596620317e-06
4.367840010321069e-06
7.259387984987297e-06
1.287492815862352e-05
2.414207629841197e-05
4.780855465002204e-05
9.776926978166063e-05
0.0001981916135242965
0.0003733830278522489
0.0006013706866783778
0.0008023514024965179
0.0009192759352373837
0.0009707803611255739
0.0009901726145693825
0.0009967689151725656
0.0009989158702579976
0.0009995977481561836
0.0009998241914683098
0.0009999151371394425
0.0009999662699730232
0.001000005685552988
0.001000041241391777
0.001000075088111648
0.001000107796642398
0.001000139530654247
0.001000170340885432
0.001000200251069114
0.001000229275672751
0.001000257429159344
0.001000284721804906
0.001000311163255436
0.001000336764996258
0.001000361534104775
0.001000385477218884
0.001000408600964763
0.001000430912188564
0.001000452413135752
0.001000473107521373
0.001000493000219891
0.001000512094623818
0.001000530391739426
0.00100054789507219
0.001000564609379443
0.001000580535939789
0.001000595674473152
0.001000610027985323
0.001000623600846065
0.001000636394187958
0.001000648407562859
0.001000659643493649
0.001000670105918063
0.001000679795171531
0.001000688707406329
0.001000696839202647
0.001000704190862898
0.001000710765244566
0.001000716564972424
0.001000721591199119
0.001000725844083756
0.001000729323561835
0.001000732029662673
0.001000733962489524
0.001000735122142955
0.00100073550868702
0.0009981476267602023
0.0009981487424816028
0.000998152001372969
0.0009981568940178012
0.0009981616340469822
0.0009981603373221126
0.0009981333578016711
0.000998018361049325
0.0009976200551882594
0.0009963842634036907
0.0009927417838556905
0.0009826493905112314
0.0009565702740639221
0.0008967850737083557
0.0007790501596922912
0.0006006539685119865
0.0004050982131405037
0.0002444788557097848
0.0001405071159266465
8.072777206639378e-05
4.776811618997349e-05
2.974977791520543e-05
1.95412519219906e-05
1.375602876918441e-05
1.039959576202334e-05
8.349934165041035e-06
7.25564022239784e-06
6.742639870820794e-06
6.74296513400021e-06
7.256689206845189e-06
8.351939876426241e-06
1.040307588051331e-05
1.376191313781062e-05
1.955140324098299e-05
2.976790890127361e-05
4.780142602134959e-05
8.079096521338168e-05
0.0001406288090395051
0.0002447104488834732
0.0004055138171333167
0.0006013157670412053
0.0007799656353565051
0.0008979026001716433
0.0009578280243214673
0.0009840065658306128
0.0009941762771379019
0.0009978851623159602
0.0009991814744121938
0.0009996364358351429
0.0009998049000287704
0.0009998823368824231
0.000999931069757767
0.0009999706648076306
0.001000006939716523
0.00100004160961012
0.001000075160073463
0.001000107738206807
0.001000139390553362
0.001000170139337228
0.001000199998104166
0.001000228983160789
0.001000257102434565
0.001000284367599944
0.001000310787810314
0.001000336372873252
0.001000361127704448
0.001000385060279272
0.00100040817690812
0.00100043048147852
0.001000451976565468
0.001000472667560995
0.001000492558333627
0.001000511650179942
0.001000529945862661
0.001000547450223173
0.001000564165898596
0.001000580092549935
0.001000595231943534
0.001000609588535612
0.001000623164776621
0.001000635960328024
0.00100064797633958
0.001000659216783882
0.001000669683999354
0.001000679375769112
0.001000688288048668
0.00100069641932124
0.001000703771443458
0.001000710347325792
0.001000716148868757
0.001000721176687975
0.001000725430815788
0.001000728911247664
0.0010007316180721
0.001000733551413353
0.001000734711375308
0.001000735098022166
0.0009981948269422842
0.0009981959058685205
0.0009981991161112534
0.0009982043177628958
0.0009982110908834886
0.0009982181594521235
0.0009982216017883098
0.0009982092340153387
0.0009981449556570134
0.000997927094522703
0.0009972751637043488
0.0009954879331317511
0.0009908523507853181
0.0009795098694187023
0.0009541213739667687
0.0009023411669414383
0.0008109608542845279
0.0006769557586910426
0.0005207316741429062
0.000373012743785724
0.0002572242049537595
0.0001765030565284102
0.0001242922171630158
9.137748144583952e-05
7.084361535946606e-05
5.824989460644579e-05
5.095547945555734e-05
4.778147185791812e-05
4.778369305830631e-05
5.096257915047742e-05
5.826338756686115e-05
7.086649774602899e-05
9.141524327340543e-05
0.0001243546296618239
0.0001766071106004572
0.0002573978567967914
0.0003732957093480059
0.0005211689425760548
0.0006775775008437156
0.0008117676782568218
0.0009033059233253186
0.0009552102057374137
0.0009806959392227213
0.0009921188963367086
0.0009968251271987242
0.0009986772057484637
0.0009993901022236442
0.0009996658237069432
0.0009997851518733685
0.0009998497971224344
0.0009998958305986393
0.0009999353570086791
0.0009999722301835686
0.001000007651020646
0.001000041997366367
0.001000075379234307
0.001000107841987187
0.001000139400486364
0.001000170072938927
0.001000199869530795
0.001000228801053186
0.001000256875489436
0.00100028410445763
0.001000310495476395
0.001000336055064518
0.001000360789694725
0.001000384706683618
0.001000407809956605
0.001000430102252162
0.001000451588325952
0.001000472272733259
0.001000492157203206
0.001000511243619003
0.001000529536800175
0.001000547040188788
0.001000563754026778
0.001000579679039722
0.001000594819139367
0.001000609177834078
0.001000622755386639
0.001000635552023161
0.001000647570911783
0.001000658815638935
0.00100066928593344
0.001000678978137497
0.001000687889369813
0.001000696020056386
0.001000703372822145
0.001000709950122601
0.001000715753163417
0.001000720782225341
0.00100072503731904
0.001000728518504002
0.001000731225907173
0.001000733159662198
0.001000734319872863
0.001000734706602643
0.0009982390848597661
0.0009982401068486645
0.0009982431775650772
0.0009982482261895462
0.0009982551459805462
0.0009982636151783541
0.0009982728307429843
0.0009982803999946421
0.000998279744740138
0.0009982525454895143
0.0009981511931527027
0.0009978534943539368
0.0009970775185782553
0.000995199566376604
0.0009909347068490504
0.0009818403587482012
0.0009637317475287664
0.0009312174292644218
0.0008775455196412881
0.000801508207671323
0.0007058190321766425
0.0006008059430752288
0.0005039308317896754
0.0004201186308435874
0.0003574088691945777
0.0003122708560075862
0.00028398386613911
0.0002704402474896966
0.0002704524109092089
0.0002840221496153259
0.0003123408655842819
0.0003575206606551616
0.000420286836973417
0.0005041760589786931
0.0006011491771452216
0.0007062807601355894
0.0008020974386407829
0.0008782600441696832
0.0009320474021942248
0.0009646628993756029
0.0009828604393335803
0.0009920341600237767
0.0009963717733859464
0.0009983178377000594
0.0009991584449081411
0.0009995178760658105
0.0009996783226393438
0.0009997620461562572
0.0009998166553827055
0.0009998604046972937
0.0009998998160192249
0.0009999371977623137
0.0009999733033879288
0.001000008384797573
0.001000042523546751
0.00100007575408114
0.001000108091031089
0.001000139546813503
0.001000170131173731
0.0010001998527078
0.001000228719625238
0.001000256741641132
0.00100028392640073
0.001000310279603107
0.001000335807415859
0.001000360516983849
0.001000384412399313
0.001000407496306178
0.001000429772861551
0.001000451246934942
0.001000471920486832
0.001000491795142002
0.001000510874881328
0.00100052916400718
0.001000546663289886
0.001000563372876586
0.001000579295840798
0.001000594436159547
0.001000608795053311
0.001000622372239113
0.001000635169861822
0.001000647191850126
0.001000658439711597
0.001000668910898762
0.001000678601860105
0.001000687511563423
0.001000695641833516
0.001000702995329613
0.001000709573834109
0.001000715378015813
0.001000720407990248
0.00100072466379884
0.001000728145552352
0.001000730853398345
0.001000732787472119
0.001000733947875074
0.0010007343346691
0.0009982805289877915
0.00099828150153153
0.0009982844270923286
0.0009982892626923614
0.0009982959678254597
0.0009983044293188342
0.0009983144554683151
0.00099832554108795
0.0009983364476310655
0.000998343892026785
0.0009983396903836047
0.0009983039877913219
0.0009981909213810818
0.0009979028995698305
0.000997234836872611
0.0009958189764133342
0.0009929898889559836
0.0009876735827320955
0.0009785342633674011
0.0009638468842027801
0.0009423598360937049
0.0009132151268065607
0.0008776869493708829
0.0008393657938844364
0.0008016699970609733
0.0007686856439921595
0.0007438701497218424
0.0007320406075124089
0.0007320724830107235
0.0007439672426862366
0.0007688525082054403
0.0008019128201573191
0.0008396912842986032
0.0008781007897338258
0.000913720920062242
0.0009429578850744758
0.0009645347551033401
0.0009793081823983574
0.0009885291182456907
0.0009939228443663778
0.0009968255774229675
0.000998311872769231
0.0009990475785448929
0.000999400691638826
0.0009995764347849301
0.0009996724384007491
0.0009997345607640495
0.000999782608515971
0.0009998247159732257
0.0009998640954021756
0.0009999019289904673
0.0009999386479970988
0.0009999744003669391
0.001000009242664357
0.001000043195132171
0.001000076269235184
0.001000108471703018
0.001000139812789792
0.001000170297987522
0.001000199934880433
0.001000228730472145
0.001000256692357596
0.001000283824989923
0.001000310134054586
0.001000335625797889
0.001000360304561837
0.001000384172394931
0.001000407233119476
0.001000429491264539
0.001000450949253073
0.001000471608111401
0.001000491471373273
0.001000510543322517
0.00100052882555839
0.001000546317858599
0.001000563022358926
0.001000578943124143
0.001000594082160572
0.001000608439246768
0.00100062201546943
0.00100063481449089
0.001000646839065593
0.00100065808809367
0.001000668558071709
0.001000678246775562
0.001000687154935777
0.001000695284997108
0.001000702639166597
0.001000709218570294
0.001000715023533914
0.001000720054121685
0.001000724310420423
0.00100072779257376
0.00100073050073646
0.001000732435040531
0.001000733595583341
0.001000733982424253
0.0009983192564409827
0.0009983201915403543
0.000998322993283451
0.000998327633874894
0.0009983340864049609
0.0009983422970452451
0.000998352192088223
0.0009983636362972731
0.00099837636491702
0.0009983897829366985
0.0009984024345079231
0.0009984110874476167
0.0009984084463751956
0.0009983789899321543
0.0009982924806280571
0.0009980927082232681
0.0009976823426756625
0.0009969149515972823
0.0009955837707740544
0.0009934325629683217
0.0009901924495156096
0.0009856511321134416
0.0009798604130611184
0.000973121711443287
0.000966237277398706
0.0009597004089918671
0.0009545800062664606
0.0009519402510364009
0.0009519804556270663
0.0009547008452674288
0.0009599024899791754
0.0009665212625549388
0.0009734879913706673
0.0009803090192150507
0.0009861814105091942
0.0009908031367369069
0.0009941219046403257
0.0009963497468763874
0.0009977554169891022
0.0009985951159693785
0.0009990756119573503
0.0009993433515516927
0.0009994956739601281
0.0009995887771013607
0.0009996528682910464
0.0009997034244846579
0.0009997476919008528
0.0009997888422942005
0.0009998282721192212
0.0009998665119841227
0.0009999037728270902
0.0009999401302317572
0.0009999756135346425
0.001000010232707604
0.001000043993540382
0.001000076901528393
0.00100010896275073
0.001000140180507509
0.001000170559049926
0.001000200104634035
0.001000228822867054
0.001000256717315095
0.001000283792248836
0.001000310053187447
0.001000335503863095
0.001000360145970338
0.001000383982448043
0.001000407017608014
0.001000429253711469
0.001000450691621009
0.001000471333962088
0.001000491185037674
0.001000510246830691
0.001000528519091648
0.001000546003103052
0.001000562702543462
0.001000578620108211
0.001000593755804542
0.00100060810998356
0.001000621685594243
0.001000634486068848
0.001000646511721009
0.001000657759638618
0.001000668226861257
0.001000677912954463
0.001000686819797271
0.001000694949763981
0.001000702304416003
0.001000708884372876
0.001000714689783801
0.001000719720721309
0.001000723977310668
0.001000727459710977
0.001000730168075028
0.001000732102528397
0.001000733263163048
0.001000733650034972
