FiniteElementSpace
FiniteElementCollection: H1_2D_P1
VDim: 1
Ordering: 0

6.562452366246262e-06
8.933664870649927e-07
1.21036346512229e-07
1.639513438656978e-08
2.221314627328584e-09
9.764435818492479e-10
9.797336540408656e-10
9.823183533085978e-10
9.843817673402166e-10
9.860557890910249e-10
9.874345726438296e-10
9.885860904558306e-10
9.895598046598107e-10
9.903929899818116e-10
9.911135744513183e-10
9.917420549409408e-10
9.92296588544924e-10
9.927888153001961e-10
9.932296349109135e-10
9.936266010131558e-10
9.939847493798039e-10
9.94312540917001e-10
9.946112892687776e-10
9.94886356702036e-10
9.951352055689325e-10
9.953745732529001e-10
9.956119987006281e-10
9.958303665473775e-10
9.960213649658683e-10
9.961946364311473e-10
9.963567038226901e-10
9.965159531613246e-10
9.966739310345688e-10
9.968240435273635e-10
9.969705039638444e-10
9.971063771583656e-10
9.972338730330771e-10
9.973574863783919e-10
9.974758761533107e-10
9.97589203562079e-10
9.976978498258982e-10
9.978016898418709e-10
9.979007917167292e-10
9.979960235848142e-10
9.980865192032235e-10
9.981730090971531e-10
9.982533660065753e-10
9.983255623328099e-10
9.983862962231053e-10
9.984266552771828e-10
9.984347812823649e-10
2.277645122458837e-09
1.682881308594796e-08
1.243297244236263e-07
9.183945007621147e-07
6.751648383510731e-06
4.784529785888271e-05
0.0002708015143783411
0.0007330188143657913
0.0009532133863406119
0.0009936291508935012
0.0009993866925982167
0.001000193632951581
0.001000324772259454
0.001000363598594963
0.00100038924685719
0.001000412462507416
0.001000434704306808
0.001000456172234357
0.001000476886871909
0.001000496855609738
0.00100051607429462
0.001000534544287639
0.001000552266935909
0.001000569236297827
0.001000585460046269
0.001000600929931851
0.001000615650265926
0.001000629615121296
0.001000642825692509
0.001000655282754639
0.001000666980956277
0.001000677929361317
0.001000688117584238
0.001000697554838194
0.001000706236706088
0.001000714161824475
0.001000721339423106
0.001000727759357637
0.001000733432805271
0.001000738351292922
0.00100074251382204
0.001000745925349427
0.001000748570320669
0.001000750453829696
0.001000751585308172
0.001000751962912488
6.562292476428154e-06
8.933447856229039e-07
1.210334357641725e-07
1.639474468967546e-08
2.221263216580576e-09
9.764236947383413e-10
9.797170727971664e-10
9.823041974418454e-10
9.843694324803692e-10
9.860448637515627e-10
9.874247618836673e-10
9.885771811439471e-10
9.895516355003933e-10
9.903854393743486e-10
9.911065466947708e-10
9.917354755877339e-10
9.922903978168632e-10
9.927829651590731e-10
9.932240855812153e-10
9.936213199263394e-10
9.939797088569163e-10
9.943077184378858e-10
9.946066660048039e-10
9.948819171439414e-10
9.95130936243597e-10
9.95370461464477e-10
9.956080337513302e-10
9.958265390983586e-10
9.960176672021344e-10
9.961910616053684e-10
9.96353245762624e-10
9.965126060537415e-10
9.966706896122231e-10
9.968209034066424e-10
9.969674611587673e-10
9.971034279351663e-10
9.972310137455959e-10
9.973547134486402e-10
9.974731861658278e-10
9.97586593366069e-10
9.976953164167076e-10
9.977992303447096e-10
9.978984033179847e-10
9.979937032280491e-10
9.98084263678221e-10
9.981708151803217e-10
9.982512303010411e-10
9.983234814501886e-10
9.983842672929175e-10
9.984246761856654e-10
9.984328528838797e-10
2.277640905770819e-09
1.682878359070115e-08
1.243295190511784e-07
9.183930557694001e-07
6.751638000991757e-06
4.784522597285031e-05
0.0002708011196613724
0.0007330177804672972
0.0009532120844783266
0.0009936278360509153
0.0009993854105459238
0.001000192388244387
0.001000323563809922
0.001000362424660717
0.001000388105694534
0.001000411352449921
0.001000433623768928
0.001000455119706145
0.001000475860912009
0.001000495854839594
0.001000515097393413
0.001000533589987205
0.001000551334016454
0.001000568323583752
0.001000584566402712
0.001000600054261229
0.001000614791504865
0.001000628772237968
0.001000641997683927
0.001000654468644236
0.001000666179791683
0.001000677140212358
0.001000687339540988
0.001000696787008961
0.001000705478215893
0.001000713411813368
0.001000720597044579
0.001000727023777119
0.001000732703198801
0.001000737626845766
0.001000741793727298
0.001000745208806829
0.001000747856535348
0.001000749742010914
0.001000750874668138
0.001000751252665183
7.071037933272395e-06
9.630378326725411e-07
1.312905151501426e-07
1.778409319150562e-08
2.424219548783821e-09
9.773404615192775e-10
9.803843179021975e-10
9.827956632596097e-10
9.847363302949176e-10
9.863224401228976e-10
9.876375853141961e-10
9.887429536743939e-10
9.896817537944898e-10
9.904894848165636e-10
9.911896945378041e-10
9.91802667676571e-10
9.923437678459213e-10
9.928245488358997e-10
9.932570999944902e-10
9.9364854121194e-10
9.940059773140608e-10
9.943346921364099e-10
9.946347933829143e-10
9.949072819629489e-10
9.951496961359918e-10
9.95380647842985e-10
9.956089385365488e-10
9.958210638446546e-10
9.960106656878897e-10
9.961881426488315e-10
9.963571816626544e-10
9.96523133726926e-10
9.966845540148476e-10
9.968336030399314e-10
9.969756844955428e-10
9.971060552236264e-10
9.972296998824961e-10
9.973521712027682e-10
9.974716305228713e-10
9.975867703009235e-10
9.976967081085572e-10
9.978012224639211e-10
9.979004505595215e-10
9.979955773811204e-10
9.980862871152217e-10
9.98173389405153e-10
9.982550189151267e-10
9.983302241757198e-10
9.983965449195712e-10
9.984490234419725e-10
9.98481292340589e-10
2.482761832435758e-09
1.823210747720205e-08
1.346982189559879e-07
9.88805061218259e-07
7.265652734819221e-06
5.102568490387921e-05
0.0002843747579582009
0.0007448934505796888
0.000955893178389871
0.0009940202025912046
0.0009994328895600061
0.001000197825120884
0.00100032329941684
0.001000361400621415
0.001000386993813381
0.001000410250807796
0.00100043254577219
0.001000454065692509
0.001000474832899956
0.001000494850012397
0.00100051411723438
0.001000532631987088
0.001000550397431417
0.001000567408320291
0.001000583669586075
0.001000599176973109
0.001000613930578117
0.00100062792801258
0.001000641168746617
0.001000653653310682
0.001000665378539492
0.001000676350353804
0.00100068656159099
0.001000696019349753
0.001000704719745441
0.001000712662545576
0.001000719855074874
0.001000726289050431
0.001000731974600895
0.001000736903272313
0.001000741074850105
0.001000744493351613
0.001000747143663415
0.001000749031187961
0.001000750165082015
0.001000750543482602
8.157611146023648e-06
1.125843373182001e-06
1.535085177578525e-07
2.105115482464867e-08
2.886923450826507e-09
9.790926544920841e-10
9.816636792026748e-10
9.837437703764526e-10
9.854494707613474e-10
9.868652824911661e-10
9.88056881872108e-10
9.890705935390037e-10
9.899406584464477e-10
9.906967567102869e-10
9.913570101443537e-10
9.919408716335801e-10
9.924589246377883e-10
9.929213622635454e-10
9.933381399278227e-10
9.937144035131002e-10
9.940598134067437e-10
9.943782610936156e-10
9.946729122776255e-10
9.949405048832285e-10
9.951781925740861e-10
9.954023272710078e-10
9.956197898853571e-10
9.958226770490689e-10
9.960093072121569e-10
9.961912366078866e-10
9.963658033276043e-10
9.965342302964503e-10
9.966940642224384e-10
9.968399338654762e-10
9.969805135620399e-10
9.97111419703639e-10
9.972370220539911e-10
9.973610756425011e-10
9.97480679944365e-10
9.975945329970108e-10
9.977025789653512e-10
9.97805814445748e-10
9.979046580996728e-10
9.98000133066592e-10
9.980918404664444e-10
9.98180276088875e-10
9.982641118310761e-10
9.983433474074231e-10
9.984179607253455e-10
9.984883534397946e-10
9.985598276359292e-10
2.949987630498396e-09
2.15307851942246e-08
1.571242841455867e-07
1.153255644282293e-06
8.361815177407625e-06
5.833257643196987e-05
0.0003127133030041647
0.0007697732422156746
0.0009610572731078608
0.0009947379465511446
0.0009995307401765889
0.001000209511746875
0.001000323826962907
0.001000360488472156
0.001000385909327752
0.001000409156222144
0.001000431469185961
0.001000453011043401
0.001000473802694509
0.001000493842609247
0.001000513134342148
0.00100053167140439
0.001000549458499156
0.001000566491187696
0.001000582771163754
0.001000598298737169
0.001000613068751592
0.001000627083488615
0.001000640339724505
0.001000652837981591
0.001000664577945743
0.001000675560870418
0.001000685784639788
0.001000695252687666
0.001000703962302048
0.001000711914811247
0.001000719114402625
0.00100072555605052
0.00100073124780993
0.001000736181427173
0.001000740358006797
0.001000743779777302
0.001000746432513667
0.001000748322167429
0.001000749457351447
0.001000749836165189
1.019384843703003e-05
1.409376224018762e-06
1.94589596174005e-07
2.684852336465452e-08
3.726944558375361e-09
9.81479790461022e-10
9.834216268880741e-10
9.85057602703915e-10
9.864444747580533e-10
9.87629389310162e-10
9.886519897485024e-10
9.895392911448163e-10
9.90314718348337e-10
9.909974602180171e-10
9.916005648285094e-10
9.921401662541041e-10
9.926232582576593e-10
9.930599352621357e-10
9.93456048231188e-10
9.938146460365235e-10
9.941433865766281e-10
9.944450149584022e-10
9.947282948093585e-10
9.949891643907445e-10
9.952269316430122e-10
9.954504602559349e-10
9.956602852286554e-10
9.958539111714518e-10
9.960364709620013e-10
9.962204950059366e-10
9.963943512467064e-10
9.965565674391974e-10
9.967077180110088e-10
9.968483256094466e-10
9.969896778048146e-10
9.971235155158877e-10
9.972505585899557e-10
9.9737331384338e-10
9.974902873340838e-10
9.976020735679026e-10
9.977095753209719e-10
9.978133969449533e-10
9.979130823612307e-10
9.980092319310805e-10
9.98101486187541e-10
9.98190742817171e-10
9.982763704864401e-10
9.983591265620658e-10
9.984408336579855e-10
9.985251442495857e-10
9.98629962707152e-10
3.797023606872872e-09
2.737477897173052e-08
1.98544172696553e-07
1.439080356626558e-06
1.041481405994597e-05
7.094697975231577e-05
0.0003579290705702862
0.0008028343886226451
0.0009676388159541619
0.0009956636303265652
0.0009996531862213362
0.001000224758360421
0.001000324878705339
0.001000359666975418
0.001000384836049509
0.001000408064018114
0.001000430391743307
0.001000451955352751
0.001000472769553044
0.001000492833681666
0.001000512148985113
0.001000530709267399
0.001000548518355348
0.001000565572830792
0.001000581872777511
0.001000597420130018
0.001000612207442022
0.001000626239669193
0.001000639511483785
0.001000652024002601
0.001000663778674723
0.001000674772980037
0.001000685009578669
0.001000694487856321
0.001000703206985523
0.0010007111693606
0.001000718375974134
0.001000724825678883
0.001000730523615267
0.001000735462207227
0.001000739644022264
0.001000743068874785
0.001000745723909854
0.001000747615770784
0.001000748752290092
0.001000749131524754
1.35350368706075e-05
1.911641459026952e-06
2.672847050444393e-07
3.733237572616061e-08
5.213272808376314e-09
9.84241272334216e-10
9.854863004845867e-10
9.866157447517761e-10
9.876367403891654e-10
9.885557091972149e-10
9.893800146870922e-10
9.901178635354653e-10
9.907808051498526e-10
9.913758851672105e-10
9.919119535945973e-10
9.923970525877627e-10
9.928354289302362e-10
9.932362968597755e-10
9.936031620996664e-10
9.939413405578506e-10
9.942530122785032e-10
9.94538454994753e-10
9.948071874276386e-10
9.950559086038236e-10
9.952907888065713e-10
9.955132507614721e-10
9.957172204473264e-10
9.959028309258722e-10
9.960805810675688e-10
9.962631649555161e-10
9.964315417046696e-10
9.965855175821813e-10
9.967292605434423e-10
9.968666392195231e-10
9.970083021252893e-10
9.971412524822031e-10
9.972652485063264e-10
9.973852413028941e-10
9.975016747093304e-10
9.976145481106715e-10
9.977232122668893e-10
9.978269954418081e-10
9.979258645611654e-10
9.98021240627275e-10
9.981132875508615e-10
9.982032272890295e-10
9.98290082242267e-10
9.983748748243034e-10
9.984592975566545e-10
9.985470526711603e-10
9.986535929489759e-10
5.293867259955703e-09
3.793378491158718e-08
2.717560500790956e-07
1.944814210409623e-06
1.377668693718603e-05
9.151424479295062e-05
0.0004207455584856401
0.0008406150527561484
0.0009745673931822764
0.0009966396501257795
0.0009997839499599362
0.001000241348315429
0.001000326195148404
0.001000358860607853
0.001000383764000988
0.001000406968295596
0.00100042931045048
0.001000450896680842
0.001000471733397716
0.00100049182329413
0.001000511161603101
0.001000529746526737
0.001000547577941365
0.001000564654317155
0.001000580975665157
0.001000596542005468
0.001000611348038211
0.001000625397487562
0.001000638685090489
0.001000651212627056
0.001000662981478281
0.001000673987952276
0.001000684237266013
0.001000693725774976
0.001000702454903778
0.001000710426942654
0.001000717640797251
0.001000724098837538
0.001000729802815796
0.001000734746545065
0.001000738933721808
0.001000742361434946
0.001000745018689707
0.001000746912832075
0.001000748050721768
0.001000748430382781
1.929804254746612e-05
2.773104301693551e-06
3.927455164366456e-07
5.587102153079931e-08
7.946717750922161e-09
1.137302832520368e-09
9.876622983093574e-10
9.882806326126468e-10
9.889338344972626e-10
9.895789680813748e-10
9.901947711563282e-10
9.907731841178289e-10
9.913122509733251e-10
9.918101548033776e-10
9.92271698578551e-10
9.926971292812797e-10
9.930889424586206e-10
9.934504811069217e-10
9.937824675222771e-10
9.940938733450689e-10
9.943835559220184e-10
9.946529326066962e-10
9.949061126704795e-10
9.951384564266899e-10
9.953630881362019e-10
9.955778271690869e-10
9.957754374656797e-10
9.959551172903823e-10
9.961275894652473e-10
9.963044425539347e-10
9.964652819105509e-10
9.966153345020849e-10
9.967574953800757e-10
9.968933404269555e-10
9.970328539139201e-10
9.971625802333317e-10
9.972842586006036e-10
9.974042935756141e-10
9.975214930893557e-10
9.976334602055789e-10
9.9773976918486e-10
9.978412315062891e-10
9.979391825237326e-10
9.980348909603805e-10
9.98127795246671e-10
9.982182279514267e-10
9.983050860307288e-10
9.98389396974129e-10
9.984720628932555e-10
9.985547523863485e-10
1.150617368137417e-09
8.044069239086266e-09
5.658399344715419e-08
3.979535930054424e-07
2.811236572086318e-06
1.957131070349364e-05
0.0001244826796502617
0.0005047004145410632
0.000879023220930336
0.0009813489322446146
0.0009975943678069634
0.0009999108218093898
0.001000257579573549
0.00100032734858533
0.001000358030189815
0.001000382675840224
0.00100040586296326
0.001000428222631607
0.001000449832846521
0.001000470694422313
0.001000490810881752
0.001000510173292187
0.001000528783814685
0.001000546638057063
0.001000563737094725
0.001000580080633255
0.001000595665745379
0.00100061049171652
0.001000624557920669
0.001000637861839306
0.001000650404889652
0.001000662187349635
0.001000673206997472
0.001000683468553014
0.001000692967497855
0.001000701707090628
0.001000709688359285
0.001000716909930744
0.001000723376403422
0.001000729086243282
0.001000734035397297
0.001000738227922421
0.001000741658252851
0.001000744317703726
0.001000746214195158
0.001000747353478364
0.001000747733568492
2.947236690127936e-05
4.325852294700347e-06
6.247631336807172e-07
8.997237944896824e-08
1.303638568323361e-08
1.911953950042639e-09
9.897381879502993e-10
9.899231744651986e-10
9.90245748551709e-10
9.906338444988996e-10
9.910486578226123e-10
9.914714532067205e-10
9.918860084390818e-10
9.922851482583985e-10
9.926665898053633e-10
9.930264286229162e-10
9.933681683544476e-10
9.936888653005272e-10
9.939866564958344e-10
9.942682898519936e-10
9.945306179133843e-10
9.947809491663168e-10
9.950180240331166e-10
9.95235333472089e-10
9.954463897026906e-10
9.956475501254552e-10
9.958375783019975e-10
9.960131425148744e-10
9.961800005320343e-10
9.963472427436227e-10
9.9649992492267e-10
9.966498887735602e-10
9.967919821876921e-10
9.969235001466767e-10
9.970584422834732e-10
9.971863219923854e-10
9.973082385735772e-10
9.974281249205321e-10
9.975431359395507e-10
9.976519267329282e-10
9.977565229322795e-10
9.978583164378011e-10
9.979573884118348e-10
9.9805334735922e-10
9.981455934005988e-10
9.982349194231666e-10
9.983206692190195e-10
9.984031702648864e-10
9.984809925539341e-10
9.985561502742091e-10
1.929381957167301e-09
1.316019248068956e-08
9.086190907143734e-08
6.311825098483282e-07
4.371980960088672e-06
2.979656918961725e-05
0.0001767794882002989
0.0006017432972555878
0.000914635093790697
0.000987179878299548
0.000998402271372922
0.001000021426154939
0.001000271469143731
0.001000328192009631
0.001000357135980757
0.001000381561124125
0.001000404743460838
0.001000427125498337
0.001000448762624412
0.0010004696527771
0.001000489796180463
0.00100050918532182
0.001000527821717639
0.00100054569996471
0.001000562822643321
0.001000579188389535
0.001000594793077846
0.001000609639377711
0.001000623722182645
0.001000637043099427
0.001000649601663487
0.001000661397571708
0.001000672431171046
0.001000682704360632
0.001000692214194471
0.001000700964463329
0.00100070895452048
0.001000716184452283
0.001000722659217622
0.001000728374784294
0.001000733329727159
0.001000737527426215
0.001000740960132602
0.001000743621813399
0.001000745520710562
0.001000746661397483
0.001000747041916703
4.744177800123647e-05
7.206545111436131e-06
1.062782101264421e-06
1.559368466979597e-07
2.315447577745947e-08
3.458708813157241e-09
9.915755170118625e-10
9.914486865589771e-10
9.915012102652282e-10
9.916636719717724e-10
9.918984912469253e-10
9.921764139338604e-10
9.924742634528921e-10
9.927803895943953e-10
9.930847967928224e-10
9.933800694481008e-10
9.936678869348686e-10
9.939442176858063e-10
9.942083827719063e-10
9.944607724481703e-10
9.946953125300031e-10
9.949225530834618e-10
9.951398709883385e-10
9.953435951801761e-10
9.955410483646182e-10
9.957261371479387e-10
9.959065558738487e-10
9.960774555916007e-10
9.962383597111411e-10
9.963947560694098e-10
9.965402467204086e-10
9.966910273883888e-10
9.968309206195809e-10
9.969562308465153e-10
9.970881632642623e-10
9.972167111604563e-10
9.973381346162861e-10
9.974548075268094e-10
9.975664611477415e-10
9.976742143066016e-10
9.977795082428572e-10
9.978814503333611e-10
9.979790762459809e-10
9.980729767080777e-10
9.981639631121437e-10
9.982524204369639e-10
9.983376199696098e-10
9.984189429107863e-10
9.984923928736209e-10
9.985544256302177e-10
3.483170420716251e-09
2.332455827416623e-08
1.571284284958928e-07
1.071210515635533e-06
7.265858237623959e-06
4.784480234167134e-05
0.0002576352388391915
0.0007069421977084891
0.0009438540415315909
0.0009917582221267885
0.0009990338320941664
0.001000107135726068
0.00100028212723618
0.001000328603932459
0.001000356151225023
0.001000380415429931
0.001000403606857282
0.001000426017799385
0.001000447686328935
0.001000468608255689
0.001000488780193559
0.001000508198783402
0.001000526861050065
0.0010005447651862
0.001000561912156499
0.001000578300120011
0.001000593925725705
0.00100060879186219
0.001000622891795687
0.001000636230101089
0.001000648803869189
0.001000660613611268
0.001000671661356819
0.001000681945768152
0.001000691467060791
0.001000700227844865
0.001000708226477655
0.001000715465409858
0.00100072194809728
0.00100072766939267
0.001000732630482407
0.001000736833018157
0.001000740267892034
0.001000742931888474
0.001000744833232143
0.00100074597531985
0.001000746356265434
