FiniteElementSpace
FiniteElementCollection: H1_3D_P1
VDim: 1
Ordering: 0

0.0007712845839212088
0.0004981187589186229
0.0001520325829357041
2.80816628508589e-05
4.594489001516015e-06
7.449892102505038e-07
1.223322876543682e-07
2.045343402346186e-08
3.493019396138732e-09
8.567690749554698e-10
8.568354794503728e-10
8.56894370852681e-10
8.569570359179763e-10
8.570172232260088e-10
8.570784632129744e-10
8.571349415009248e-10
8.57190418882365e-10
8.572480616308736e-10
8.573025959361035e-10
8.57355414010607e-10
8.57408214548239e-10
8.574611391877259e-10
8.57510347490874e-10
8.57560338129605e-10
8.576115392827374e-10
8.576583605155627e-10
8.577034147435894e-10
8.577513098056519e-10
8.577993415125655e-10
8.57841706384113e-10
8.578851062029877e-10
8.579305563899456e-10
8.579735096368936e-10
8.580147364026444e-10
8.580573796938118e-10
8.580995182081467e-10
8.581387061534057e-10
8.581773756358927e-10
8.582166431880104e-10
8.5825492795328e-10
8.582903342548509e-10
3.499459242874272e-09
2.049226175065094e-08
1.225697520590812e-07
7.464670892731643e-07
4.603777890703325e-06
2.813945871271978e-05
0.0001523504318849843
0.0004991750363229509
0.0007729410343732803
0.0008442478054721324
0.0008563155446319742
0.0008581878670901581
0.0008584857618880495
0.0008585456936946158
0.0008585694796855884
0.0008585873007073891
0.0008586036417030112
0.0008586191670259046
0.0008586339747392461
0.0008586480816926235
0.0008586614884836795
0.0008586741991159458
0.0008586862154512471
0.0008586975385283744
0.0008587081710768338
0.0008587181130816388
0.0008587273644470731
0.0008587359272274852
0.0008587438008868238
0.0008587509856666831
0.0008587574837024614
0.0008587632935704105
0.0008587684167861705
0.0008587728559493402
0.0008587766107760827
0.0008587796815559808
0.000858782071733118
0.0008587837832384805
0.000858784814731335
0.0008587851633663136
0.0008130276718703197
0.0006392444509958138
0.0002737784560593521
6.054615179762436e-05
1.057660762477104e-05
1.786442509458524e-06
3.049053029911563e-07
5.309763705705671e-08
9.473471974050365e-09
1.737960124006823e-09
8.568684808641762e-10
8.569254890022261e-10
8.569824577036481e-10
8.570370691498312e-10
8.570947179875928e-10
8.571497643971007e-10
8.572028311667479e-10
8.572557244655207e-10
8.573089925992412e-10
8.57361288902048e-10
8.574107865317548e-10
8.574613050827895e-10
8.575118595551324e-10
8.575608644945002e-10
8.576095861220419e-10
8.576561787150793e-10
8.577022585960986e-10
8.577496227922373e-10
8.577951933939553e-10
8.578383732135188e-10
8.57883499986411e-10
8.579276986351176e-10
8.57969945361799e-10
8.580130112328498e-10
8.580558946826756e-10
8.580959598952701e-10
8.581348943120342e-10
8.581755158806332e-10
8.582145543028801e-10
8.582518351995167e-10
1.740922303039849e-09
9.490140035348095e-09
5.319379489039732e-08
3.054709190477205e-07
1.789833389175764e-06
1.059709805101192e-05
6.066569883391625e-05
0.0002743280677675428
0.0006405476872627963
0.000814707454531421
0.0008513348817810162
0.0008573817883644956
0.0008583427544294849
0.0008585065644476442
0.0008585470309034588
0.0008585680750940372
0.0008585855724149489
0.0008586019312807539
0.000858617516205944
0.0008586323851760724
0.0008586465466407602
0.0008586600036216813
0.0008586727601482588
0.0008586848174706586
0.0008586961784779861
0.0008587068454842528
0.0008587168177056208
0.0008587260972523224
0.0008587346850788827
0.0008587425806451651
0.0008587497858120266
0.0008587563014678789
0.0008587621264000987
0.0008587672636644028
0.0008587717149226518
0.0008587754792081168
0.0008587785582220428
0.0008587809555495182
0.0008587826722527459
0.0008587837066391463
0.0008587840561333061
0.0008363179412866294
0.0007447044830967837
0.0004476213745604831
0.0001324664404053169
2.584436627347885e-05
4.59524061841831e-06
8.176829249927156e-07
1.485386542428478e-07
2.771662588017217e-08
5.334463650056121e-09
1.063571976407694e-09
8.56953530479469e-10
8.570081134409407e-10
8.570590312384134e-10
8.57110180366385e-10
8.571624964753125e-10
8.572148933667886e-10
8.572644135671201e-10
8.573150665757074e-10
8.573667625235055e-10
8.574149525960889e-10
8.57462407685912e-10
8.575126477500254e-10
8.57561599067483e-10
8.576078947503179e-10
8.576542322728894e-10
8.577014005953572e-10
8.577470701001484e-10
8.577916723330135e-10
8.578367968156715e-10
8.578813380388043e-10
8.579241784497835e-10
8.579674838606112e-10
8.580108565742291e-10
8.580519730419316e-10
8.580918936828698e-10
8.581332571224498e-10
8.581736559081205e-10
8.582119140707481e-10
1.065233095240502e-09
5.343152265919899e-09
2.776321127703355e-08
1.487957443021123e-07
8.191350192062693e-07
4.603600472464061e-06
2.589241824809115e-05
0.00013271767049485
0.000448485503591651
0.0007461658132730186
0.000837982129789532
0.0008551220450450951
0.0008579586503142156
0.000858427613561432
0.0008585174983387562
0.0008585470303728265
0.0008585665329820912
0.0008585838715537358
0.00085860026783071
0.0008586159135795493
0.0008586308405894712
0.0008586450542012322
0.000858658559759634
0.0008586713595439045
0.000858683456364528
0.0008586948541183303
0.0008587055533499613
0.000858715554911017
0.0008587248615883724
0.0008587334728268101
0.0008587413897551394
0.0008587486145279242
0.0008587551465524143
0.0008587609862439152
0.0008587661372594291
0.0008587705997700205
0.0008587743731365623
0.0008587774604059391
0.0008587798647667064
0.0008587815864055049
0.0008587826234789658
0.0008587829737688652
0.0008479479651106444
0.0008064278239585815
0.0006263767016572421
0.0002738189965863411
6.547267061510904e-05
1.257199182963792e-05
2.345892655595016e-06
4.452766942733431e-07
8.695275622119049e-08
1.756070902719699e-08
3.684698992152071e-09
8.569827609119581e-10
8.570314211864728e-10
8.5707994760884e-10
8.571276091668386e-10
8.571752302586595e-10
8.572247357490226e-10
8.572733499965844e-10
8.573219646125363e-10
8.573707174548222e-10
8.574188200497393e-10
8.574651770353787e-10
8.575135330096906e-10
8.57562014601419e-10
8.576069653215704e-10
8.576529800356279e-10
8.577003195696465e-10
8.57744676831576e-10
8.577896545574986e-10
8.578350729564397e-10
8.578778700639517e-10
8.579214368771727e-10
8.579653613867827e-10
8.580070541398171e-10
8.580481480306409e-10
8.580902612220425e-10
8.581315430588447e-10
8.581706419792392e-10
8.582076247494612e-10
3.69021693035234e-09
1.75880377066871e-08
8.709256774376681e-08
4.460146592775003e-07
2.349887610223442e-06
1.259394847213591e-05
6.558966570527336e-05
0.0002743184689304147
0.0006275411696156332
0.0008079526563611973
0.0008495748858774092
0.0008569932585306638
0.0008582487204336196
0.0008584705212758122
0.0008585224099097254
0.0008585462240934843
0.0008585649331045002
0.0008585822153382764
0.0008585986606128728
0.0008586143652876901
0.0008586293463506209
0.0008586436100016202
0.0008586571609373468
0.000858670001331647
0.0008586821362560091
0.0008586935682954384
0.0008587042978188113
0.000858714327782152
0.0008587236596899033
0.0008587322929851222
0.0008587402307144828
0.000858747473690527
0.0008587540210227021
0.0008587598753085274
0.0008587650393858986
0.0008587695122404016
0.0008587732944772318
0.0008587763899881327
0.0008587788011404648
0.0008587805274001719
0.0008587815669497633
0.0008587819179722504
0.000853266520313401
0.0008364297001443044
0.0007520972235036847
0.0004815799161978383
0.0001626685338185836
3.596656043079317e-05
7.146456114213396e-06
1.42209004572716e-06
2.908103534523845e-07
6.161618632199345e-08
1.359693442788513e-08
3.140994769417025e-09
8.570538751276645e-10
8.570975331214803e-10
8.571440991814707e-10
8.571887341475613e-10
8.572336094027792e-10
8.57280432874613e-10
8.573286517603166e-10
8.573742647668935e-10
8.574212345425152e-10
8.574679465730648e-10
8.575142109293407e-10
8.575615705667549e-10
8.57606579053694e-10
8.576521907117333e-10
8.576984341884544e-10
8.577422862694993e-10
8.577876897675136e-10
8.57831943936397e-10
8.57874405524584e-10
8.579188754963335e-10
8.579614457236075e-10
8.580030855049061e-10
8.580459134821115e-10
8.580880177680562e-10
8.581284226500441e-10
8.581666263241689e-10
3.145306081172833e-09
1.361642050423308e-08
6.170793918302873e-08
2.912583860855412e-07
1.424350802857307e-06
7.158145084593368e-06
3.60269548237336e-05
0.0001629482293494599
0.0004824260931975184
0.0007534451974767495
0.0008379553330258178
0.0008548466789876965
0.0008578536962500519
0.0008583845698346553
0.0008584903357368788
0.0008585239615409218
0.0008585449930144797
0.0008585633350467645
0.0008585806189824866
0.0008585971175170874
0.0008586128766995773
0.0008586279082979914
0.0008586422186191777
0.0008586558108898332
0.0008586686898270936
0.0008586808604656335
0.0008586923237501033
0.0008587030821989985
0.0008587131388139346
0.000858722493703107
0.0008587311481987137
0.0008587391056065833
0.0008587463650491584
0.0008587529270634884
0.0008587587956000326
0.0008587639716619531
0.0008587684540791248
0.0008587722451074657
0.0008587753487384198
0.0008587777663250718
0.0008587794968567642
0.0008587805386738376
0.0008587808903681091
0.0008555371954710963
0.0008492496795940687
0.0008162734102604005
0.0006752311065047661
0.0003539817816362586
0.0001030899353301047
2.280171144185002e-05
4.804885854563978e-06
1.03083493685265e-06
2.290892154033921e-07
5.311406681790486e-08
1.291689490894632e-08
3.313263656165238e-09
9.018284173044356e-10
8.571577563552024e-10
8.572005839015206e-10
8.572428562341659e-10
8.5728677533443e-10
8.573336998173651e-10
8.573775736573226e-10
8.5742258762687e-10
8.57469519026758e-10
8.575146210440105e-10
8.575604061137182e-10
8.576054964467488e-10
8.576506551766922e-10
8.57695870916747e-10
8.577399463189161e-10
8.577848780745626e-10
8.578278734041757e-10
8.578711757655443e-10
8.57915399527907e-10
8.579572182248273e-10
8.580003570374466e-10
8.580435679974034e-10
8.580843336311132e-10
9.028888301253796e-10
3.317403324672302e-09
1.293386330418561e-08
5.31869477739367e-08
2.294161632544853e-07
1.032359050194553e-06
4.81222453536315e-06
2.283758446355689e-05
0.000103256581521129
0.0003545682168024966
0.0006763754563516826
0.000817685300871581
0.0008507454301043295
0.0008570679331952346
0.0008582235976476265
0.0008584437346309161
0.0008584984052680027
0.0008585238053932351
0.0008585435809126958
0.0008585617804009424
0.0008585790947698713
0.0008585956445358838
0.0008586114534231558
0.0008586265316020639
0.0008586408835977215
0.0008586545138098715
0.0008586674288043522
0.0008586796315450746
0.000858691123586373
0.0008587019093764579
0.0008587119899728696
0.0008587213660243059
0.0008587300408888587
0.0008587380160764771
0.0008587452904531711
0.0008587518668457343
0.000858757748820152
0.0008587629355976171
0.0008587674270530445
0.0008587712268273687
0.0008587743383019346
0.000858776761875098
0.0008587784963128065
0.0008587795401956723
0.0008587798925050952
0.0007712845839128881
0.0004981187589250882
0.0001520325829325589
2.808166285191399e-05
4.59448900119934e-06
7.449892103427903e-07
1.22332287627958e-07
2.045343403081913e-08
3.493019394213829e-09
8.56769075561367e-10
8.56835479054201e-10
8.568943711453287e-10
8.569570357024783e-10
8.570172233851449e-10
8.570784630877097e-10
8.571349415955637e-10
8.571904188040262e-10
8.572480616894156e-10
8.573025958875344e-10
8.573554140425817e-10
8.57408214523884e-10
8.574611391958327e-10
8.575103474876445e-10
8.575603381196383e-10
8.576115392906008e-10
8.576583605023402e-10
8.577034147465017e-10
8.577513098016911e-10
8.57799341506877e-10
8.578417063866365e-10
8.578851061949745e-10
8.579305563929015e-10
8.579735096311497e-10
8.580147364038659e-10
8.58057379690848e-10
8.580995182082747e-10
8.581387061521331e-10
8.581773756360316e-10
8.582166431870199e-10
8.58254927954269e-10
8.58290334252958e-10
3.499459242879099e-09
2.049226175063423e-08
1.225697520591341e-07
7.464670892729964e-07
4.603777890703845e-06
2.813945871271833e-05
0.0001523504318849882
0.0004991750363229436
0.0007729410343732921
0.0008442478054721236
0.0008563155446319831
0.0008581878670901557
0.0008584857618880546
0.0008585456936946152
0.0008585694796855902
0.000858587300707388
0.0008586036417030147
0.0008586191670259071
0.0008586339747392496
0.000858648081692626
0.000858661488483677
0.0008586741991159498
0.0008586862154512446
0.0008586975385283768
0.0008587081710768327
0.000858718113081636
0.0008587273644470745
0.0008587359272274838
0.000858743800886825
0.000858750985666684
0.0008587574837024582
0.0008587632935704088
0.0008587684167861801
0.0008587728559493354
0.0008587766107760801
0.0008587796815559838
0.0008587820717331184
0.0008587837832384802
0.0008587848147313376
0.0008587851633663148
0.0008130276718628114
0.0006392444510024427
0.0002737784560552625
6.054615179920556e-05
1.05766076242706e-05
1.786442509608591e-06
3.04905302947113e-07
5.309763706972196e-08
9.473471970518391e-09
1.737960124928738e-09
8.56868480432331e-10
8.569254892960751e-10
8.56982457492446e-10
8.570370693111903e-10
8.570947178685539e-10
8.571497644952692e-10
8.57202831092341e-10
8.57255724530517e-10
8.573089925522637e-10
8.573612889429216e-10
8.574107865085884e-10
8.574613051010897e-10
8.57511859555245e-10
8.575608644934879e-10
8.576095861361454e-10
8.576561787089757e-10
8.57702258607717e-10
8.57749622793365e-10
8.577951933965511e-10
8.578383732208283e-10
8.578834999850751e-10
8.579276986418824e-10
8.57969945361351e-10
8.580130112365702e-10
8.580558946834894e-10
8.580959598965967e-10
8.581348943130276e-10
8.581755158810443e-10
8.582145543029399e-10
8.582518352004941e-10
1.740922303038162e-09
9.490140035355418e-09
5.319379489037409e-08
3.054709190477936e-07
1.789833389175559e-06
1.059709805101251e-05
6.066569883391437e-05
0.0002743280677675468
0.0006405476872627856
0.00081470745453143
0.0008513348817810117
0.0008573817883644966
0.0008583427544294765
0.0008585065644476478
0.0008585470309034553
0.0008585680750940393
0.0008585855724149453
0.0008586019312807564
0.0008586175162059443
0.0008586323851760711
0.0008586465466407611
0.00085866000362168
0.0008586727601482573
0.0008586848174706582
0.0008586961784779853
0.0008587068454842537
0.0008587168177056208
0.0008587260972523237
0.0008587346850788807
0.0008587425806451638
0.0008587497858120222
0.0008587563014678776
0.0008587621264000973
0.0008587672636643965
0.0008587717149226582
0.000858775479208112
0.0008587785582220476
0.0008587809555495178
0.0008587826722527455
0.0008587837066391408
0.0008587840561333118
0.0008363179412804517
0.000744704483102672
0.000447621374555947
0.0001324664404074882
2.584436627272805e-05
4.595240618652476e-06
8.176829249220502e-07
1.485386542637737e-07
2.771662587409738e-08
5.334463651744595e-09
1.063571975945595e-09
8.569535307510392e-10
8.570081132438278e-10
8.570590313794593e-10
8.571101802520268e-10
8.571624965604274e-10
8.572148932911687e-10
8.572644136232599e-10
8.573150665229749e-10
8.573667625578763e-10
8.574149525646455e-10
8.574624076961315e-10
8.575126477401439e-10
8.575615990586379e-10
8.576078947524305e-10
8.576542322578529e-10
8.577014005971459e-10
8.577470700904507e-10
8.577916723284944e-10
8.578367968128957e-10
8.578813380315108e-10
8.579241784485907e-10
8.57967483855865e-10
8.580108565722097e-10
8.580519730400888e-10
8.580918936806817e-10
8.581332571221453e-10
8.581736559068456e-10
8.58211914070554e-10
1.065233095240845e-09
5.343152265915776e-09
2.776321127704403e-08
1.48795744302078e-07
8.191350192063645e-07
4.603600472463775e-06
2.589241824809184e-05
0.0001327176704948484
0.0004484855035916536
0.0007461658132730145
0.000837982129789532
0.0008551220450450925
0.0008579586503142263
0.0008584276135614341
0.0008585174983387534
0.0008585470303728236
0.0008585665329820918
0.0008585838715537397
0.0008586002678307087
0.000858615913579549
0.0008586308405894688
0.0008586450542012338
0.0008586585597596337
0.0008586713595439006
0.0008586834563645279
0.0008586948541183308
0.0008587055533499601
0.0008587155549110179
0.0008587248615883703
0.0008587334728268109
0.000858741389755145
0.0008587486145279215
0.000858755146552414
0.0008587609862439119
0.0008587661372594342
0.0008587705997700188
0.0008587743731365647
0.0008587774604059349
0.0008587798647667079
0.0008587815864055093
0.0008587826234789578
0.000858782973768863
0.0008479479651058754
0.0008064278239633039
0.0006263767016529789
0.0002738189965890033
6.547267061403539e-05
1.257199182999376e-05
2.345892655484087e-06
4.452766943071331e-07
8.695275621109525e-08
1.756070903018635e-08
3.684698991329329e-09
8.569827611644685e-10
8.570314210246937e-10
8.570799477338097e-10
8.571276090763031e-10
8.571752303396383e-10
8.572247356894228e-10
8.57273350055286e-10
8.573219645729625e-10
8.573707174947771e-10
8.574188200323517e-10
8.574651770548246e-10
8.57513533013505e-10
8.57562014606305e-10
8.576069653354554e-10
8.576529800365317e-10
8.577003195840121e-10
8.577446768343965e-10
8.577896545664476e-10
8.578350729631392e-10
8.578778700682332e-10
8.579214368835562e-10
8.579653613905015e-10
8.580070541429247e-10
8.580481480340612e-10
8.580902612229447e-10
8.581315430612792e-10
8.581706419795617e-10
8.582076247500476e-10
3.690216930354177e-09
1.758803770668434e-08
8.709256774378358e-08
4.460146592774523e-07
2.349887610223576e-06
1.25939484721356e-05
6.558966570527445e-05
0.000274318468930411
0.000627541169615642
0.0008079526563611906
0.000849574885877417
0.0008569932585306631
0.0008582487204336179
0.0008584705212758111
0.0008585224099097278
0.0008585462240934852
0.0008585649331045034
0.0008585822153382727
0.000858598660612875
0.0008586143652876862
0.0008586293463506226
0.0008586436100016198
0.0008586571609373445
0.0008586700013316513
0.0008586821362560048
0.0008586935682954388
0.0008587042978188121
0.0008587143277821458
0.0008587236596899043
0.0008587322929851238
0.0008587402307144796
0.0008587474736905295
0.0008587540210227042
0.0008587598753085261
0.0008587650393858999
0.0008587695122404044
0.0008587732944772356
0.0008587763899881325
0.0008587788011404673
0.0008587805274001698
0.0008587815669497676
0.0008587819179722512
0.0008532665203098858
0.0008364297001478394
0.0007520972235002149
0.0004815799162006022
0.0001626685338171599
3.596656043131913e-05
7.146456114041252e-06
1.422090045781072e-06
2.908103534357476e-07
6.161618632699347e-08
1.359693442635586e-08
3.140994769837071e-09
8.570538749801733e-10
8.570975332153548e-10
8.571440991020601e-10
8.571887342041731e-10
8.572336093440186e-10
8.572804329137544e-10
8.573286517166362e-10
8.573742647872306e-10
8.574212345164101e-10
8.574679465719568e-10
8.57514210918442e-10
8.575615705532443e-10
8.576065790475547e-10
8.576521906958532e-10
8.576984341828149e-10
8.577422862553511e-10
8.577876897605865e-10
8.578319439270965e-10
8.578744055164802e-10
8.579188754903096e-10
8.579614457178694e-10
8.58003085499865e-10
8.580459134795747e-10
8.580880177645982e-10
8.581284226489778e-10
8.581666263222766e-10
3.145306081171045e-09
1.36164205042317e-08
6.17079391830148e-08
2.912583860855577e-07
1.424350802857228e-06
7.15814508459356e-06
3.602695482373291e-05
0.0001629482293494605
0.0004824260931975169
0.0007534451974767489
0.0008379553330258223
0.0008548466789877011
0.0008578536962500463
0.0008583845698346578
0.0008584903357368769
0.000858523961540922
0.0008585449930144826
0.0008585633350467651
0.0008585806189824921
0.0008585971175170875
0.000858612876699574
0.0008586279082979965
0.0008586422186191732
0.0008586558108898388
0.0008586686898270937
0.0008586808604656322
0.0008586923237501059
0.0008587030821989975
0.0008587131388139368
0.0008587224937031089
0.0008587311481987164
0.0008587391056065819
0.0008587463650491552
0.0008587529270634843
0.0008587587956000346
0.0008587639716619519
0.000858768454079125
0.0008587722451074686
0.0008587753487384166
0.0008587777663250741
0.0008587794968567676
0.0008587805386738379
0.0008587808903681066
0.0008555371954685842
0.000849249679596597
0.0008162734102578379
0.0006752311065071582
0.0003539817816346197
0.0001030899353308441
2.280171144158727e-05
4.804885854650049e-06
1.030834936825513e-06
2.290892154119325e-07
5.311406681532762e-08
1.291689490977512e-08
3.313263655937591e-09
9.018284173889395e-10
8.571577563039384e-10
8.572005839541888e-10
8.572428562013201e-10
8.572867753766653e-10
8.573336997988125e-10
8.573775736866756e-10
8.574225876274183e-10
8.57469519043117e-10
8.575146210586871e-10
8.575604061243883e-10
8.576054964653461e-10
8.576506551877927e-10
8.576958709342819e-10
8.577399463296424e-10
8.577848780894017e-10
8.578278734147743e-10
8.5787117577573e-10
8.579153995372117e-10
8.57957218231983e-10
8.580003570432681e-10
8.580435680025232e-10
8.58084333634049e-10
9.028888301284765e-10
3.317403324675936e-09
1.293386330419266e-08
5.318694777394867e-08
2.294161632544917e-07
1.032359050194622e-06
4.812224535363106e-06
2.283758446355707e-05
0.0001032565815211293
0.0003545682168024992
0.0006763754563516825
0.0008176853008715833
0.0008507454301043226
0.0008570679331952379
0.0008582235976476222
0.0008584437346309181
0.0008584984052679973
0.0008585238053932369
0.0008585435809126973
0.0008585617804009383
0.0008585790947698691
0.0008585956445358844
0.0008586114534231542
0.000858626531602064
0.0008586408835977212
0.0008586545138098761
0.00085866742880435
0.0008586796315450742
0.0008586911235863747
0.0008587019093764578
0.0008587119899728722
0.0008587213660243029
0.0008587300408888555
0.0008587380160764779
0.000858745290453167
0.0008587518668457375
0.0008587577488201488
0.0008587629355976201
0.0008587674270530439
0.0008587712268273675
0.000858774338301936
0.0008587767618750934
0.0008587784963128129
0.0008587795401956737
0.0008587798925051028
