FiniteElementSpace
FiniteElementCollection: H1_2D_P1
VDim: 1
Ordering: 0

-0.003275181425843123
-0.0004459133065401922
-6.038974523531568e-05
-8.172971738985948e-06
-1.105621635230917e-06
-4.833407275048184e-07
-4.809952743499928e-07
-4.784602193807595e-07
-4.757942355172586e-07
-4.730398984300915e-07
-4.702306590391664e-07
-4.674367196846803e-07
-4.647649335080299e-07
-4.623160075157905e-07
-4.601480161705459e-07
-4.582784583507596e-07
-4.567154878167918e-07
-4.554867044763952e-07
-4.546438142621365e-07
-4.542415609620965e-07
-4.543040149990487e-07
-4.547918952898178e-07
-4.555827731213216e-07
-4.564748623516168e-07
-4.572239719023419e-07
-4.576148250175524e-07
-4.575482125321724e-07
-4.571014702709177e-07
-4.565119313135289e-07
-4.560633067312425e-07
-4.559231835247449e-07
-4.5604086529085e-07
-4.561933638635055e-07
-4.561453881526545e-07
-4.557552180525504e-07
-4.549074174611103e-07
-4.534232818905625e-07
-4.512640138850628e-07
-4.489927892007254e-07
-4.478136434631585e-07
-4.485857438907878e-07
-4.505347233525176e-07
-4.514598244133083e-07
-4.499362900952401e-07
-4.472519655053269e-07
-4.465723030277495e-07
-4.501103626938728e-07
-4.57200651222961e-07
-4.643304784306471e-07
-4.667462374065685e-07
-4.626927531276957e-07
-1.048397433852676e-06
-7.787759057067693e-06
-5.789916103814778e-05
-0.0004290350970628373
-0.0031558727255541
-0.02236029880877427
-0.1265414160950794
-0.3425213036491278
-0.4454536316969575
-0.464405621505608
-0.4671333575144088
-0.4675321920136259
-0.4676461903954493
-0.4677243722377886
-0.4677810675809552
-0.4678571468698848
-0.4679202679850381
-0.467917658351149
-0.4679027687769306
-0.4678970683669318
-0.4679196836419818
-0.4680232809812484
-0.4681131465795916
-0.4681592079876576
-0.4681751680010439
-0.4681457841234263
-0.468187307645305
-0.468211972225317
-0.4682520361483085
-0.4683026179077705
-0.4683008967441522
-0.4683821771836635
-0.4683927035427415
-0.4684762155331698
-0.468466876552741
-0.468492549677093
-0.4685194033322903
-0.4685538048961674
-0.4686024208629611
-0.4686246004584565
-0.4686581950513211
-0.4686768241458714
-0.4686794236980856
-0.4686581267249287
-0.4686172161014998
-0.4686000000001562
-0.003269159817434471
-0.00044509808780393
-6.028556509123454e-05
-8.158655805615751e-06
-1.103678101982528e-06
-4.825401642353439e-07
-4.802952671412958e-07
-4.77860792212958e-07
-4.752894428322859e-07
-4.726243549365863e-07
-4.699008617409583e-07
-4.671863012025638e-07
-4.645790881075105e-07
-4.621704124319629e-07
-4.600154246088526e-07
-4.581417678849073e-07
-4.565812771289072e-07
-4.55390288132878e-07
-4.546381957374178e-07
-4.543697475580163e-07
-4.54565415792064e-07
-4.551230740150718e-07
-4.558723769256656e-07
-4.566168932709745e-07
-4.571870128599666e-07
-4.574832009862889e-07
-4.574946111711119e-07
-4.572884948357412e-07
-4.569761220403287e-07
-4.566685913533324e-07
-4.564415279246919e-07
-4.563257270810888e-07
-4.563164397519084e-07
-4.56359708737052e-07
-4.562709371073092e-07
-4.556480034532234e-07
-4.540044477869216e-07
-4.512865794284768e-07
-4.484417267113203e-07
-4.471781681423567e-07
-4.484936842310051e-07
-4.511528137782931e-07
-4.522388915598254e-07
-4.500703762514992e-07
-4.465287576862415e-07
-4.457444355642705e-07
-4.502240223374493e-07
-4.584130706032206e-07
-4.655340868482084e-07
-4.667229653439028e-07
-4.61438774720198e-07
-1.04652303332275e-06
-7.784674262311486e-06
-5.790872609014094e-05
-0.0004291373193068805
-0.003156387403183635
-0.02236230817002345
-0.126548091036206
-0.3425336757295839
-0.4454686447222145
-0.4644234070349868
-0.4671510704049616
-0.4675460918846286
-0.4676571660418786
-0.467736164315454
-0.4677929393170556
-0.4678652106779691
-0.4679308556504617
-0.4679561023248121
-0.4679987798234397
-0.4680474185912558
-0.4680669122640056
-0.4680944638338578
-0.4680967866569321
-0.468126251213098
-0.4681900963768433
-0.4681904394564416
-0.4682077460413781
-0.4681858850688864
-0.4682101547513617
-0.468292638513446
-0.4683281308140439
-0.4684083316752253
-0.4683808990474011
-0.4684476765395307
-0.4684601820170766
-0.4685043544446487
-0.4685206536512936
-0.4685522292524068
-0.4685983316393382
-0.4686126508785355
-0.4686409248276124
-0.4686554819627802
-0.4686587974920621
-0.4686592394541484
-0.4686391238069248
-0.4686000000001562
-0.003495617381867212
-0.0004761212034731709
-6.488044290611875e-05
-8.780389452047252e-06
-1.195174575558848e-06
-4.797959564723187e-07
-4.780733368440117e-07
-4.760925443757961e-07
-4.739231771118218e-07
-4.716286757644263e-07
-4.692627175327564e-07
-4.668841852651776e-07
-4.645600467324132e-07
-4.623565278379612e-07
-4.603348435258084e-07
-4.585596509366938e-07
-4.571092841994741e-07
-4.560696557269897e-07
-4.55505104057201e-07
-4.554185762065455e-07
-4.557268978270662e-07
-4.562719474415393e-07
-4.568701701380858e-07
-4.573783210426881e-07
-4.577391553374049e-07
-4.579774015757013e-07
-4.581457102198365e-07
-4.582560135961582e-07
-4.582499928559837e-07
-4.580425482169225e-07
-4.576180109713928e-07
-4.571016615599242e-07
-4.567135514158091e-07
-4.56580918232491e-07
-4.565157659290546e-07
-4.559815705922099e-07
-4.5443406572399e-07
-4.519208850010155e-07
-4.494180963634977e-07
-4.48327342966839e-07
-4.492384472011171e-07
-4.510657916755311e-07
-4.51763831387549e-07
-4.503587574192989e-07
-4.483156604201547e-07
-4.485289891931016e-07
-4.526064429611854e-07
-4.589946839196202e-07
-4.638546033828926e-07
-4.643485224754613e-07
-4.618958976356316e-07
-1.150038776476811e-06
-8.488147986756991e-06
-6.293857077645973e-05
-0.0004625520306411314
-0.003397839724337216
-0.02385387534130247
-0.1329225496483189
-0.3481674253025069
-0.4468092163415478
-0.4646683136107408
-0.4672323573200188
-0.4676192457297458
-0.4677151616475166
-0.4677790989317979
-0.4678409017923829
-0.467898363931154
-0.4679400038571112
-0.4679667307462501
-0.4679874167434097
-0.4680076707810609
-0.4680464157679274
-0.4681046077905613
-0.4681584247852025
-0.4681912316765602
-0.4681851333920318
-0.468178192111046
-0.4681989433889402
-0.4682107437288973
-0.4682377454639083
-0.4682702642936223
-0.4683110168161251
-0.4683701185465698
-0.4683992383952073
-0.4684394211831559
-0.4684675388042332
-0.468483630632587
-0.4685034653430009
-0.4685317159040142
-0.4685570626047976
-0.4685801452201164
-0.4686028279046788
-0.4686211173715475
-0.4686365795795213
-0.4686313530460512
-0.4686017667674023
-0.4686000000001562
-0.003995378170445702
-0.0005513676956346932
-7.514421847900073e-05
-1.029519184001167e-05
-1.410162169002274e-06
-4.768855238292074e-07
-4.75692628928852e-07
-4.741787975728308e-07
-4.72440569456064e-07
-4.705529950084132e-07
-4.685719249372542e-07
-4.665414773231842e-07
-4.645031200351058e-07
-4.625060502507923e-07
-4.60619424222173e-07
-4.589414639757418e-07
-4.575934270990966e-07
-4.5669003831335e-07
-4.562916653862798e-07
-4.563610533031675e-07
-4.567547129196201e-07
-4.572664118913446e-07
-4.57711589050981e-07
-4.580098260256209e-07
-4.582118381537891e-07
-4.584405002234183e-07
-4.587706515820603e-07
-4.591256880549957e-07
-4.592806828153515e-07
-4.590033186734589e-07
-4.582568558150998e-07
-4.573050728885498e-07
-4.565806395526922e-07
-4.56343697732481e-07
-4.563680686005122e-07
-4.55975797943128e-07
-4.545416516158056e-07
-4.521584324754354e-07
-4.498432187185705e-07
-4.488847850486535e-07
-4.497054253992643e-07
-4.512892732656436e-07
-4.519633502306469e-07
-4.510561030023377e-07
-4.498505573560935e-07
-4.506283917616497e-07
-4.544095270169449e-07
-4.595556591370742e-07
-4.629826004178741e-07
-4.633289596585167e-07
-4.628459233885552e-07
-1.372948069634549e-06
-1.005643809671789e-05
-7.352619859530632e-05
-0.0005397568507093006
-0.003911434611462846
-0.02727621601382887
-0.1462041601058768
-0.3598796440670242
-0.4493123609310141
-0.4650796957605473
-0.4673466324093041
-0.4676905188585139
-0.4677752375930062
-0.4678321859245615
-0.4678869923844282
-0.4679344842541849
-0.4679737527003661
-0.4680096010567649
-0.4680436764386037
-0.4680749710005126
-0.4681049850070774
-0.4681406009862572
-0.4681792409787441
-0.4682003367781479
-0.4681994261102895
-0.4681919855184897
-0.4681927941273983
-0.4682088724134195
-0.4682284871122512
-0.4682615376278534
-0.4683093524521347
-0.4683463280582547
-0.4683807137542373
-0.4684143708545082
-0.4684441024467096
-0.4684618894605782
-0.4684745504718881
-0.4684926335085067
-0.4685114898301048
-0.468536192011609
-0.4685590243896309
-0.4685658335986385
-0.4685972775452115
-0.4686027577521266
-0.4685993853914709
-0.4686000000001562
-0.00494660862681773
-0.0006837900854942063
-9.437427836270104e-05
-1.301066301130909e-05
-1.804401788882459e-06
-4.743927012224694e-07
-4.736056384069052e-07
-4.724725723213605e-07
-4.711033729803229e-07
-4.695724051587971e-07
-4.679281498918322e-07
-4.661989630388747e-07
-4.64407912468947e-07
-4.625933492532422e-07
-4.608295173286538e-07
-4.592356026597561e-07
-4.579597207271915e-07
-4.571338343733697e-07
-4.568130205277856e-07
-4.56930777949299e-07
-4.573044041060953e-07
-4.577043642841489e-07
-4.579629941022639e-07
-4.58062219807369e-07
-4.581358553743763e-07
-4.583622743335667e-07
-4.587992999326452e-07
-4.592733128556348e-07
-4.594303689614318e-07
-4.589607515177577e-07
-4.578661788591514e-07
-4.565540757367745e-07
-4.556136325196733e-07
-4.553645378717324e-07
-4.555097205727825e-07
-4.552505786167057e-07
-4.539137585460506e-07
-4.51654178487552e-07
-4.495705611088986e-07
-4.489374584857888e-07
-4.500687070463835e-07
-4.518687467738455e-07
-4.52710103287064e-07
-4.520376569450477e-07
-4.511569942227551e-07
-4.521639052277674e-07
-4.557787774822017e-07
-4.602867640963509e-07
-4.630555865955832e-07
-4.634478846746922e-07
-4.638860985180578e-07
-1.771121906392471e-06
-1.280192711801778e-05
-9.295573685669194e-05
-0.0006736605242259584
-0.004872601863686528
-0.03318164683006075
-0.1673804077753216
-0.3754131157542789
-0.4524724053637149
-0.4655858670308626
-0.4674664952220916
-0.4677530957020653
-0.4678282465107242
-0.4678825699867866
-0.4679331149331066
-0.4679742303348875
-0.4680074676888841
-0.4680400687392998
-0.4680738346602145
-0.4681052076705304
-0.4681354364446409
-0.4681677689432449
-0.4681950777985416
-0.4682057605008262
-0.468200153556263
-0.468193365605515
-0.4681965095895702
-0.4682058900341262
-0.468223460555779
-0.4682524873219325
-0.468285413142302
-0.4683165288606303
-0.4683459816541924
-0.4683786698084638
-0.4684062795727085
-0.4684220974957363
-0.4684342490226909
-0.468443441572504
-0.4684495641825141
-0.468484485779038
-0.4685187226831478
-0.4685248547759733
-0.4685627319144001
-0.4685741557953327
-0.4685919897635222
-0.4686000000001562
-0.006515155479521664
-0.0009200604783371782
-0.0001286226106692834
-1.795448032871539e-05
-2.505702658909379e-06
-4.726209652993681e-07
-4.72064249108418e-07
-4.711798024425989e-07
-4.700645543321346e-07
-4.687886481575028e-07
-4.673923134354453e-07
-4.658935040829162e-07
-4.643053596260018e-07
-4.626597459692447e-07
-4.610302671641002e-07
-4.595407062478065e-07
-4.583447785089097e-07
-4.5757431884695e-07
-4.572738457229321e-07
-4.573581888848614e-07
-4.576291343563579e-07
-4.578614293098117e-07
-4.579223264583847e-07
-4.578528611756187e-07
-4.578425417045606e-07
-4.580848816194309e-07
-4.585907506387947e-07
-4.590938701155099e-07
-4.591570911975738e-07
-4.584591516601725e-07
-4.570829049691444e-07
-4.555616060604778e-07
-4.54563356657499e-07
-4.543770362351964e-07
-4.54595076812651e-07
-4.543412828340482e-07
-4.529957291757765e-07
-4.508748239134631e-07
-4.491976697330376e-07
-4.491704948155247e-07
-4.508600261282298e-07
-4.529364374298373e-07
-4.537628080582344e-07
-4.530142946070066e-07
-4.522299935850086e-07
-4.534692644809256e-07
-4.571573423342646e-07
-4.613869388253718e-07
-4.63755542088098e-07
-4.640631700133848e-07
-4.648223626716687e-07
-2.472396364321928e-06
-1.775027397980284e-05
-0.0001272618849637522
-0.0009105074547028616
-0.006446433325349316
-0.04280954202479043
-0.1967978295254397
-0.3931614485147711
-0.4557990695497657
-0.4661186146343029
-0.467591759173656
-0.4678179349535869
-0.4678851125196718
-0.4679392151739576
-0.4679870420624295
-0.4680214938927709
-0.4680468003389735
-0.468072406585137
-0.4681009035170162
-0.4681300061330718
-0.4681600790776891
-0.4681900980435273
-0.4682110933635816
-0.4682151479081861
-0.4682091803972885
-0.4682067368646329
-0.4682104994897932
-0.4682174018815791
-0.4682290145551414
-0.4682462140015017
-0.468264658793409
-0.468284973523694
-0.4683136284251517
-0.4683441671544663
-0.4683670604014651
-0.4683837993348723
-0.4683984202980149
-0.4684049798851756
-0.4684010090513829
-0.4684383361915078
-0.4684775453757904
-0.4684976143191039
-0.4685372315425321
-0.4685577509380959
-0.4685815133728463
-0.4686000000001562
-0.009231655767852466
-0.001326589346571588
-0.0001879015544089509
-2.672269341901995e-05
-3.799190143478463e-06
-5.43357825960595e-07
-4.711217801044728e-07
-4.703500941659769e-07
-4.693660238191173e-07
-4.682352667386751e-07
-4.669925763719496e-07
-4.656561681336429e-07
-4.642418628271903e-07
-4.627818187530599e-07
-4.613437266289237e-07
-4.600377221065431e-07
-4.589975341932042e-07
-4.583319730926922e-07
-4.580651327664402e-07
-4.581015642329519e-07
-4.582513311092005e-07
-4.583215170864149e-07
-4.582312811738818e-07
-4.580748886817227e-07
-4.580681263735181e-07
-4.583812133275623e-07
-4.589552440250266e-07
-4.594449501784162e-07
-4.593807203172874e-07
-4.584900246717301e-07
-4.569626111165176e-07
-4.554174782014825e-07
-4.545063242248028e-07
-4.543933240065998e-07
-4.545379769597288e-07
-4.540665277001236e-07
-4.525533541173655e-07
-4.505808068580084e-07
-4.494681641361347e-07
-4.502017722593607e-07
-4.524182916114827e-07
-4.544875163636445e-07
-4.548904935993639e-07
-4.537719492266136e-07
-4.530655303835238e-07
-4.547487068959232e-07
-4.587542268504976e-07
-4.628023286406777e-07
-4.646756785693929e-07
-4.646755929315586e-07
-5.363679061127974e-07
-3.760062711474677e-06
-2.649142577083876e-05
-0.0001864078598657893
-0.00131632818539248
-0.009159559203602848
-0.05824539342985102
-0.2361240078602032
-0.4112235521816912
-0.4590728351232189
-0.4666566073992801
-0.4677314288582675
-0.4679003297766196
-0.4679597561222585
-0.46801160413464
-0.4680538683089951
-0.4680804485945444
-0.4680987410781187
-0.4681191133553479
-0.4681439173387884
-0.4681709915003741
-0.4681993899773482
-0.46822529302951
-0.4682404780234197
-0.4682431902782521
-0.4682425646489973
-0.4682452652563652
-0.4682482029728127
-0.4682496410300971
-0.4682535146854327
-0.4682581271660806
-0.4682605537459787
-0.4682719616709906
-0.4682998895021305
-0.4683285220532543
-0.4683453091473543
-0.4683583655578237
-0.4683777495283437
-0.4683863220226763
-0.4683797237695777
-0.4684127939339612
-0.4684531345499203
-0.4684766038413988
-0.46852086458029
-0.4685468834186983
-0.4685764231164815
-0.4686000000001562
-0.01403570221467717
-0.002060402919272781
-0.0002976742056586844
-4.286746638173149e-05
-6.208268917802742e-06
-9.100575480396277e-07
-4.706390606644822e-07
-4.698782210014755e-07
-4.68946180662054e-07
-4.678833799579886e-07
-4.667233191326437e-07
-4.654980696134441e-07
-4.642418624647268e-07
-4.629978077760397e-07
-4.618263168636444e-07
-4.608082450418608e-07
-4.600319064199334e-07
-4.595583200716654e-07
-4.593786564320219e-07
-4.593933709712724e-07
-4.594430363367607e-07
-4.59393291035977e-07
-4.592294623745007e-07
-4.590901829853944e-07
-4.591869742887076e-07
-4.596312423668732e-07
-4.602782953666789e-07
-4.607245655858169e-07
-4.605200296840442e-07
-4.594927733204434e-07
-4.579493706265553e-07
-4.565404039736405e-07
-4.558049903396614e-07
-4.557069976788037e-07
-4.55581926049644e-07
-4.546636050921115e-07
-4.528556186273865e-07
-4.510614671921804e-07
-4.506089215079798e-07
-4.52074992440029e-07
-4.545331021776907e-07
-4.561189051259575e-07
-4.55688475204831e-07
-4.54113234532118e-07
-4.537504787083467e-07
-4.562459148635268e-07
-4.607106309736819e-07
-4.643649203357468e-07
-4.653713080979229e-07
-4.648499217404879e-07
-9.000163069080421e-07
-6.154727362415081e-06
-4.256275828468005e-05
-0.0002957485416594604
-0.002047479079572439
-0.01394812022791441
-0.08273646165107613
-0.2816009449339618
-0.4279966194676978
-0.4619156676504978
-0.4671411295386154
-0.4678821361767573
-0.4680020471753453
-0.4680522584177602
-0.4680964748485641
-0.4681290058315012
-0.4681484279274375
-0.4681648035568449
-0.4681857412109157
-0.4682099071363051
-0.4682344683272914
-0.4682588444802754
-0.4682792368381573
-0.4682902601351154
-0.4682947161610472
-0.4683003540978771
-0.4683057814406986
-0.4683039723553548
-0.4682985136608867
-0.4682966611604273
-0.4682915446138312
-0.4682782332756608
-0.4682765311155602
-0.468301711807214
-0.4683330359677342
-0.4683490124973103
-0.4683581480249513
-0.4683749857858929
-0.4683815144408804
-0.4683710259261086
-0.4683983081889001
-0.468436362837914
-0.4684599718872003
-0.4685067263713406
-0.4685355823242173
-0.468570099173114
-0.4686000000001562
-0.02251815826501389
-0.003421212511982537
-0.0005047077195965997
-7.40610410755642e-05
-1.099330839219436e-05
-1.641531229662964e-06
-4.703369387682689e-07
-4.695907242897713e-07
-4.686978204035884e-07
-4.676698576230035e-07
-4.665483115984959e-07
-4.653906721810699e-07
-4.642641489656552e-07
-4.632363181642224e-07
-4.623651552582366e-07
-4.61693868568767e-07
-4.612457687865659e-07
-4.610124312406993e-07
-4.609398536236871e-07
-4.609287912866836e-07
-4.608694001668598e-07
-4.607080249473397e-07
-4.605065628308398e-07
-4.604373593948777e-07
-4.606795598289218e-07
-4.612574442985306e-07
-4.619338401158827e-07
-4.62273510742287e-07
-4.618951736144254e-07
-4.607670664352003e-07
-4.593081647631899e-07
-4.58143232311342e-07
-4.576205928077825e-07
-4.574639726995819e-07
-4.569263988514805e-07
-4.554542791046243e-07
-4.533657854545127e-07
-4.518599812504221e-07
-4.521237610627023e-07
-4.541595799117945e-07
-4.564617946487627e-07
-4.571420052470072e-07
-4.557460485514509e-07
-4.5402827810496e-07
-4.54581610838885e-07
-4.582854338180666e-07
-4.631019484876913e-07
-4.658353100328997e-07
-4.65505492031504e-07
-4.645417128020439e-07
-1.625029176194169e-06
-1.0911010671515e-05
-7.361625068718662e-05
-0.0005019696323496924
-0.003403163661430844
-0.02240134467146634
-0.1206080409401378
-0.3309146546786226
-0.441779176110719
-0.464168074249475
-0.4675419383522011
-0.4680243523139332
-0.4681068896610581
-0.4681465105175693
-0.4681791807001466
-0.4682009787843169
-0.4682169498700324
-0.4682371358029476
-0.4682622800255205
-0.468285991970499
-0.4683069512943436
-0.468327903256039
-0.4683455188214705
-0.4683543842739663
-0.468358818951726
-0.468365647347173
-0.4683687966020685
-0.468359799345206
-0.468347166234534
-0.4683409602516563
-0.4683289463236917
-0.4683015886306481
-0.4682850371668085
-0.4683047286776995
-0.468340357301766
-0.4683610689316761
-0.4683690369812904
-0.4683800234362082
-0.4683804450166136
-0.4683642305649995
-0.4683866063167612
-0.4684203111048933
-0.4684419979638905
-0.4684893685533209
-0.468522017131999
-0.4685625102319842
-0.4686000000001562
-0.03802665754449028
-0.006061872887660528
-0.0009152679935107033
-0.0001377485488112112
-2.095779419486274e-05
-3.207446544689048e-06
-4.968246640525015e-07
-4.693746362904249e-07
-4.685381560968796e-07
-4.675366349223853e-07
-4.664270812483113e-07
-4.652907090590854e-07
-4.642367381666597e-07
-4.633704631267984e-07
-4.627583038971401e-07
-4.624073083610968e-07
-4.62266155785528e-07
-4.622422168336409e-07
-4.622261320147334e-07
-4.621207308648244e-07
-4.618787936935539e-07
-4.615425189895559e-07
-4.612561008972956e-07
-4.612158801114694e-07
-4.615489247016e-07
-4.621780487714823e-07
-4.627802613279902e-07
-4.629200132501849e-07
-4.62325140787753e-07
-4.611249202992789e-07
-4.598309336043457e-07
-4.589888018971372e-07
-4.587079065157074e-07
-4.584742688350164e-07
-4.575224287584484e-07
-4.55588611214547e-07
-4.534131293184738e-07
-4.523826610383561e-07
-4.533768365500635e-07
-4.557466096441343e-07
-4.575448982906941e-07
-4.571728092414655e-07
-4.551225332608524e-07
-4.539641147950084e-07
-4.560927813260231e-07
-4.611194701644797e-07
-4.65741859569763e-07
-4.668014952765859e-07
-4.647921355277902e-07
-4.905915387302195e-07
-3.177726915001884e-06
-2.082299970940342e-05
-0.0001370675136423094
-0.0009112234009558353
-0.006035662452348569
-0.03786515478739996
-0.1749380500003758
-0.3758619028021102
-0.4519520356543692
-0.4657864117440921
-0.4678435995082738
-0.4681390572076003
-0.4681944705414455
-0.4682246445523665
-0.4682472839688884
-0.468262235105958
-0.4682789557906222
-0.468304142463225
-0.4683311563055232
-0.4683519602762153
-0.4683707518504318
-0.4683936981892392
-0.468413146773793
-0.4684183237097253
-0.4684151675580031
-0.468415774513501
-0.4684146842081401
-0.4683996882774545
-0.4683782056992607
-0.4683631544470624
-0.4683439113527525
-0.4683097987676025
-0.4682867931009492
-0.4683023688598588
-0.4683367654188135
-0.4683570662813702
-0.4683636085279294
-0.4683725555799084
-0.4683706997513368
-0.4683513897128814
-0.4683694492813592
-0.4683993404642718
-0.4684196793378273
-0.4684692120928787
-0.4685068996122996
-0.4685544064388874
-0.4686000000001562
-0.06613470310207949
-0.01135567937963055
-0.00177428909942472
-0.0002741010713201558
-4.275204303036167e-05
-6.747648133478071e-06
-1.071376687492437e-06
-4.692397367979931e-07
-4.684436097033422e-07
-4.674846228641281e-07
-4.663819541557842e-07
-4.652346460885748e-07
-4.641923357094073e-07
-4.634074195674014e-07
-4.629701547403586e-07
-4.628629520314232e-07
-4.62961830028755e-07
-4.630839499776214e-07
-4.630572935721948e-07
-4.627843497384038e-07
-4.622834737335425e-07
-4.616961384887522e-07
-4.612470761417286e-07
-4.61148798911843e-07
-4.61469365279254e-07
-4.620348343614719e-07
-4.624586584062549e-07
-4.623381513717922e-07
-4.615347687193847e-07
-4.603339140662436e-07
-4.593019918677945e-07
-4.588591767361069e-07
-4.588615275052356e-07
-4.585982721970639e-07
-4.573563407737583e-07
-4.55191861827985e-07
-4.531939321594806e-07
-4.527778662112711e-07
-4.543927541637096e-07
-4.56799140775563e-07
-4.578856842386293e-07
-4.566601312478845e-07
-4.546210920484518e-07
-4.547929358349782e-07
-4.587842272209003e-07
-4.646106974211957e-07
-4.680013895998855e-07
-4.667280856196562e-07
-4.632122629141389e-07
-1.058030644221922e-06
-6.691271177856763e-06
-4.25255333274051e-05
-0.0002730448792759854
-0.001768259100902634
-0.01131757187425277
-0.06591443123876013
-0.2442565515083669
-0.4115856287165174
-0.4589101794010572
-0.4668656986108689
-0.4680478834355503
-0.4682186054649131
-0.4682563252288882
-0.4682815571148126
-0.4683005388490966
-0.4683142761605273
-0.4683324192361052
-0.4683581367446089
-0.4683822671294736
-0.468400182660433
-0.4684215445922764
-0.468450862061292
-0.4684711397446643
-0.468466046643104
-0.4684479483681314
-0.4684394973718857
-0.4684361791011477
-0.4684169547187141
-0.4683839625509115
-0.4683558658191828
-0.4683305931731188
-0.4682976254147705
-0.4682757407974758
-0.4682878096854611
-0.4683168203046426
-0.4683348428554049
-0.4683429151018755
-0.4683536699560026
-0.4683509959426587
-0.4683290344444332
-0.4683454072400683
-0.4683760125428197
-0.4683989358792435
-0.4684519128896382
-0.4684941726426839
-0.4685476482398141
-0.4686000000001562
-0.1149936519545335
-0.02246833849488034
-0.003672589898167143
-0.0005834826607889718
-9.332689678860816e-05
-1.519201585264414e-05
-2.487805397134347e-06
-4.691452939691332e-07
-4.684813720486995e-07
-4.676032822584096e-07
-4.665459852531467e-07
-4.654045848220117e-07
-4.64351818797915e-07
-4.635931444011313e-07
-4.632620993509609e-07
-4.633375986321961e-07
-4.636362521612366e-07
-4.638887464804836e-07
-4.638581039595619e-07
-4.634408411321879e-07
-4.627114748891937e-07
-4.618970312095988e-07
-4.61287412410884e-07
-4.611012245473876e-07
-4.613516099598334e-07
-4.617905816324989e-07
-4.620033948952392e-07
-4.616505501468581e-07
-4.607305811093692e-07
-4.596517054404171e-07
-4.589810808807466e-07
-4.589781287431056e-07
-4.592656260455499e-07
-4.59007838319315e-07
-4.576087095266149e-07
-4.554221252883553e-07
-4.537522905466541e-07
-4.538832992262108e-07
-4.558078922615191e-07
-4.579047847112095e-07
-4.582422494129825e-07
-4.56621593890226e-07
-4.553111796785992e-07
-4.571855882593004e-07
-4.625487815395171e-07
-4.679559215297899e-07
-4.690242070306302e-07
-4.653127082722219e-07
-4.621365343772596e-07
-2.459194627617732e-06
-1.508535132748257e-05
-9.294439458509575e-05
-0.0005818321478295171
-0.003663497566977611
-0.02241255988855631
-0.1147046433575001
-0.3175765111638699
-0.4368106407587761
-0.46324853166717
-0.4675425663256272
-0.4681797269148853
-0.4682714651568757
-0.4682980255801177
-0.4683241235260872
-0.4683463280392783
-0.4683613066516585
-0.4683767807308428
-0.4683976083990152
-0.4684187546100255
-0.4684384748730123
-0.4684644441119301
-0.4684947608848138
-0.4685074921798632
-0.4684886973806799
-0.4684584469277921
-0.4684435995425398
-0.4684358765315657
-0.4684088025233263
-0.4683656762536009
-0.4683311338497918
-0.468304912839189
-0.4682717220504116
-0.4682467119997509
-0.468255707571603
-0.4682862478183337
-0.4683091006498816
-0.4683199552636896
-0.468330158572197
-0.4683274349140846
-0.4683086264501176
-0.4683290912446281
-0.4683614136013768
-0.4683841386839788
-0.4684381056420809
-0.4684836163387903
-0.4685422176860833
-0.4686000000001562
-0.190442452400791
-0.04591743474060018
-0.007994105714998969
-0.001319962513060623
-0.0002180123553659159
-3.638254140206624e-05
-6.182748468595281e-06
-1.070125589732464e-06
-4.687443537294624e-07
-4.6800234897509e-07
-4.670897537505883e-07
-4.660170322052122e-07
-4.649665606403426e-07
-4.642010588097295e-07
-4.639233089476776e-07
-4.641367524556659e-07
-4.646188436486157e-07
-4.650272516829554e-07
-4.650688304804258e-07
-4.646334463536261e-07
-4.638345434178675e-07
-4.629521506613531e-07
-4.623063480406145e-07
-4.621023719083136e-07
-4.623064934914384e-07
-4.626299696857996e-07
-4.626708800435597e-07
-4.621751659621446e-07
-4.612608815038451e-07
-4.604039156728622e-07
-4.601127184464147e-07
-4.604713774855197e-07
-4.609266470025615e-07
-4.606152200590073e-07
-4.591100852034608e-07
-4.569948334120581e-07
-4.556229355674092e-07
-4.560263033449359e-07
-4.578299270133752e-07
-4.59341417894377e-07
-4.591087965660474e-07
-4.576753297209623e-07
-4.575545578588554e-07
-4.60815239076683e-07
-4.663226675887633e-07
-4.698746921447988e-07
-4.683049177075283e-07
-4.631933575846922e-07
-1.055333629572408e-06
-6.124236173759432e-06
-3.618893911711484e-05
-0.000217372206626814
-0.001317359961552452
-0.007980119830312847
-0.04583472840631068
-0.1900854891106528
-0.3804802324965983
-0.4521046889590684
-0.4657870564221486
-0.4679498294567089
-0.4682674069283171
-0.4683081025899793
-0.4683281661777377
-0.4683601916393198
-0.4683887999975101
-0.4684020673886408
-0.4684091393371019
-0.4684243692197987
-0.4684481734347477
-0.4684729038934826
-0.4684962633057588
-0.4685150458516938
-0.4685161512534497
-0.4684926849769344
-0.4684605739531508
-0.4684375220590035
-0.4684147553142818
-0.4683757701412798
-0.4683310875699946
-0.4683000664852779
-0.468272772433069
-0.4682342850999268
-0.4682085699747781
-0.4682246172540429
-0.4682618678734648
-0.4682842134911427
-0.4682925474584475
-0.4683054603832691
-0.4683101896204848
-0.4682952176846905
-0.4683139559178212
-0.4683452075278747
-0.4683686391156617
-0.4684234696599509
-0.4684706713647744
-0.4685331592538544
-0.4686000000001562
-0.2822728023855584
-0.09303695804407436
-0.01837404789763114
-0.003168589320424671
-0.0005414806980682007
-9.324553813002572e-05
-1.644501239354932e-05
-2.935918717185971e-06
-5.404755999070908e-07
-4.687090998615431e-07
-4.680311418487206e-07
-4.670849983691201e-07
-4.660161047607437e-07
-4.651668815211652e-07
-4.648451714396525e-07
-4.651009146199584e-07
-4.656824526213273e-07
-4.661921634959312e-07
-4.663112210105234e-07
-4.659447516579849e-07
-4.652335697179239e-07
-4.644648450492062e-07
-4.639348147213407e-07
-4.63805008532037e-07
-4.640024068608419e-07
-4.642328204714736e-07
-4.641438996881878e-07
-4.635763225569899e-07
-4.627341772147076e-07
-4.620979464519571e-07
-4.620682688762502e-07
-4.625697217398986e-07
-4.629679059355612e-07
-4.624900772574786e-07
-4.609165390944652e-07
-4.589556857368945e-07
-4.578276539087914e-07
-4.582341249283724e-07
-4.596035186460634e-07
-4.605080226659842e-07
-4.601439828143658e-07
-4.594912908628624e-07
-4.606338756620433e-07
-4.643888001787852e-07
-4.686020143622436e-07
-4.695919109364176e-07
-4.661374543586566e-07
-5.333629133003776e-07
-2.904323474304503e-06
-1.633481672503086e-05
-9.29126139080149e-05
-0.0005404310458635109
-0.003164345557628615
-0.0183510847937926
-0.0929130030413762
-0.2818683718374811
-0.4233837842981663
-0.4606367330339974
-0.4671592728838635
-0.4681895878673207
-0.468327137191047
-0.4683351822362563
-0.4683540338660124
-0.4683946797900367
-0.4684265487773633
-0.4684315892779889
-0.4684281705774246
-0.4684425701921593
-0.4684726898164427
-0.4684966568780204
-0.4685064794587374
-0.4685109321851824
-0.4685102113437394
-0.4684926120611633
-0.4684574042703107
-0.4684177075680243
-0.4683785263178827
-0.4683355684275384
-0.4682934930108221
-0.4682602245276766
-0.468229978786591
-0.4681985490688296
-0.4681872281664263
-0.468208572137881
-0.4682384714446876
-0.4682575413124359
-0.4682707801150006
-0.468288483272384
-0.4682887429025528
-0.4682729718457421
-0.4682971658944763
-0.4683266638571107
-0.4683452866902914
-0.4683966095745232
-0.4684476947213231
-0.4685220717261797
-0.4686000000001562
-0.3660205123127807
-0.1752197750784545
-0.04291834449575409
-0.007988932774775828
-0.001420011303519171
-0.0002541373464564407
-4.623813660720007e-05
-8.567071445060235e-06
-1.63705154704194e-06
-4.694876148217277e-07
-4.691809933084148e-07
-4.683520067922892e-07
-4.67154571523162e-07
-4.660767560700983e-07
-4.655797168012788e-07
-4.657438415097079e-07
-4.662450407613042e-07
-4.666367154285159e-07
-4.666419493089516e-07
-4.662497919074987e-07
-4.656361600906332e-07
-4.650416032327137e-07
-4.646741998408275e-07
-4.646236682464666e-07
-4.647924587236959e-07
-4.649138149722271e-07
-4.647066912200381e-07
-4.640987822907152e-07
-4.633401670154563e-07
-4.628608817663282e-07
-4.629230617381552e-07
-4.633295078149816e-07
-4.634784856733879e-07
-4.628144867651401e-07
-4.613542141434095e-07
-4.598011143342136e-07
-4.590385293991214e-07
-4.593671326014699e-07
-4.602157064138758e-07
-4.607386817845692e-07
-4.608306906346549e-07
-4.614535845258594e-07
-4.636127486990866e-07
-4.667913522592607e-07
-4.687053937540556e-07
-4.674924355953115e-07
-4.644108046751482e-07
-1.620107503187235e-06
-8.506145096392864e-06
-4.605166174448778e-05
-0.000253605521575077
-0.001418315212730114
-0.00798152835119747
-0.04287800183328309
-0.1750379198400678
-0.3656012728893703
-0.4477076889540691
-0.4649457260938273
-0.4678739599081287
-0.4683305668062858
-0.4683716115758186
-0.4683647259117787
-0.468388189848541
-0.4684328438176992
-0.468458214741556
-0.4684517911576859
-0.4684443756272215
-0.4684628909916988
-0.4684922133436892
-0.4685037502563434
-0.4685010787360102
-0.4685061343470958
-0.4685122104884952
-0.4684907336714063
-0.4684414937625349
-0.4683937443550014
-0.4683583287497322
-0.4683147639130416
-0.4682595204909073
-0.4682217354293736
-0.4682049280310149
-0.4681921089639994
-0.4681810377468879
-0.4681899505480452
-0.46822413583872
-0.4682442353301972
-0.4682511099757444
-0.4682588448043449
-0.4682680072423161
-0.4682613775479002
-0.468277769407744
-0.4682966049915307
-0.4683131673734978
-0.4683697992753024
-0.4684208718043895
-0.4685087241065176
-0.4686000000001562
-0.4212707747283101
-0.2821455584401058
-0.0981465550692152
-0.02103476820195417
-0.003922792564183508
-0.0007272093675638628
-0.0001374082554926571
-2.658611118363559e-05
-5.272430964748415e-06
-1.072103713500762e-06
-4.703139769908699e-07
-4.695631123988163e-07
-4.680453573438425e-07
-4.666106329977729e-07
-4.659675833334284e-07
-4.660914807291477e-07
-4.664120433327683e-07
-4.664077785247146e-07
-4.659868480940538e-07
-4.653652760666239e-07
-4.647674669698973e-07
-4.643057666004405e-07
-4.640357008723626e-07
-4.63981632847509e-07
-4.640645567023958e-07
-4.640696884258214e-07
-4.63777440893781e-07
-4.631776413255737e-07
-4.625431577571491e-07
-4.622311535539311e-07
-4.623462764962178e-07
-4.625810852670769e-07
-4.624393795742289e-07
-4.6169559385215e-07
-4.606559625433867e-07
-4.599090766721087e-07
-4.597641191743345e-07
-4.599779659337222e-07
-4.601451455175486e-07
-4.603692499786403e-07
-4.613643146976884e-07
-4.636249921124552e-07
-4.664808478087234e-07
-4.681553059539944e-07
-4.673411011126699e-07
-4.648578333316202e-07
-1.059989601343918e-06
-5.232805365397549e-06
-2.647323382196181e-05
-0.0001371153536858615
-0.0007264289405967345
-0.003920004402330782
-0.02102044618823551
-0.09807238130331253
-0.2819064025066292
-0.4208806545582656
-0.4596706434481823
-0.4670081825912711
-0.4682446302388356
-0.4684219338594567
-0.4684237806535428
-0.4684188145899378
-0.4684412745366356
-0.4684746170021291
-0.4684883339356795
-0.4684809846951385
-0.4684807905067911
-0.4684986977924038
-0.4685106885855578
-0.4685041184894527
-0.4685028012636326
-0.4685185366710006
-0.468525529731404
-0.468497963498216
-0.4684453687139246
-0.4684066779616884
-0.4683710883304576
-0.4683080302471838
-0.4682553171607446
-0.4682256092822947
-0.4682204888579587
-0.4682050257678135
-0.4681811611110903
-0.4682153275523634
-0.4682282170037009
-0.4682307932866777
-0.4682288499267557
-0.4682571262428047
-0.4682718675245518
-0.4682498708173979
-0.4682639994626419
-0.4682916461192363
-0.4682857574993081
-0.4683371083179219
-0.4684151964458294
-0.4684882051718964
-0.4686000000001562
-0.4493117272695131
-0.3763836832064945
-0.1972680509905302
-0.05499952667097631
-0.0113331961181869
-0.002208381432055029
-0.0004314137496221543
-8.665237301240401e-05
-1.783513300706079e-05
-3.788316485658348e-06
-8.352937901177018e-07
-4.707573986863041e-07
-4.685080657002129e-07
-4.667043935312366e-07
-4.663621428042373e-07
-4.670348372262105e-07
-4.673693143292616e-07
-4.667629640536769e-07
-4.656781557627705e-07
-4.647969484539051e-07
-4.643097321197186e-07
-4.640123834517315e-07
-4.637623760384562e-07
-4.636240930508205e-07
-4.636319000985667e-07
-4.636025695745523e-07
-4.632939305880605e-07
-4.627269725282108e-07
-4.622593231142874e-07
-4.622521291522874e-07
-4.626354903908615e-07
-4.628686588606277e-07
-4.624602429376759e-07
-4.615879289681725e-07
-4.610603685086817e-07
-4.614264362673731e-07
-4.62129358593582e-07
-4.619426315567062e-07
-4.60621418816979e-07
-4.598800516321721e-07
-4.619258325663173e-07
-4.665679205570391e-07
-4.702472685107483e-07
-4.696826548393946e-07
-4.653491509568597e-07
-8.205563261822509e-07
-3.742863264973403e-06
-1.772288030212717e-05
-8.63969630895843e-05
-0.0004308721410267364
-0.002207226362114578
-0.01132884901105287
-0.05497156681190682
-0.1971410229667644
-0.3761179837743002
-0.4489978596691552
-0.4650820291124813
-0.4679679731503925
-0.4684336280278116
-0.4685002683045756
-0.4685134147863239
-0.4684990583740388
-0.4684880852861442
-0.4685165585220563
-0.4685414726727182
-0.468533432502364
-0.4685419416459258
-0.4685549627630816
-0.4685280400279506
-0.4685034353969762
-0.4684825991032029
-0.4684717275501393
-0.4685237870991029
-0.4685513664228104
-0.4685297106003522
-0.4684735439109013
-0.4683685230930741
-0.4683352227053512
-0.4682918239862557
-0.4682733663510247
-0.4682724880890108
-0.4682216986243904
-0.468254645938208
-0.4682211267123244
-0.4682706618807915
-0.4682399365206409
-0.4682528504580883
-0.4682667218131376
-0.4682792768077827
-0.4682941372328409
-0.4682763770020428
-0.4682780136460444
-0.4682909077270987
-0.4683292205354263
-0.4683908425572997
-0.4684733774518653
-0.4686000000001562
