FiniteElementSpace
FiniteElementCollection: H1_3D_P1
VDim: 1
Ordering: 0

-0.1298201364231493
-0.02314173200635466
-0.003277735564636853
-0.0004472137141363392
-6.071111762132233e-05
-8.237819006904968e-06
-1.117972770937792e-06
-4.686e-07
-4.686e-07
-4.686e-07
-4.686e-07
-4.686e-07
-4.686e-07
-4.686e-07
-4.686e-07
-4.686e-07
-4.686e-07
-4.686e-07
-4.686e-07
-4.686e-07
-4.686e-07
-4.686e-07
-4.686e-07
-4.686e-07
-4.686e-07
-4.686e-07
-4.686e-07
-4.686e-07
-4.686e-07
-4.686e-07
-4.686e-07
-4.686e-07
-4.686e-07
-4.686e-07
-4.686e-07
-4.686e-07
-4.686e-07
-4.686e-07
-4.686e-07
-4.686e-07
-4.686e-07
-4.686e-07
-4.686e-07
-1.117972770937792e-06
-8.237819006904968e-06
-6.071111762132233e-05
-0.0004472137141363392
-0.003277735564636853
-0.02314173200635466
-0.1298201364231493
-0.3461528199526819
-0.4471613147378684
-0.4655749684143204
-0.468187783893547
-0.4685441037712043
-0.4685924260809461
-0.468598973900608
-0.4685998609966842
-0.4685999811706647
-0.4685999974495223
-0.4685999996545486
-0.4685999999532122
-0.4685999999936634
-0.4685999999991418
-0.4685999999998838
-0.4685999999999843
-0.4685999999999979
-0.4685999999999997
-0.4686
-0.4686
-0.4686
-0.4686
-0.4686
-0.4686
-0.4686
-0.4686
-0.4686
-0.4686
-0.4686
-0.4686
-0.4686000000000001
-0.1260259500539797
-0.02222376417100778
-0.003136269943119878
-0.0004269185896961225
-5.782269830713429e-05
-7.826286278054972e-06
-1.059187966021025e-06
-4.686e-07
-4.686e-07
-4.686e-07
-4.686e-07
-4.686e-07
-4.686e-07
-4.686e-07
-4.686e-07
-4.686e-07
-4.686e-07
-4.686e-07
-4.686e-07
-4.686e-07
-4.686e-07
-4.686e-07
-4.686e-07
-4.686e-07
-4.686e-07
-4.686e-07
-4.686e-07
-4.686e-07
-4.686e-07
-4.686e-07
-4.686e-07
-4.686e-07
-4.686e-07
-4.686e-07
-4.686e-07
-4.686e-07
-4.686e-07
-4.686e-07
-4.686e-07
-4.686e-07
-4.686e-07
-4.686e-07
-4.686e-07
-1.059187966021025e-06
-7.826286278054972e-06
-5.782269830713429e-05
-0.0004269185896961225
-0.003136269943119878
-0.02222376417100778
-0.1260259500539797
-0.3425740499460203
-0.4463762358289922
-0.4654637300568801
-0.4681730814103039
-0.4685421773016929
-0.468592173713722
-0.468598940812034
-0.4685998566542165
-0.4685999806002527
-0.4685999973745296
-0.4685999996446812
-0.4685999999519129
-0.4685999999934921
-0.4685999999991192
-0.4685999999998808
-0.4685999999999839
-0.4685999999999979
-0.4685999999999997
-0.4686
-0.4686
-0.4686
-0.4686
-0.4686
-0.4686
-0.4686
-0.4686
-0.4686
-0.4686
-0.4686
-0.4686
-0.4686
-0.1298201364231493
-0.02314173200635466
-0.003277735564636853
-0.0004472137141363392
-6.071111762132233e-05
-8.237819006904968e-06
-1.117972770937792e-06
-4.686e-07
-4.686e-07
-4.686e-07
-4.686e-07
-4.686e-07
-4.686e-07
-4.686e-07
-4.686e-07
-4.686e-07
-4.686e-07
-4.686e-07
-4.686e-07
-4.686e-07
-4.686e-07
-4.686e-07
-4.686e-07
-4.686e-07
-4.686e-07
-4.686e-07
-4.686e-07
-4.686e-07
-4.686e-07
-4.686e-07
-4.686e-07
-4.686e-07
-4.686e-07
-4.686e-07
-4.686e-07
-4.686e-07
-4.686e-07
-4.686e-07
-4.686e-07
-4.686e-07
-4.686e-07
-4.686e-07
-4.686e-07
-1.117972770937792e-06
-8.237819006904968e-06
-6.071111762132233e-05
-0.0004472137141363392
-0.003277735564636853
-0.02314173200635466
-0.1298201364231493
-0.3461528199526819
-0.4471613147378684
-0.4655749684143204
-0.468187783893547
-0.4685441037712043
-0.4685924260809461
-0.468598973900608
-0.4685998609966842
-0.4685999811706647
-0.4685999974495223
-0.4685999996545486
-0.4685999999532122
-0.4685999999936634
-0.4685999999991418
-0.4685999999998838
-0.4685999999999843
-0.4685999999999979
-0.4685999999999997
-0.4686
-0.4686
-0.4686
-0.4686
-0.4686
-0.4686
-0.4686
-0.4686
-0.4686
-0.4686
-0.4686
-0.4686
-0.4686
-0.1415948805783558
-0.02611012531294776
-0.003740291902025574
-0.0005139126479124204
-7.02467951138755e-05
-9.603003478419714e-06
-1.314018765169633e-06
-4.686e-07
-4.686e-07
-4.686e-07
-4.686e-07
-4.686e-07
-4.686e-07
-4.686e-07
-4.686e-07
-4.686e-07
-4.686e-07
-4.686e-07
-4.686e-07
-4.686e-07
-4.686e-07
-4.686e-07
-4.686e-07
-4.686e-07
-4.686e-07
-4.686e-07
-4.686e-07
-4.686e-07
-4.686e-07
-4.686e-07
-4.686e-07
-4.686e-07
-4.686e-07
-4.686e-07
-4.686e-07
-4.686e-07
-4.686e-07
-4.686e-07
-4.686e-07
-4.686e-07
-4.686e-07
-4.686e-07
-4.686e-07
-1.314018765169633e-06
-9.603003478419714e-06
-7.02467951138755e-05
-0.0005139126479124204
-0.003740291902025574
-0.02611012531294776
-0.1415948805783558
-0.356472646595947
-0.4493580828948444
-0.4658853129106513
-0.4682288768647507
-0.4685495007122132
-0.4685931346751748
-0.4685990670032728
-0.4685998732395337
-0.468599982781864
-0.4685999976617208
-0.4685999996825157
-0.4685999999569007
-0.4685999999941501
-0.4685999999992061
-0.4685999999998923
-0.4685999999999854
-0.468599999999998
-0.4685999999999997
-0.4686
-0.4686
-0.4686
-0.4686
-0.4686
-0.4686
-0.4686
-0.4686
-0.4686
-0.4686
-0.4686
-0.4686
-0.4686
-0.1624165819133107
-0.03184271504322899
-0.004655285290719173
-0.0006472348687454918
-8.947977620245945e-05
-1.238291598327255e-05
-1.717433010053537e-06
-4.686e-07
-4.686e-07
-4.686e-07
-4.686e-07
-4.686e-07
-4.686e-07
-4.686e-07
-4.686e-07
-4.686e-07
-4.686e-07
-4.686e-07
-4.686e-07
-4.686e-07
-4.686e-07
-4.686e-07
-4.686e-07
-4.686e-07
-4.686e-07
-4.686e-07
-4.686e-07
-4.686e-07
-4.686e-07
-4.686e-07
-4.686e-07
-4.686e-07
-4.686e-07
-4.686e-07
-4.686e-07
-4.686e-07
-4.686e-07
-4.686e-07
-4.686e-07
-4.686e-07
-4.686e-07
-4.686e-07
-4.686e-07
-1.717433010053537e-06
-1.238291598327255e-05
-8.947977620245945e-05
-0.0006472348687454918
-0.004655285290719173
-0.03184271504322899
-0.1624165819133107
-0.3722614898150778
-0.4525399527188865
-0.4663326890982165
-0.4682883378054108
-0.4685573463104742
-0.4685941693950361
-0.4685992035303819
-0.4685998912638558
-0.4685999851627657
-0.4685999979763924
-0.4685999997241257
-0.4685999999624056
-0.4685999999948788
-0.4685999999993026
-0.4685999999999051
-0.4685999999999871
-0.4685999999999982
-0.4685999999999998
-0.4686
-0.4686
-0.4686
-0.4686
-0.4686
-0.4686
-0.4686
-0.4686
-0.4686
-0.4686
-0.4686
-0.4686
-0.4686
-0.1935708382669131
-0.04177750452232995
-0.006307736501083902
-0.0008919899538610904
-0.0001252653955450234
-1.762865290978222e-05
-2.490505969071566e-06
-4.686e-07
-4.686e-07
-4.686e-07
-4.686e-07
-4.686e-07
-4.686e-07
-4.686e-07
-4.686e-07
-4.686e-07
-4.686e-07
-4.686e-07
-4.686e-07
-4.686e-07
-4.686e-07
-4.686e-07
-4.686e-07
-4.686e-07
-4.686e-07
-4.686e-07
-4.686e-07
-4.686e-07
-4.686e-07
-4.686e-07
-4.686e-07
-4.686e-07
-4.686e-07
-4.686e-07
-4.686e-07
-4.686e-07
-4.686e-07
-4.686e-07
-4.686e-07
-4.686e-07
-4.686e-07
-4.686e-07
-4.686e-07
-2.490505969071566e-06
-1.762865290978222e-05
-0.0001252653955450234
-0.0008919899538610904
-0.006307736501083902
-0.04177750452232995
-0.1935708382669131
-0.3914198197359725
-0.4561411756215233
-0.4668366658074453
-0.468355719398579
-0.4685662989065376
-0.4685953580186093
-0.4685993613519494
-0.4685999122227376
-0.4685999879467003
-0.4685999983462589
-0.4685999997732762
-0.4685999999689386
-0.4685999999957473
-0.4685999999994181
-0.4685999999999204
-0.4685999999999891
-0.4685999999999986
-0.4685999999999998
-0.4686
-0.4686
-0.4686
-0.4686
-0.4686
-0.4686
-0.4686
-0.4686
-0.4686
-0.4686
-0.4686
-0.4686
-0.4686000000000001
-0.1298201364231493
-0.02314173200635466
-0.003277735564636853
-0.0004472137141363392
-6.071111762132233e-05
-8.237819006904968e-06
-1.117972770937792e-06
-4.686e-07
-4.686e-07
-4.686e-07
-4.686e-07
-4.686e-07
-4.686e-07
-4.686e-07
-4.686e-07
-4.686e-07
-4.686e-07
-4.686e-07
-4.686e-07
-4.686e-07
-4.686e-07
-4.686e-07
-4.686e-07
-4.686e-07
-4.686e-07
-4.686e-07
-4.686e-07
-4.686e-07
-4.686e-07
-4.686e-07
-4.686e-07
-4.686e-07
-4.686e-07
-4.686e-07
-4.686e-07
-4.686e-07
-4.686e-07
-4.686e-07
-4.686e-07
-4.686e-07
-4.686e-07
-4.686e-07
-4.686e-07
-1.117972770937792e-06
-8.237819006904968e-06
-6.071111762132233e-05
-0.0004472137141363392
-0.003277735564636853
-0.02314173200635466
-0.1298201364231493
-0.3461528199526819
-0.4471613147378684
-0.4655749684143204
-0.468187783893547
-0.4685441037712043
-0.4685924260809461
-0.468598973900608
-0.4685998609966842
-0.4685999811706647
-0.4685999974495223
-0.4685999996545486
-0.4685999999532122
-0.4685999999936634
-0.4685999999991418
-0.4685999999998838
-0.4685999999999843
-0.4685999999999979
-0.4685999999999997
-0.4686
-0.4686
-0.4686
-0.4686
-0.4686
-0.4686
-0.4686
-0.4686
-0.4686
-0.4686
-0.4686
-0.4686
-0.4686000000000001
-0.1260259500539797
-0.02222376417100778
-0.003136269943119878
-0.0004269185896961225
-5.782269830713429e-05
-7.826286278054972e-06
-1.059187966021025e-06
-4.686e-07
-4.686e-07
-4.686e-07
-4.686e-07
-4.686e-07
-4.686e-07
-4.686e-07
-4.686e-07
-4.686e-07
-4.686e-07
-4.686e-07
-4.686e-07
-4.686e-07
-4.686e-07
-4.686e-07
-4.686e-07
-4.686e-07
-4.686e-07
-4.686e-07
-4.686e-07
-4.686e-07
-4.686e-07
-4.686e-07
-4.686e-07
-4.686e-07
-4.686e-07
-4.686e-07
-4.686e-07
-4.686e-07
-4.686e-07
-4.686e-07
-4.686e-07
-4.686e-07
-4.686e-07
-4.686e-07
-4.686e-07
-1.059187966021025e-06
-7.826286278054972e-06
-5.782269830713429e-05
-0.0004269185896961225
-0.003136269943119878
-0.02222376417100778
-0.1260259500539797
-0.3425740499460203
-0.4463762358289922
-0.4654637300568801
-0.4681730814103039
-0.4685421773016929
-0.468592173713722
-0.468598940812034
-0.4685998566542165
-0.4685999806002527
-0.4685999973745296
-0.4685999996446812
-0.4685999999519129
-0.4685999999934921
-0.4685999999991192
-0.4685999999998808
-0.4685999999999839
-0.4685999999999979
-0.4685999999999997
-0.4686
-0.4686
-0.4686
-0.4686
-0.4686
-0.4686
-0.4686
-0.4686
-0.4686
-0.4686
-0.4686
-0.4686
-0.4686
-0.1298201364231493
-0.02314173200635466
-0.003277735564636853
-0.0004472137141363392
-6.071111762132233e-05
-8.237819006904968e-06
-1.117972770937792e-06
-4.686e-07
-4.686e-07
-4.686e-07
-4.686e-07
-4.686e-07
-4.686e-07
-4.686e-07
-4.686e-07
-4.686e-07
-4.686e-07
-4.686e-07
-4.686e-07
-4.686e-07
-4.686e-07
-4.686e-07
-4.686e-07
-4.686e-07
-4.686e-07
-4.686e-07
-4.686e-07
-4.686e-07
-4.686e-07
-4.686e-07
-4.686e-07
-4.686e-07
-4.686e-07
-4.686e-07
-4.686e-07
-4.686e-07
-4.686e-07
-4.686e-07
-4.686e-07
-4.686e-07
-4.686e-07
-4.686e-07
-4.686e-07
-1.117972770937792e-06
-8.237819006904968e-06
-6.071111762132233e-05
-0.0004472137141363392
-0.003277735564636853
-0.02314173200635466
-0.1298201364231493
-0.3461528199526819
-0.4471613147378684
-0.4655749684143204
-0.468187783893547
-0.4685441037712043
-0.4685924260809461
-0.468598973900608
-0.4685998609966842
-0.4685999811706647
-0.4685999974495223
-0.4685999996545486
-0.4685999999532122
-0.4685999999936634
-0.4685999999991418
-0.4685999999998838
-0.4685999999999843
-0.4685999999999979
-0.4685999999999997
-0.4686
-0.4686
-0.4686
-0.4686
-0.4686
-0.4686
-0.4686
-0.4686
-0.4686
-0.4686
-0.4686
-0.4686
-0.4686
-0.1415948805783558
-0.02611012531294776
-0.003740291902025574
-0.0005139126479124204
-7.02467951138755e-05
-9.603003478419714e-06
-1.314018765169633e-06
-4.686e-07
-4.686e-07
-4.686e-07
-4.686e-07
-4.686e-07
-4.686e-07
-4.686e-07
-4.686e-07
-4.686e-07
-4.686e-07
-4.686e-07
-4.686e-07
-4.686e-07
-4.686e-07
-4.686e-07
-4.686e-07
-4.686e-07
-4.686e-07
-4.686e-07
-4.686e-07
-4.686e-07
-4.686e-07
-4.686e-07
-4.686e-07
-4.686e-07
-4.686e-07
-4.686e-07
-4.686e-07
-4.686e-07
-4.686e-07
-4.686e-07
-4.686e-07
-4.686e-07
-4.686e-07
-4.686e-07
-4.686e-07
-1.314018765169633e-06
-9.603003478419714e-06
-7.02467951138755e-05
-0.0005139126479124204
-0.003740291902025574
-0.02611012531294776
-0.1415948805783558
-0.356472646595947
-0.4493580828948444
-0.4658853129106513
-0.4682288768647507
-0.4685495007122132
-0.4685931346751748
-0.4685990670032728
-0.4685998732395337
-0.468599982781864
-0.4685999976617208
-0.4685999996825157
-0.4685999999569007
-0.4685999999941501
-0.4685999999992061
-0.4685999999998923
-0.4685999999999854
-0.468599999999998
-0.4685999999999997
-0.4686
-0.4686
-0.4686
-0.4686
-0.4686
-0.4686
-0.4686
-0.4686
-0.4686
-0.4686
-0.4686
-0.4686
-0.4686
-0.1624165819133107
-0.03184271504322899
-0.004655285290719173
-0.0006472348687454918
-8.947977620245945e-05
-1.238291598327255e-05
-1.717433010053537e-06
-4.686e-07
-4.686e-07
-4.686e-07
-4.686e-07
-4.686e-07
-4.686e-07
-4.686e-07
-4.686e-07
-4.686e-07
-4.686e-07
-4.686e-07
-4.686e-07
-4.686e-07
-4.686e-07
-4.686e-07
-4.686e-07
-4.686e-07
-4.686e-07
-4.686e-07
-4.686e-07
-4.686e-07
-4.686e-07
-4.686e-07
-4.686e-07
-4.686e-07
-4.686e-07
-4.686e-07
-4.686e-07
-4.686e-07
-4.686e-07
-4.686e-07
-4.686e-07
-4.686e-07
-4.686e-07
-4.686e-07
-4.686e-07
-1.717433010053537e-06
-1.238291598327255e-05
-8.947977620245945e-05
-0.0006472348687454918
-0.004655285290719173
-0.03184271504322899
-0.1624165819133107
-0.3722614898150778
-0.4525399527188865
-0.4663326890982165
-0.4682883378054108
-0.4685573463104742
-0.4685941693950361
-0.4685992035303819
-0.4685998912638558
-0.4685999851627657
-0.4685999979763924
-0.4685999997241257
-0.4685999999624056
-0.4685999999948788
-0.4685999999993026
-0.4685999999999051
-0.4685999999999871
-0.4685999999999982
-0.4685999999999998
-0.4686
-0.4686
-0.4686
-0.4686
-0.4686
-0.4686
-0.4686
-0.4686
-0.4686
-0.4686
-0.4686
-0.4686
-0.4686
-0.1935708382669131
-0.04177750452232995
-0.006307736501083902
-0.0008919899538610904
-0.0001252653955450234
-1.762865290978222e-05
-2.490505969071566e-06
-4.686e-07
-4.686e-07
-4.686e-07
-4.686e-07
-4.686e-07
-4.686e-07
-4.686e-07
-4.686e-07
-4.686e-07
-4.686e-07
-4.686e-07
-4.686e-07
-4.686e-07
-4.686e-07
-4.686e-07
-4.686e-07
-4.686e-07
-4.686e-07
-4.686e-07
-4.686e-07
-4.686e-07
-4.686e-07
-4.686e-07
-4.686e-07
-4.686e-07
-4.686e-07
-4.686e-07
-4.686e-07
-4.686e-07
-4.686e-07
-4.686e-07
-4.686e-07
-4.686e-07
-4.686e-07
-4.686e-07
-4.686e-07
-2.490505969071566e-06
-1.762865290978222e-05
-0.0001252653955450234
-0.0008919899538610904
-0.006307736501083902
-0.04177750452232995
-0.1935708382669131
-0.3914198197359725
-0.4561411756215233
-0.4668366658074453
-0.468355719398579
-0.4685662989065376
-0.4685953580186093
-0.4685993613519494
-0.4685999122227376
-0.4685999879467003
-0.4685999983462589
-0.4685999997732762
-0.4685999999689386
-0.4685999999957473
-0.4685999999994181
-0.4685999999999204
-0.4685999999999891
-0.4685999999999986
-0.4685999999999998
-0.4686
-0.4686
-0.4686
-0.4686
-0.4686
-0.4686
-0.4686
-0.4686
-0.4686
-0.4686
-0.4686
-0.4686
-0.4686000000000001
