FiniteElementSpace
FiniteElementCollection: H1_3D_P1
VDim: 1
Ordering: 0

-0.4219213737224691
-0.2724890888516788
-0.08316699610818097
-0.01536153116899147
-0.002513303593888967
-0.0004075232415260356
-6.691634079289145e-05
-1.118773769614079e-05
-1.910553380072289e-06
-4.686e-07
-4.686e-07
-4.686e-07
-4.686e-07
-4.686e-07
-4.686e-07
-4.686e-07
-4.686e-07
-4.686e-07
-4.686e-07
-4.686e-07
-4.686e-07
-4.686e-07
-4.686e-07
-4.686e-07
-4.686e-07
-4.686e-07
-4.686e-07
-4.686e-07
-4.686e-07
-4.686e-07
-4.686e-07
-4.686e-07
-4.686e-07
-4.686e-07
-4.686e-07
-4.686e-07
-4.686e-07
-4.686e-07
-4.686e-07
-4.686e-07
-4.686e-07
-1.910553380072289e-06
-1.118773769614079e-05
-6.691634079289145e-05
-0.0004075232415260356
-0.002513303593888967
-0.01536153116899147
-0.08316699610818097
-0.2724890888516788
-0.4219213737224691
-0.4608338972007752
-0.4674099457423533
-0.4684211445653645
-0.4685733478099031
-0.4685960535581193
-0.4685994188874569
-0.4685999148622185
-0.4685999875840113
-0.4685999981969641
-0.4685999997391803
-0.4685999999624056
-0.4685999999945991
-0.4685999999992265
-0.4685999999998895
-0.4685999999999843
-0.4685999999999978
-0.4685999999999997
-0.4686
-0.4686
-0.4686
-0.4686
-0.4686
-0.4686
-0.4686
-0.4686
-0.4686
-0.4686
-0.4686
-0.4686
-0.4686
-0.4686000000000001
-0.4447216048993654
-0.3496625835584365
-0.1497543341960948
-0.03311797914571395
-0.005785217380465642
-0.0009771414214498804
-0.0001667724730363784
-2.904166804126764e-05
-5.181302891017703e-06
-9.505031307073253e-07
-4.686e-07
-4.686e-07
-4.686e-07
-4.686e-07
-4.686e-07
-4.686e-07
-4.686e-07
-4.686e-07
-4.686e-07
-4.686e-07
-4.686e-07
-4.686e-07
-4.686e-07
-4.686e-07
-4.686e-07
-4.686e-07
-4.686e-07
-4.686e-07
-4.686e-07
-4.686e-07
-4.686e-07
-4.686e-07
-4.686e-07
-4.686e-07
-4.686e-07
-4.686e-07
-4.686e-07
-4.686e-07
-4.686e-07
-4.686e-07
-9.505031307073253e-07
-5.181302891017703e-06
-2.904166804126764e-05
-0.0001667724730363784
-0.0009771414214498804
-0.005785217380465642
-0.03311797914571395
-0.1497543341960948
-0.3496625835584365
-0.4447216048993654
-0.4647037424512532
-0.4679932160001377
-0.468506887682257
-0.4685858385797427
-0.4685978620922953
-0.4685996793840467
-0.4685999522084626
-0.468599992915513
-0.4685999989551476
-0.4685999998466205
-0.4685999999775816
-0.4685999999967363
-0.4685999999995266
-0.4685999999999316
-0.4685999999999901
-0.4685999999999986
-0.4685999999999998
-0.4686
-0.4686
-0.4686
-0.4686
-0.4686
-0.4686
-0.4686
-0.4686
-0.4686
-0.4686
-0.4686
-0.4686
-0.4686
-0.4686
-0.4574278598921479
-0.4073187966054725
-0.2448269423025161
-0.07245214731691899
-0.0141353744121746
-0.002513303593888967
-0.0004472137141363392
-8.12381225525576e-05
-1.5158121438298e-05
-2.917287305433636e-06
-5.816147243453029e-07
-4.686e-07
-4.686e-07
-4.686e-07
-4.686e-07
-4.686e-07
-4.686e-07
-4.686e-07
-4.686e-07
-4.686e-07
-4.686e-07
-4.686e-07
-4.686e-07
-4.686e-07
-4.686e-07
-4.686e-07
-4.686e-07
-4.686e-07
-4.686e-07
-4.686e-07
-4.686e-07
-4.686e-07
-4.686e-07
-4.686e-07
-4.686e-07
-4.686e-07
-4.686e-07
-4.686e-07
-4.686e-07
-5.816147243453029e-07
-2.917287305433636e-06
-1.5158121438298e-05
-8.12381225525576e-05
-0.0004472137141363392
-0.002513303593888967
-0.0141353744121746
-0.07245214731691899
-0.2448269423025161
-0.4073187966054725
-0.4574278598921479
-0.4667722875969791
-0.4683093216584587
-0.4685543686663357
-0.4685929062914829
-0.4685989066389634
-0.4685998327836761
-0.4685999746074042
-0.4685999961690751
-0.4685999994254917
-0.468599999914318
-0.4685999999872865
-0.4685999999981224
-0.468599999999724
-0.4685999999999596
-0.4685999999999941
-0.4685999999999992
-0.4685999999999999
-0.4686
-0.4686
-0.4686
-0.4686
-0.4686
-0.4686
-0.4686
-0.4686
-0.4686
-0.4686
-0.4686
-0.4686
-0.4686
-0.4686
-0.4637573117965725
-0.4410485345889403
-0.3425740499460203
-0.1497543341960948
-0.03580733562566348
-0.006875612626826599
-0.001282950027540287
-0.0002435142364321616
-4.75515755992523e-05
-9.603003478419714e-06
-2.014882548787522e-06
-4.686e-07
-4.686e-07
-4.686e-07
-4.686e-07
-4.686e-07
-4.686e-07
-4.686e-07
-4.686e-07
-4.686e-07
-4.686e-07
-4.686e-07
-4.686e-07
-4.686e-07
-4.686e-07
-4.686e-07
-4.686e-07
-4.686e-07
-4.686e-07
-4.686e-07
-4.686e-07
-4.686e-07
-4.686e-07
-4.686e-07
-4.686e-07
-4.686e-07
-4.686e-07
-4.686e-07
-4.686e-07
-2.014882548787522e-06
-9.603003478419714e-06
-4.75515755992523e-05
-0.0002435142364321616
-0.001282950027540287
-0.006875612626826599
-0.03580733562566348
-0.1497543341960948
-0.3425740499460203
-0.4410485345889403
-0.4637573117965725
-0.4677949513255902
-0.4684688329038965
-0.4685789030815904
-0.4685966434514052
-0.4685994711656973
-0.4685999174211572
-0.4685999872102399
-0.4685999980339798
-0.4685999996998741
-0.4685999999544759
-0.4685999999931355
-0.4685999999989706
-0.4685999999998464
-0.4685999999999773
-0.4685999999999966
-0.4685999999999995
-0.4685999999999999
-0.4686
-0.4686
-0.4686
-0.4686
-0.4686
-0.4686
-0.4686
-0.4686
-0.4686
-0.4686
-0.4686
-0.4686
-0.4686
-0.4686
-0.4666362868892756
-0.4574278598921479
-0.4113062133841018
-0.2633641881080939
-0.08895863098981008
-0.01966884941967013
-0.003908097996166469
-0.000777670307754206
-0.0001590261069136857
-3.369297979960862e-05
-7.434810848666817e-06
-1.717433010053537e-06
-4.686e-07
-4.686e-07
-4.686e-07
-4.686e-07
-4.686e-07
-4.686e-07
-4.686e-07
-4.686e-07
-4.686e-07
-4.686e-07
-4.686e-07
-4.686e-07
-4.686e-07
-4.686e-07
-4.686e-07
-4.686e-07
-4.686e-07
-4.686e-07
-4.686e-07
-4.686e-07
-4.686e-07
-4.686e-07
-4.686e-07
-4.686e-07
-4.686e-07
-4.686e-07
-1.717433010053537e-06
-7.434810848666817e-06
-3.369297979960862e-05
-0.0001590261069136857
-0.000777670307754206
-0.003908097996166469
-0.01966884941967013
-0.08895863098981008
-0.2633641881080939
-0.4113062133841018
-0.4574278598921479
-0.4666362868892756
-0.4682658118399885
-0.4685441037712043
-0.4685907775518901
-0.4685984966721808
-0.468599757631725
-0.4685999613177282
-0.4685999938832967
-0.4685999990410173
-0.4685999998508309
-0.4685999999769653
-0.468599999996467
-0.4685999999994614
-0.4685999999999184
-0.4685999999999877
-0.4685999999999981
-0.4685999999999997
-0.4686
-0.4686
-0.4686
-0.4686
-0.4686
-0.4686
-0.4686
-0.4686
-0.4686
-0.4686
-0.4686
-0.4686
-0.4686
-0.4686
-0.4686
-0.4678499808273599
-0.4644110394642471
-0.4463762358289922
-0.3692454160674705
-0.1935708382669131
-0.05637297262658585
-0.01246858109030647
-0.002627404363317706
-0.0005636712533445097
-0.0001252653955450234
-2.904166804126764e-05
-7.062438112381542e-06
-1.81149005117518e-06
-4.930451894018529e-07
-4.686e-07
-4.686e-07
-4.686e-07
-4.686e-07
-4.686e-07
-4.686e-07
-4.686e-07
-4.686e-07
-4.686e-07
-4.686e-07
-4.686e-07
-4.686e-07
-4.686e-07
-4.686e-07
-4.686e-07
-4.686e-07
-4.686e-07
-4.686e-07
-4.686e-07
-4.686e-07
-4.686e-07
-4.686e-07
-4.930451894018529e-07
-1.81149005117518e-06
-7.062438112381542e-06
-2.904166804126764e-05
-0.0001252653955450234
-0.0005636712533445097
-0.002627404363317706
-0.01246858109030647
-0.05637297262658585
-0.1935708382669131
-0.3692454160674705
-0.4463762358289922
-0.4644110394642471
-0.4678499808273599
-0.4684688329038965
-0.4685774481189839
-0.4685961794276094
-0.4685993613519494
-0.4685998945441419
-0.468599982781864
-0.4685999972177625
-0.4685999995547098
-0.4685999999293605
-0.4685999999888855
-0.4685999999982645
-0.468599999999731
-0.4685999999999585
-0.4685999999999937
-0.4685999999999991
-0.4685999999999998
-0.4686
-0.4686
-0.4686
-0.4686
-0.4686
-0.4686
-0.4686
-0.4686
-0.4686
-0.4686
-0.4686
-0.4686
-0.4686
-0.4686
-0.4686000000000001
-0.4219213737224691
-0.2724890888516788
-0.08316699610818097
-0.01536153116899147
-0.002513303593888967
-0.0004075232415260356
-6.691634079289145e-05
-1.118773769614079e-05
-1.910553380072289e-06
-4.686e-07
-4.686e-07
-4.686e-07
-4.686e-07
-4.686e-07
-4.686e-07
-4.686e-07
-4.686e-07
-4.686e-07
-4.686e-07
-4.686e-07
-4.686e-07
-4.686e-07
-4.686e-07
-4.686e-07
-4.686e-07
-4.686e-07
-4.686e-07
-4.686e-07
-4.686e-07
-4.686e-07
-4.686e-07
-4.686e-07
-4.686e-07
-4.686e-07
-4.686e-07
-4.686e-07
-4.686e-07
-4.686e-07
-4.686e-07
-4.686e-07
-4.686e-07
-1.910553380072289e-06
-1.118773769614079e-05
-6.691634079289145e-05
-0.0004075232415260356
-0.002513303593888967
-0.01536153116899147
-0.08316699610818097
-0.2724890888516788
-0.4219213737224691
-0.4608338972007752
-0.4674099457423533
-0.4684211445653645
-0.4685733478099031
-0.4685960535581193
-0.4685994188874569
-0.4685999148622185
-0.4685999875840113
-0.4685999981969641
-0.4685999997391803
-0.4685999999624056
-0.4685999999945991
-0.4685999999992265
-0.4685999999998895
-0.4685999999999843
-0.4685999999999978
-0.4685999999999997
-0.4686
-0.4686
-0.4686
-0.4686
-0.4686
-0.4686
-0.4686
-0.4686
-0.4686
-0.4686
-0.4686
-0.4686
-0.4686
-0.4686000000000001
-0.4447216048993654
-0.3496625835584365
-0.1497543341960948
-0.03311797914571395
-0.005785217380465642
-0.0009771414214498804
-0.0001667724730363784
-2.904166804126764e-05
-5.181302891017703e-06
-9.505031307073253e-07
-4.686e-07
-4.686e-07
-4.686e-07
-4.686e-07
-4.686e-07
-4.686e-07
-4.686e-07
-4.686e-07
-4.686e-07
-4.686e-07
-4.686e-07
-4.686e-07
-4.686e-07
-4.686e-07
-4.686e-07
-4.686e-07
-4.686e-07
-4.686e-07
-4.686e-07
-4.686e-07
-4.686e-07
-4.686e-07
-4.686e-07
-4.686e-07
-4.686e-07
-4.686e-07
-4.686e-07
-4.686e-07
-4.686e-07
-4.686e-07
-9.505031307073253e-07
-5.181302891017703e-06
-2.904166804126764e-05
-0.0001667724730363784
-0.0009771414214498804
-0.005785217380465642
-0.03311797914571395
-0.1497543341960948
-0.3496625835584365
-0.4447216048993654
-0.4647037424512532
-0.4679932160001377
-0.468506887682257
-0.4685858385797427
-0.4685978620922953
-0.4685996793840467
-0.4685999522084626
-0.468599992915513
-0.4685999989551476
-0.4685999998466205
-0.4685999999775816
-0.4685999999967363
-0.4685999999995266
-0.4685999999999316
-0.4685999999999901
-0.4685999999999986
-0.4685999999999998
-0.4686
-0.4686
-0.4686
-0.4686
-0.4686
-0.4686
-0.4686
-0.4686
-0.4686
-0.4686
-0.4686
-0.4686
-0.4686
-0.4686
-0.4574278598921479
-0.4073187966054725
-0.2448269423025161
-0.07245214731691899
-0.0141353744121746
-0.002513303593888967
-0.0004472137141363392
-8.12381225525576e-05
-1.5158121438298e-05
-2.917287305433636e-06
-5.816147243453029e-07
-4.686e-07
-4.686e-07
-4.686e-07
-4.686e-07
-4.686e-07
-4.686e-07
-4.686e-07
-4.686e-07
-4.686e-07
-4.686e-07
-4.686e-07
-4.686e-07
-4.686e-07
-4.686e-07
-4.686e-07
-4.686e-07
-4.686e-07
-4.686e-07
-4.686e-07
-4.686e-07
-4.686e-07
-4.686e-07
-4.686e-07
-4.686e-07
-4.686e-07
-4.686e-07
-4.686e-07
-4.686e-07
-5.816147243453029e-07
-2.917287305433636e-06
-1.5158121438298e-05
-8.12381225525576e-05
-0.0004472137141363392
-0.002513303593888967
-0.0141353744121746
-0.07245214731691899
-0.2448269423025161
-0.4073187966054725
-0.4574278598921479
-0.4667722875969791
-0.4683093216584587
-0.4685543686663357
-0.4685929062914829
-0.4685989066389634
-0.4685998327836761
-0.4685999746074042
-0.4685999961690751
-0.4685999994254917
-0.468599999914318
-0.4685999999872865
-0.4685999999981224
-0.468599999999724
-0.4685999999999596
-0.4685999999999941
-0.4685999999999992
-0.4685999999999999
-0.4686
-0.4686
-0.4686
-0.4686
-0.4686
-0.4686
-0.4686
-0.4686
-0.4686
-0.4686
-0.4686
-0.4686
-0.4686
-0.4686
-0.4637573117965725
-0.4410485345889403
-0.3425740499460203
-0.1497543341960948
-0.03580733562566348
-0.006875612626826599
-0.001282950027540287
-0.0002435142364321616
-4.75515755992523e-05
-9.603003478419714e-06
-2.014882548787522e-06
-4.686e-07
-4.686e-07
-4.686e-07
-4.686e-07
-4.686e-07
-4.686e-07
-4.686e-07
-4.686e-07
-4.686e-07
-4.686e-07
-4.686e-07
-4.686e-07
-4.686e-07
-4.686e-07
-4.686e-07
-4.686e-07
-4.686e-07
-4.686e-07
-4.686e-07
-4.686e-07
-4.686e-07
-4.686e-07
-4.686e-07
-4.686e-07
-4.686e-07
-4.686e-07
-4.686e-07
-4.686e-07
-2.014882548787522e-06
-9.603003478419714e-06
-4.75515755992523e-05
-0.0002435142364321616
-0.001282950027540287
-0.006875612626826599
-0.03580733562566348
-0.1497543341960948
-0.3425740499460203
-0.4410485345889403
-0.4637573117965725
-0.4677949513255902
-0.4684688329038965
-0.4685789030815904
-0.4685966434514052
-0.4685994711656973
-0.4685999174211572
-0.4685999872102399
-0.4685999980339798
-0.4685999996998741
-0.4685999999544759
-0.4685999999931355
-0.4685999999989706
-0.4685999999998464
-0.4685999999999773
-0.4685999999999966
-0.4685999999999995
-0.4685999999999999
-0.4686
-0.4686
-0.4686
-0.4686
-0.4686
-0.4686
-0.4686
-0.4686
-0.4686
-0.4686
-0.4686
-0.4686
-0.4686
-0.4686
-0.4666362868892756
-0.4574278598921479
-0.4113062133841018
-0.2633641881080939
-0.08895863098981008
-0.01966884941967013
-0.003908097996166469
-0.000777670307754206
-0.0001590261069136857
-3.369297979960862e-05
-7.434810848666817e-06
-1.717433010053537e-06
-4.686e-07
-4.686e-07
-4.686e-07
-4.686e-07
-4.686e-07
-4.686e-07
-4.686e-07
-4.686e-07
-4.686e-07
-4.686e-07
-4.686e-07
-4.686e-07
-4.686e-07
-4.686e-07
-4.686e-07
-4.686e-07
-4.686e-07
-4.686e-07
-4.686e-07
-4.686e-07
-4.686e-07
-4.686e-07
-4.686e-07
-4.686e-07
-4.686e-07
-4.686e-07
-1.717433010053537e-06
-7.434810848666817e-06
-3.369297979960862e-05
-0.0001590261069136857
-0.000777670307754206
-0.003908097996166469
-0.01966884941967013
-0.08895863098981008
-0.2633641881080939
-0.4113062133841018
-0.4574278598921479
-0.4666362868892756
-0.4682658118399885
-0.4685441037712043
-0.4685907775518901
-0.4685984966721808
-0.468599757631725
-0.4685999613177282
-0.4685999938832967
-0.4685999990410173
-0.4685999998508309
-0.4685999999769653
-0.468599999996467
-0.4685999999994614
-0.4685999999999184
-0.4685999999999877
-0.4685999999999981
-0.4685999999999997
-0.4686
-0.4686
-0.4686
-0.4686
-0.4686
-0.4686
-0.4686
-0.4686
-0.4686
-0.4686
-0.4686
-0.4686
-0.4686
-0.4686
-0.4686
-0.4678499808273599
-0.4644110394642471
-0.4463762358289922
-0.3692454160674705
-0.1935708382669131
-0.05637297262658585
-0.01246858109030647
-0.002627404363317706
-0.0005636712533445097
-0.0001252653955450234
-2.904166804126764e-05
-7.062438112381542e-06
-1.81149005117518e-06
-4.930451894018529e-07
-4.686e-07
-4.686e-07
-4.686e-07
-4.686e-07
-4.686e-07
-4.686e-07
-4.686e-07
-4.686e-07
-4.686e-07
-4.686e-07
-4.686e-07
-4.686e-07
-4.686e-07
-4.686e-07
-4.686e-07
-4.686e-07
-4.686e-07
-4.686e-07
-4.686e-07
-4.686e-07
-4.686e-07
-4.686e-07
-4.930451894018529e-07
-1.81149005117518e-06
-7.062438112381542e-06
-2.904166804126764e-05
-0.0001252653955450234
-0.0005636712533445097
-0.002627404363317706
-0.01246858109030647
-0.05637297262658585
-0.1935708382669131
-0.3692454160674705
-0.4463762358289922
-0.4644110394642471
-0.4678499808273599
-0.4684688329038965
-0.4685774481189839
-0.4685961794276094
-0.4685993613519494
-0.4685998945441419
-0.468599982781864
-0.4685999972177625
-0.4685999995547098
-0.4685999999293605
-0.4685999999888855
-0.4685999999982645
-0.468599999999731
-0.4685999999999585
-0.4685999999999937
-0.4685999999999991
-0.4685999999999998
-0.4686
-0.4686
-0.4686
-0.4686
-0.4686
-0.4686
-0.4686
-0.4686
-0.4686
-0.4686
-0.4686
-0.4686
-0.4686
-0.4686
-0.4686000000000001
