FiniteElementSpace
FiniteElementCollection: H1_2D_P1
VDim: 1
Ordering: 0

-0.4686220611908915
-0.4686219211452741
-0.4686253470366163
-0.468630929199407
-0.4686360839210355
-0.4686403075539531
-0.4686411857425101
-0.4686417912048151
-0.4686436155914441
-0.4686473076479185
-0.4686566258207637
-0.4686700222192164
-0.4686875985866333
-0.4687017998381806
-0.4687095714038036
-0.4687140523154595
-0.4687187766115715
-0.4687256239587134
-0.4687294281023286
-0.4687273297316744
-0.4687229827234117
-0.4687198943221648
-0.4687161526892209
-0.4687089451845556
-0.4686987446058155
-0.4686909965514239
-0.4686874374701645
-0.4686847668006443
-0.4686789099227677
-0.4686713747060196
-0.4686614705593712
-0.4686489733602759
-0.4686323418244971
-0.4686176858293891
-0.4686040166109683
-0.4685911114603094
-0.4685760081634654
-0.4685579707744871
-0.4685380253006068
-0.4685208048258673
-0.4685080944420805
-0.4684957463119497
-0.4684799785114597
-0.4684639137536172
-0.4684511889481048
-0.4684447795330567
-0.4684463945209766
-0.4684526784592689
-0.4684560028140258
-0.4684569983530749
-0.4684569777873234
-0.4684603308287165
-0.4684693773251324
-0.4684826735744934
-0.4684968737148001
-0.4685027405884241
-0.4685021844333887
-0.4685018371563867
-0.4685059303514492
-0.4685143297752342
-0.4685231291703345
-0.4685306029969243
-0.4685346128302497
-0.4685349921777532
-0.4685347627064544
-0.468537632242332
-0.4685454753258731
-0.4685568558858728
-0.4685686922917363
-0.4685753024175268
-0.4685771325917353
-0.4685779024915087
-0.4685809493104836
-0.468582784763633
-0.4685788654906412
-0.4685704941068561
-0.4685625917769305
-0.4685619439804002
-0.4685707606049196
-0.4685857282193672
-0.4686028313987956
-0.4686190536773958
-0.4686329885200728
-0.4686402799815088
-0.4686364591193029
-0.4686230375351223
-0.4685899398062414
-0.4685405160263493
-0.4684847012408322
-0.4684540878237054
-0.4684837032735508
-0.468567344549974
-0.4686599287596532
-0.4687145487514706
-0.4687198844651008
-0.468679031475266
-0.4685999999968223
-0.4686228242751335
-0.4686235922044305
-0.4686250826265766
-0.4686285737883829
-0.4686317802242989
-0.4686352466090211
-0.4686360196719189
-0.4686364491517145
-0.4686383073384785
-0.4686414266314731
-0.4686505854713423
-0.4686637056819835
-0.4686817312228498
-0.4686985903821181
-0.4687135041853551
-0.4687217055429079
-0.4687273640561549
-0.4687298056532612
-0.4687311853135947
-0.4687276750104086
-0.468721872781462
-0.4687178069063382
-0.4687134865604309
-0.4687065583296618
-0.4686970441225732
-0.4686894788549581
-0.4686855391759961
-0.4686823912960317
-0.4686759967240164
-0.4686679526868389
-0.4686570584209848
-0.4686436147587952
-0.4686253266454556
-0.4686088376231162
-0.4685933210730952
-0.4685789484174882
-0.4685629353781897
-0.4685462447852746
-0.4685277431743831
-0.4685110499746752
-0.4684941874033011
-0.468477618819932
-0.4684575003399822
-0.4684384805443666
-0.4684228735671078
-0.4684140853827602
-0.4684136242735394
-0.4684196944119732
-0.4684270888482741
-0.468431412350141
-0.4684335071978888
-0.4684363900026334
-0.4684449546155611
-0.4684584562339233
-0.468470841345487
-0.4684778314522341
-0.4684803699750206
-0.4684804030601919
-0.4684836205392415
-0.4684908100589142
-0.4685013668375333
-0.4685090445928466
-0.4685128858827259
-0.4685147004175666
-0.4685142657933051
-0.4685166729904107
-0.4685229572285773
-0.4685344961095542
-0.4685460503491833
-0.4685541759857648
-0.4685576198340146
-0.4685605799816771
-0.4685625984307031
-0.4685639071061777
-0.4685596085837667
-0.4685510204718947
-0.4685431655406038
-0.4685425696998027
-0.4685513868110341
-0.468566838738434
-0.4685853065665437
-0.4686030868137819
-0.4686188555340794
-0.4686281694439574
-0.4686240875018149
-0.4686085500645835
-0.4685709696073097
-0.4685186701697147
-0.4684653772975966
-0.4684422761249684
-0.4684774186189327
-0.4685550478154107
-0.4686386999507532
-0.4686877027215796
-0.4686983737318883
-0.4686682810110714
-0.4685999999968223
-0.4686500775061567
-0.468649634921405
-0.4686479626991892
-0.4686462289274634
-0.4686464600731131
-0.468646491566554
-0.468646887159094
-0.4686471675785035
-0.468647848238895
-0.4686510882983975
-0.4686583534516259
-0.4686716530133567
-0.4686878290418462
-0.4687031550685754
-0.4687154322357248
-0.4687253178029807
-0.4687332973488202
-0.468738483079565
-0.4687395360812746
-0.4687374992749239
-0.4687344480171254
-0.4687318107854783
-0.4687288701551639
-0.4687237946041743
-0.4687174846902623
-0.4687115024083054
-0.4687064191439688
-0.4687009126432084
-0.468693878343719
-0.4686842813517415
-0.4686718417776397
-0.4686557678121917
-0.4686377651691529
-0.4686188388855773
-0.4686006585441208
-0.4685819079707519
-0.4685628612711483
-0.4685430092072916
-0.4685228767389556
-0.4685020069043653
-0.4684810554383848
-0.468460839872017
-0.4684408288893782
-0.4684213591856808
-0.4684050941806994
-0.4683952451546851
-0.4683927308507536
-0.4683952312296523
-0.4684001394449776
-0.4684052523778319
-0.4684104236504973
-0.4684168446676951
-0.468425523704971
-0.4684356668139113
-0.4684452218042623
-0.468453021299765
-0.4684586732257072
-0.4684627898153901
-0.4684671605913303
-0.4684736755787328
-0.4684812127366124
-0.4684880008293392
-0.4684927546383674
-0.4684958513263576
-0.4684986166826839
-0.4685021339707763
-0.4685078399805376
-0.4685155195990649
-0.4685241567321067
-0.4685321965970901
-0.4685387043078299
-0.4685432564665071
-0.4685462041214893
-0.4685474251185805
-0.4685462217850331
-0.4685429277425714
-0.468540810060287
-0.4685434542720862
-0.468553041016255
-0.4685686063690907
-0.4685868576047298
-0.4686042011438769
-0.4686179032837763
-0.4686250126483263
-0.4686225669593885
-0.4686052422744371
-0.4685719738499416
-0.4685273919298978
-0.4684890743896509
-0.4684808152784033
-0.4685091285087172
-0.4685617363535773
-0.4686147730201507
-0.4686519895824246
-0.4686613142345208
-0.4686445840241175
-0.4685999999968223
-0.4686754280736322
-0.4686744150870586
-0.4686707128613357
-0.4686670030192487
-0.4686651703978752
-0.468664087652103
-0.4686635331878076
-0.468663479918444
-0.468664202175966
-0.4686676065362954
-0.4686757955440757
-0.4686890882569086
-0.4687048550427705
-0.4687196840672507
-0.4687327794971157
-0.4687442321445887
-0.4687531964555754
-0.4687581112143419
-0.4687588674052658
-0.4687573815990486
-0.4687556405368938
-0.4687548530569029
-0.4687537781900612
-0.4687509789915226
-0.4687468763029186
-0.4687419894173501
-0.4687366544945468
-0.4687303882385254
-0.4687222694832197
-0.4687114878694693
-0.4686974779331958
-0.4686805614984119
-0.4686615310213657
-0.4686413703760774
-0.4686201373260849
-0.4685977279653775
-0.4685748915777264
-0.468552372313879
-0.4685289876625157
-0.4685040482986799
-0.4684786068879922
-0.4684549189901773
-0.468432549683062
-0.4684112575396271
-0.4683937450502412
-0.4683828568597895
-0.4683790893319497
-0.4683800743445868
-0.4683837811172522
-0.4683885867374238
-0.4683948592298199
-0.4684029806949969
-0.4684122902933073
-0.4684210890061777
-0.4684294979239083
-0.468438094791128
-0.4684460809432956
-0.468452781170144
-0.4684588796956063
-0.4684655345041399
-0.4684723530806136
-0.4684781921262191
-0.4684828752455351
-0.4684869631794666
-0.4684906274111907
-0.4684942684854824
-0.4684986354391536
-0.4685046154429716
-0.468512001968436
-0.4685204251760572
-0.4685278804105015
-0.468533162513298
-0.4685367302470583
-0.4685392673032289
-0.4685406292341488
-0.4685409216951031
-0.4685426181637914
-0.4685478773741255
-0.4685592512173091
-0.4685763436277487
-0.4685956498015352
-0.468613152206254
-0.4686258785929778
-0.4686323184067654
-0.4686293201847849
-0.4686148687103951
-0.4685863617767139
-0.4685497280034023
-0.4685199892177745
-0.468512797307619
-0.4685299235922013
-0.4685611330428097
-0.468596137052659
-0.4686248675913878
-0.4686364663233339
-0.46862818700564
-0.4685999999968223
-0.4687008870987313
-0.4687008297291954
-0.4686967197247531
-0.4686922660386615
-0.4686891336917567
-0.468686807276667
-0.4686853160700485
-0.468685102621669
-0.4686863342713428
-0.4686906088553122
-0.468699404300941
-0.4687125471145984
-0.4687276499400513
-0.4687422279408966
-0.4687558350358965
-0.4687684928032008
-0.4687787745689238
-0.4687851651355343
-0.4687874695599051
-0.4687876153015183
-0.4687872963373007
-0.4687878419476393
-0.4687883126663146
-0.468787462602698
-0.4687853849013818
-0.4687818642600313
-0.4687770344822798
-0.468770452220967
-0.4687615756450775
-0.4687497306000266
-0.4687345436311178
-0.4687163706242063
-0.4686955947127741
-0.4686726578068864
-0.46864712507811
-0.4686196220224474
-0.4685916623286973
-0.4685643832318074
-0.4685362114618307
-0.4685062440978083
-0.4684760921807136
-0.4684483350869852
-0.4684230015031642
-0.4683998482189831
-0.4683813403901738
-0.4683696113225131
-0.4683648056904757
-0.4683645326306905
-0.4683671886623889
-0.468371548241611
-0.4683782069047124
-0.4683867744447318
-0.4683958371904802
-0.4684039712726302
-0.4684122101158963
-0.4684217283227278
-0.4684312916327427
-0.4684397453731035
-0.4684471166439459
-0.4684542881303098
-0.4684609725638398
-0.4684665665112961
-0.4684710760240751
-0.4684750579189589
-0.4684784933601979
-0.4684818923580968
-0.4684858270566679
-0.4684914654340219
-0.468498781665991
-0.4685076933655019
-0.4685161424974151
-0.4685227316762006
-0.4685278542216739
-0.4685320924375309
-0.4685358597517461
-0.4685393624268714
-0.4685448098139127
-0.4685537895721565
-0.4685684152528413
-0.4685882374540859
-0.4686093804927301
-0.4686278149379984
-0.4686405760233829
-0.4686472555220405
-0.4686459727523959
-0.4686351509949704
-0.4686117562688656
-0.4685801187725933
-0.4685517542481337
-0.4685378532421328
-0.4685406234880682
-0.4685547353900021
-0.468578100598269
-0.4686011060045572
-0.4686132454334037
-0.4686119414184508
-0.4685999999968223
-0.4687233038638915
-0.4687238043525054
-0.4687192360247346
-0.468714242052238
-0.468710056912723
-0.46870651661827
-0.4687043468670732
-0.4687043234417386
-0.4687065522691058
-0.4687116315365525
-0.4687204639939949
-0.4687325149317579
-0.4687462266643744
-0.4687602424446158
-0.4687746854837097
-0.4687892039740826
-0.4688017955890547
-0.4688107015402928
-0.4688154485037688
-0.4688175197070309
-0.4688184419386477
-0.4688197337901765
-0.4688209358876217
-0.4688209308059471
-0.4688196268695138
-0.4688165561565424
-0.4688116571676436
-0.4688048226990947
-0.4687955918991509
-0.4687832315421385
-0.468767183485755
-0.4687476341761259
-0.4687248127295474
-0.4686988944869581
-0.4686690625693299
-0.4686359853747299
-0.468601882450581
-0.4685686645889719
-0.4685355312130019
-0.4685011781766703
-0.4684674972658711
-0.4684364018146492
-0.4684086678884047
-0.4683841447683489
-0.4683654382579397
-0.4683540177586068
-0.4683490496462223
-0.468347982221298
-0.4683493083609654
-0.4683522545750332
-0.468357466038181
-0.4683651491594884
-0.4683740070239426
-0.4683828364334707
-0.4683917844008746
-0.4684015792081803
-0.4684114909586014
-0.4684207125873223
-0.4684293110573854
-0.4684367531683598
-0.4684431312072633
-0.4684481313755417
-0.4684527886011402
-0.4684564550337529
-0.4684595150223752
-0.4684623943103974
-0.4684666460885266
-0.4684728909718042
-0.4684812205590721
-0.4684909371055448
-0.4685002317984743
-0.4685080308793215
-0.468515368749889
-0.4685225302718186
-0.4685293796483118
-0.4685357595572529
-0.4685441758805249
-0.4685561071726235
-0.4685737459221975
-0.4685958899282395
-0.4686187876975868
-0.4686382671495086
-0.4686526098033826
-0.4686614974322689
-0.4686634161558831
-0.4686560569053174
-0.4686362824505111
-0.4686065356094644
-0.4685762688635225
-0.4685542283632698
-0.4685448620231638
-0.468547389835865
-0.4685630642043359
-0.4685835167916559
-0.4686017575776133
-0.4686106740069076
-0.4685999999968223
-0.4687332277511046
-0.4687335549479304
-0.4687289322394864
-0.4687239597246194
-0.4687195562613632
-0.4687161123834657
-0.4687146358382255
-0.46871540204381
-0.4687185792078007
-0.4687235858707833
-0.4687316626196099
-0.4687429587960432
-0.4687564942317497
-0.4687713638407789
-0.468786821816524
-0.468802141223391
-0.4688149781978227
-0.4688243949469562
-0.4688297332164673
-0.4688320568118977
-0.4688322469298956
-0.4688305413882987
-0.4688268531197987
-0.4688207818876244
-0.4688127984405238
-0.4688033310251425
-0.4687936323791858
-0.4687848450210237
-0.4687763408044479
-0.4687666811675441
-0.4687546564347492
-0.4687394470641975
-0.4687211297642249
-0.4686998584940029
-0.4686716257524829
-0.4686366690623193
-0.4685984991492613
-0.4685612223244465
-0.4685265538950053
-0.4684907265720876
-0.4684549460991697
-0.4684194474207869
-0.4683881272418055
-0.468362532237157
-0.4683453472641921
-0.4683365805286899
-0.4683325837955213
-0.4683305896304632
-0.4683295609830052
-0.4683302436612022
-0.4683333785945299
-0.4683416112906694
-0.4683520291181169
-0.4683627925574793
-0.4683725685187423
-0.4683823836349976
-0.4683930589543708
-0.4684031944648661
-0.4684119579542342
-0.4684185375377303
-0.4684248415765294
-0.4684298767159913
-0.4684344734609518
-0.4684369699947701
-0.4684394854015139
-0.4684428289727022
-0.4684486337273392
-0.4684559397036198
-0.4684645953435409
-0.4684733526433043
-0.4684812638031701
-0.468489934295287
-0.4685005870430679
-0.4685113160207685
-0.4685206988547934
-0.4685284242130615
-0.4685385155473026
-0.4685526537702174
-0.4685727355349378
-0.4685963416613545
-0.4686208182735339
-0.4686421356826069
-0.4686602382482074
-0.4686733323422375
-0.4686794527050782
-0.4686739981900792
-0.4686553320536073
-0.4686233571945081
-0.4685880086006092
-0.4685574677550516
-0.4685403128941803
-0.4685379206839014
-0.4685509075160186
-0.4685772158235786
-0.4686010735532681
-0.4686127279391935
-0.4685999999968223
-0.4687267097360181
-0.4687264305145685
-0.4687224757464494
-0.4687186575749829
-0.4687156457859559
-0.4687137349648627
-0.4687137491886372
-0.4687160319667505
-0.4687204900735033
-0.4687261232091847
-0.4687340226665155
-0.4687449834896827
-0.468758359951048
-0.4687743383658176
-0.4687904743528546
-0.4688039736904139
-0.468811875087169
-0.4688145760145499
-0.4688107606918666
-0.4687989164748314
-0.468775624348143
-0.4687412502227853
-0.4686933663026974
-0.4686365799423801
-0.468574980569585
-0.4685153172184014
-0.468466141458007
-0.4684388512924477
-0.4684319545947821
-0.4684425889385068
-0.4684695739733832
-0.4685033507945582
-0.468537347407574
-0.4685671435854127
-0.4685786439159668
-0.4685706027402682
-0.4685508316795796
-0.4685263304172909
-0.468502037333141
-0.4684697815749889
-0.4684326690539843
-0.4683934655217846
-0.4683603067607964
-0.4683363963044476
-0.4683230300070079
-0.4683158444691516
-0.4683107890564865
-0.468306806038774
-0.4683044818900005
-0.4683046473196485
-0.4683076423451483
-0.4683156818509434
-0.4683262714297633
-0.4683382208442448
-0.4683507866872957
-0.4683631361615022
-0.4683739032387289
-0.4683830252663119
-0.4683905561805621
-0.4683972389902272
-0.4684032852883542
-0.4684082643201798
-0.4684126767768151
-0.4684157420045936
-0.4684189086578271
-0.4684226858903543
-0.4684287300765912
-0.4684366229164058
-0.4684455030835633
-0.4684540256334202
-0.4684615928532002
-0.4684710929119191
-0.4684829205746325
-0.4684941952854399
-0.4685045076504477
-0.4685135986239754
-0.4685239188823637
-0.4685390455203732
-0.468561626609474
-0.4685883318866687
-0.4686160907729572
-0.4686405076011386
-0.468664713230716
-0.4686843047738324
-0.4686965637674002
-0.4686922345280596
-0.4686706087219717
-0.4686276094501788
-0.4685795737889418
-0.46854126190133
-0.4685246759360537
-0.468527995381936
-0.4685443470131967
-0.4685695014651233
-0.4685920996545768
-0.4686046106160305
-0.4685999999968223
-0.4687066179080023
-0.4687059258867429
-0.4687037614197872
-0.4687029634363052
-0.4687026532651919
-0.4687019689879575
-0.4687023286796226
-0.4687059220325315
-0.4687141250723967
-0.4687232424861415
-0.4687307644915535
-0.4687391094349265
-0.4687512501885376
-0.4687659702624671
-0.4687751796084172
-0.4687726384518441
-0.4687521879596758
-0.4687085460684501
-0.4686319595090975
-0.4684980006571529
-0.4682916196338655
-0.4680027367758162
-0.4676322914728483
-0.467188025466426
-0.4667307347097085
-0.4662957975309525
-0.4659566646390662
-0.4657694411426322
-0.4657646369941292
-0.4659384235701745
-0.466254305429483
-0.4666597667306886
-0.4670914810546601
-0.4675077517707162
-0.4678427079079037
-0.4680777115971327
-0.4682335385751377
-0.4683334229638924
-0.4683858613073087
-0.4684002002106091
-0.4683801964298012
-0.4683471845702347
-0.4683207911708354
-0.4683057672695138
-0.4682977249047438
-0.4682883562176616
-0.4682784557629739
-0.4682732773701656
-0.4682695814065842
-0.4682712884789097
-0.4682737955072271
-0.4682809652770372
-0.4682891773613465
-0.46830357653166
-0.4683194270047129
-0.4683332488804757
-0.4683441932102115
-0.4683520629108827
-0.4683597483663204
-0.468366496958856
-0.4683725412010638
-0.4683778622633673
-0.4683821778039196
-0.4683855440890037
-0.4683878436118927
-0.4683915992766461
-0.4683979948364592
-0.4684070859395454
-0.46841631144632
-0.4684289374888582
-0.4684404632262346
-0.468449135944036
-0.4684567217733265
-0.4684672039240831
-0.4684811127292338
-0.4684904739177393
-0.4684982034184576
-0.4685127310461766
-0.4685390840599353
-0.468572847742776
-0.4686024691185373
-0.468631847343784
-0.4686635915267169
-0.4686959152674371
-0.4687131177593421
-0.4687132663060254
-0.4686816714271083
-0.4686212892727786
-0.4685496577425592
-0.4685087494290305
-0.4685103281351212
-0.4685295710783141
-0.4685368580163959
-0.468544710139379
-0.4685697673534376
-0.4685961964798327
-0.4685999999968223
