FiniteElementSpace
FiniteElementCollection: H1_2D_P1
VDim: 1
Ordering: 0

-0.4612714278631053
-0.4309292051889694
-0.3177167264125338
-0.1332396965720113
-0.03324413288712012
-0.006944363907002528
-0.001418858481174345
-0.0002961328617220275
-6.322497551997778e-05
-1.391477764185369e-05
-3.196972006304815e-06
-7.621171692928446e-07
-4.685840081506481e-07
-4.684976790608816e-07
-4.684127127414211e-07
-4.683369975102388e-07
-4.682811097824711e-07
-4.682396633011714e-07
-4.682103735979901e-07
-4.681837759694371e-07
-4.681615943467311e-07
-4.681385958979343e-07
-4.681081526594827e-07
-4.680725154213741e-07
-4.68037175517182e-07
-4.680097164349497e-07
-4.679830785560392e-07
-4.679590028908228e-07
-4.679350772794685e-07
-4.679169063648268e-07
-4.678962343535929e-07
-4.678762070314016e-07
-4.67857264888393e-07
-4.678446659762969e-07
-4.678337399657256e-07
-4.67824471249122e-07
-4.678190451981403e-07
-4.678238541553982e-07
-4.67839560242765e-07
-4.678616383358706e-07
-4.679003565377622e-07
-4.679608466115192e-07
-4.6804582258504e-07
-4.681312881658554e-07
-7.61343456108307e-07
-3.193632738598584e-06
-1.39004278951416e-05
-6.31620577667469e-05
-0.0002958467128274455
-0.001417516876447963
-0.006937849148361483
-0.03321317151321813
-0.1331166955568705
-0.3174264505820453
-0.4305402279577544
-0.4608602547264922
-0.4668675723334937
-0.4679639318001242
-0.468162536321963
-0.4682004563122104
-0.4682097406902236
-0.4682131532276065
-0.4682164486920711
-0.4682195409985974
-0.4682226784557131
-0.4682259614360914
-0.4682329804694832
-0.4682451667330791
-0.4682592315940196
-0.4682703875536427
-0.4682824096434525
-0.4683011727486521
-0.4683299477557399
-0.4683619535032495
-0.4683872247541392
-0.4684027865454433
-0.4684158977732881
-0.4684414848520909
-0.4684810758167654
-0.4685228434689059
-0.468551400658106
-0.4685630031076773
-0.468565322497152
-0.4685644206816858
-0.4685642047935972
-0.4685527897302898
-0.4685169315020211
-0.4684627241758573
-0.4684138071598496
-0.4683985693293675
-0.4684263127365625
-0.4684806089802445
-0.4685291163663398
-0.4685657747729107
-0.4685980181525191
-0.4686138699373127
-0.4685999999968223
-0.4490223768292499
-0.3761379026701253
-0.1971321072813007
-0.05495771698670122
-0.0113232616238982
-0.002206130629417111
-0.0004309130887988267
-8.653220302788027e-05
-1.779865919281853e-05
-3.774865693432061e-06
-8.306998500313523e-07
-4.686041984947863e-07
-4.685289188498401e-07
-4.684476173660403e-07
-4.683577564422119e-07
-4.682764729710379e-07
-4.682055967585219e-07
-4.681466165774015e-07
-4.680979121022356e-07
-4.680597180837757e-07
-4.68031461646159e-07
-4.6800442916697e-07
-4.679690806926436e-07
-4.67922757444927e-07
-4.678709957039816e-07
-4.678187309337744e-07
-4.677718498598167e-07
-4.677343295403537e-07
-4.677092690162334e-07
-4.676943921778681e-07
-4.676888314758405e-07
-4.676916000399674e-07
-4.67698240788098e-07
-4.677032749999677e-07
-4.677037936428917e-07
-4.677053378042875e-07
-4.677105184614123e-07
-4.677233659532933e-07
-4.677486828099413e-07
-4.677862784364175e-07
-4.678371191992905e-07
-4.679057099009471e-07
-4.679941522448998e-07
-4.680799678646399e-07
-4.681378313093832e-07
-8.298149444716724e-07
-3.770900695514362e-06
-1.778091666079346e-05
-8.644817885731239e-05
-0.0004305089451278564
-0.002204073541786393
-0.01131275762967038
-0.05490718499710376
-0.1969528382740324
-0.3758001512963403
-0.448623918660539
-0.4646880826281602
-0.467594608537943
-0.4681044681716759
-0.4681945910551307
-0.4682129310822422
-0.4682191283275122
-0.4682235556541049
-0.4682279775403139
-0.4682317225481121
-0.4682358440538851
-0.4682430037517544
-0.4682546310913616
-0.468268522681084
-0.4682796582814117
-0.4682913853058707
-0.4683088652557912
-0.4683359281595202
-0.4683661353645601
-0.4683926296770895
-0.4684072866662092
-0.4684229034660204
-0.4684482741625906
-0.4684899231366494
-0.4685313698341903
-0.4685585802420572
-0.4685702880194322
-0.4685726130545904
-0.4685708793771047
-0.468566372085532
-0.4685516187965149
-0.4685164712794223
-0.4684667221763729
-0.4684256572714067
-0.4684195905386377
-0.4684565384720928
-0.4685127342273233
-0.4685544462111481
-0.4685751810020662
-0.4685909942415089
-0.4686055384342869
-0.4685999999968223
-0.4209501623040292
-0.2819338660848396
-0.09807354367470654
-0.02101889492403895
-0.003919666747608332
-0.0007265682316230692
-0.0001372667084946391
-2.655170906724346e-05
-5.262891846344336e-06
-1.069109904065674e-06
-4.686028673726729e-07
-4.685275737203882e-07
-4.684491653345131e-07
-4.683643567778861e-07
-4.682803957123756e-07
-4.682050723026309e-07
-4.68143240069184e-07
-4.680915543545787e-07
-4.680449902006567e-07
-4.680042297918609e-07
-4.679700858972902e-07
-4.679368336715328e-07
-4.678973193976924e-07
-4.678515911906495e-07
-4.678044277774004e-07
-4.677574568642289e-07
-4.677117203310402e-07
-4.676715342208421e-07
-4.676421325675587e-07
-4.676229139638448e-07
-4.676117390713128e-07
-4.676077658166319e-07
-4.676112873126429e-07
-4.676197862871311e-07
-4.676298589269737e-07
-4.676402794153219e-07
-4.67652376093683e-07
-4.676712963971108e-07
-4.677002232691216e-07
-4.677395523557625e-07
-4.677876170119654e-07
-4.67850976397172e-07
-4.679310732733228e-07
-4.680113992984365e-07
-4.680734974165355e-07
-4.681197961705454e-07
-1.068016170381212e-06
-5.257698884244429e-06
-2.652659717182782e-05
-0.00013713911835602
-0.0007259008572286365
-0.003916100826945799
-0.0209999701536373
-0.09798620266938789
-0.2816854424346606
-0.420583100835266
-0.4593663630477728
-0.4667115654278354
-0.4679671043928985
-0.4681794578830378
-0.468219043552732
-0.468230426430168
-0.4682371055206911
-0.4682426480849264
-0.4682476529792236
-0.4682532234925851
-0.4682609793186038
-0.4682712422848719
-0.4682824343993132
-0.4682939439743571
-0.4683075467667935
-0.4683261019764283
-0.4683489949072958
-0.4683729801838752
-0.4683946077384091
-0.4684156373404774
-0.4684402026949254
-0.4684715041269419
-0.4685069117204796
-0.4685398293409255
-0.4685632090834175
-0.4685747436598418
-0.4685755423524898
-0.4685696080370184
-0.4685578397616176
-0.4685401933217327
-0.4685142129290777
-0.4684880299959751
-0.4684751447551249
-0.4684865448893935
-0.4685177179531514
-0.4685533133306807
-0.4685834004656498
-0.4686047900086462
-0.4686198630265689
-0.468621396106942
-0.4685999999968223
-0.3656795784612295
-0.1750599605346855
-0.04288078058720416
-0.007982250582325807
-0.001418860580557797
-0.000253928772658147
-4.619609213919686e-05
-8.55756990700012e-06
-1.634666180230369e-06
-4.686150009232489e-07
-4.68539520907825e-07
-4.684599286305399e-07
-4.683755107336438e-07
-4.682884593694324e-07
-4.682059856037582e-07
-4.681334005184675e-07
-4.680732877989658e-07
-4.680212418306505e-07
-4.679732799610292e-07
-4.679300107548208e-07
-4.678919104277601e-07
-4.678536283995264e-07
-4.678096676836413e-07
-4.677613690430579e-07
-4.677120905571382e-07
-4.676629970356249e-07
-4.676148606634483e-07
-4.675726408415462e-07
-4.675405132454111e-07
-4.67518840619989e-07
-4.675055739209569e-07
-4.675008514701339e-07
-4.675051946530983e-07
-4.675178035001795e-07
-4.675342476135072e-07
-4.675520507527376e-07
-4.675716283826318e-07
-4.6759842454065e-07
-4.676347186991153e-07
-4.676784662861329e-07
-4.677286086275358e-07
-4.677911908337411e-07
-4.678686667512292e-07
-4.679471240805163e-07
-4.680170539919724e-07
-4.680790716752769e-07
-4.681495506030466e-07
-1.633085873931194e-06
-8.54955974690316e-06
-4.615381423883788e-05
-0.0002536994274839964
-0.001417592373278115
-0.007975181908545447
-0.04284319535949348
-0.1749080345617172
-0.3653654338797793
-0.447457694632278
-0.4647094963005606
-0.4676526495655939
-0.4681391715576475
-0.468223378868915
-0.4682427667620772
-0.4682516257058553
-0.4682579788796795
-0.4682636287198437
-0.4682696733271856
-0.4682772851104105
-0.468286499169626
-0.468297086267039
-0.4683089527487115
-0.4683239623141596
-0.4683418892318089
-0.4683615409664603
-0.4683818371269245
-0.4684037958026676
-0.4684293461662776
-0.468458937572952
-0.4684911763917129
-0.4685226994285244
-0.4685503300774387
-0.468570042319596
-0.4685794198664215
-0.4685776504099141
-0.4685672198741354
-0.4685505991453786
-0.4685322363531727
-0.4685149447423104
-0.46850872509755
-0.468518009726229
-0.4685405894161306
-0.4685683844112701
-0.4685898030260542
-0.4686065710603576
-0.4686202539240026
-0.4686322622454947
-0.4686299047614492
-0.4685999999968223
-0.281939521804965
-0.0929291342815886
-0.01835382376520383
-0.003165342614120706
-0.000540967469419521
-9.316131611300738e-05
-1.64300508574341e-05
-2.933083447247769e-06
-5.399463558719741e-07
-4.685617624717914e-07
-4.684810572519531e-07
-4.683946602678937e-07
-4.683040684184854e-07
-4.68214351985914e-07
-4.68130787156292e-07
-4.680575797084491e-07
-4.679968431711228e-07
-4.679437904326887e-07
-4.678942301189754e-07
-4.67848791543743e-07
-4.678080247360495e-07
-4.677668256482744e-07
-4.677203133658628e-07
-4.676701892063147e-07
-4.676195306129625e-07
-4.675689403264903e-07
-4.675192061038907e-07
-4.674752551710864e-07
-4.674411232444175e-07
-4.674169579986588e-07
-4.674011645013929e-07
-4.673945873198696e-07
-4.673988995105948e-07
-4.674138740311943e-07
-4.674351608244759e-07
-4.674594665829239e-07
-4.674863350888998e-07
-4.675205107948652e-07
-4.67563755586665e-07
-4.676137066835993e-07
-4.676686749571189e-07
-4.677338649133258e-07
-4.678119576541612e-07
-4.678929006413024e-07
-4.679701642626122e-07
-4.680424322000229e-07
-4.681172780327941e-07
-5.394408096110433e-07
-2.930400006793165e-06
-1.641536035294948e-05
-9.307891720936387e-05
-0.0005404927379404851
-0.003162584731812852
-0.01833796712540069
-0.09284959799264959
-0.281700788573931
-0.423174857353782
-0.4604459380984222
-0.466991269929877
-0.4680491631125751
-0.4682224903626364
-0.4682555139746323
-0.4682658094203686
-0.4682720639235069
-0.4682775899148076
-0.4682836757502107
-0.4682910399242908
-0.468300139781741
-0.4683115029443284
-0.4683252308046349
-0.4683411265647995
-0.4683580563325681
-0.4683755117683745
-0.4683952127825188
-0.4684189821058132
-0.4684471730407757
-0.4684775937139247
-0.4685079124848951
-0.4685354564052402
-0.4685591101075567
-0.4685764188728692
-0.4685845926331987
-0.4685814566273571
-0.4685687684462133
-0.4685508861577011
-0.4685345564405611
-0.4685261369840469
-0.4685320212001135
-0.4685526412333291
-0.4685785432209062
-0.4686001316485834
-0.4686102348915609
-0.4686170231562269
-0.4686279935592103
-0.4686384205905514
-0.4686323448139132
-0.4685999999968223
-0.1901482946299491
-0.04584722160522913
-0.007982488770248328
-0.001318177389543325
-0.0002177398611446624
-3.634004698207164e-05
-6.176005910435021e-06
-1.069101621512817e-06
-4.685945753689867e-07
-4.685140812211786e-07
-4.684282718672575e-07
-4.683369916754211e-07
-4.682436714808961e-07
-4.681527118842107e-07
-4.680677843178948e-07
-4.679931589869898e-07
-4.679307789305011e-07
-4.678756185223221e-07
-4.678236672529599e-07
-4.677769711620201e-07
-4.677354626756462e-07
-4.67692800347505e-07
-4.676448410772385e-07
-4.67594582836495e-07
-4.67544352738487e-07
-4.674931359944413e-07
-4.674417631140335e-07
-4.673966713455611e-07
-4.673614941713622e-07
-4.673352908455076e-07
-4.673157353965038e-07
-4.6730522635403e-07
-4.67306615600304e-07
-4.673215329734264e-07
-4.673459374139363e-07
-4.673765171437796e-07
-4.67411147792646e-07
-4.674530517760771e-07
-4.675028196047095e-07
-4.675581093692876e-07
-4.676186016125912e-07
-4.676897161914995e-07
-4.677723501336231e-07
-4.678575946179338e-07
-4.679388551396113e-07
-4.680174970975176e-07
-4.680942989719065e-07
-4.681744720919947e-07
-1.068150810403663e-06
-6.170603205120966e-06
-3.630851578123335e-05
-0.0002175520141540166
-0.001317046930374911
-0.007975697539244609
-0.04580856218915421
-0.1899897849258021
-0.3803238107823987
-0.4519589731036542
-0.4656704903352778
-0.467862657294794
-0.4682086281649164
-0.468266674301566
-0.4682798884251362
-0.4682865720609263
-0.4682922606175582
-0.4682983380680555
-0.4683057388004242
-0.4683156168972821
-0.4683282373612806
-0.4683431197390486
-0.4683585926021638
-0.4683742315271073
-0.4683910484703541
-0.4684118650464497
-0.4684371997544457
-0.4684654390638643
-0.4684936666505147
-0.4685200033672033
-0.4685438260112648
-0.4685660466147947
-0.4685838524923318
-0.4685931581626512
-0.4685911340988032
-0.4685792587526003
-0.4685625170706212
-0.4685464123693175
-0.4685402515385785
-0.4685482089312385
-0.4685696937892296
-0.4685933157766896
-0.4686085936157481
-0.4686130923662203
-0.4686164277006721
-0.4686242531737331
-0.4686335413880208
-0.4686296652939936
-0.4685999999968223
-0.1147567131854035
-0.02242195726234412
-0.003665333438761679
-0.0005823973069395419
-9.31642049083252e-05
-1.516720930646788e-05
-2.484121312437773e-06
-4.686299052959334e-07
-4.68553333395467e-07
-4.684706122507115e-07
-4.68382402741641e-07
-4.682936367961461e-07
-4.682058921381585e-07
-4.681174754675567e-07
-4.680319616560672e-07
-4.679566619880246e-07
-4.678910608628974e-07
-4.678314981714476e-07
-4.677777515152588e-07
-4.677320840240718e-07
-4.676895116689081e-07
-4.676442015129768e-07
-4.675968445150064e-07
-4.675496033195508e-07
-4.674997311674466e-07
-4.674460666263838e-07
-4.673933876291263e-07
-4.673503000419867e-07
-4.673153665259758e-07
-4.672853418476521e-07
-4.672585321775511e-07
-4.672410412984856e-07
-4.67236093661527e-07
-4.672481678873707e-07
-4.672746233525314e-07
-4.673119706563822e-07
-4.673558844759371e-07
-4.674053108575982e-07
-4.674598780132058e-07
-4.675188428827242e-07
-4.675873610186654e-07
-4.676679952088342e-07
-4.677570998025913e-07
-4.678450961247787e-07
-4.679249330945252e-07
-4.680044648797442e-07
-4.680822826856015e-07
-4.681591759736228e-07
-4.682252001695677e-07
-2.481980805077289e-06
-1.515420983426386e-05
-9.308499327210375e-05
-0.0005819067527288221
-0.003662277099538571
-0.02240343591138594
-0.1146630706715102
-0.317484859238534
-0.4367192298059158
-0.4631854096493639
-0.4675092780264107
-0.4681712576773085
-0.4682753328922148
-0.4682960689578184
-0.4683045261536408
-0.4683108003228432
-0.4683169615356759
-0.4683245416519839
-0.4683347893356011
-0.4683475258925479
-0.4683615175790988
-0.4683753298824382
-0.4683895885988416
-0.4684069329319404
-0.4684290994866614
-0.4684548985218193
-0.4684811970977912
-0.4685053225631537
-0.4685274784156782
-0.4685499254520349
-0.4685734011363231
-0.4685940882731031
-0.4686069141072055
-0.4686090626974087
-0.468600502453515
-0.4685841098826503
-0.4685654551833718
-0.4685541739704278
-0.4685558262391088
-0.4685693502438857
-0.4685869458688871
-0.4685999322680468
-0.4686052562346115
-0.4686112861887195
-0.4686222055800351
-0.4686321915440844
-0.4686284049227398
-0.4685999999968223
-0.0659550213000718
-0.01132436946747346
-0.001769553401898847
-0.0002734007736481515
-4.264782871187172e-05
-6.732050205669065e-06
-1.069148453807079e-06
-4.686065142415867e-07
-4.685143766217538e-07
-4.684290406010654e-07
-4.683485732138519e-07
-4.682693568565604e-07
-4.681841116286806e-07
-4.680925731722175e-07
-4.68004886699905e-07
-4.679297933014759e-07
-4.678603742615931e-07
-4.677990634042594e-07
-4.677463837380778e-07
-4.677005613794918e-07
-4.676554572226945e-07
-4.676103223496629e-07
-4.675668697302394e-07
-4.675220046181176e-07
-4.674707098538221e-07
-4.674171820242367e-07
-4.673674155158686e-07
-4.673273366838154e-07
-4.672899989632913e-07
-4.672548669494263e-07
-4.672220420110215e-07
-4.671980431965965e-07
-4.671870921764048e-07
-4.671943136797917e-07
-4.6722104976368e-07
-4.672626676281447e-07
-4.673151483067356e-07
-4.673709452593102e-07
-4.674294724095921e-07
-4.674894551511845e-07
-4.675671312662039e-07
-4.676588412989128e-07
-4.677558110136108e-07
-4.678457132858378e-07
-4.679219247642066e-07
-4.68002082579426e-07
-4.68083230183517e-07
-4.681625532093179e-07
-4.682312135123205e-07
-1.068245973939718e-06
-6.726353774148574e-06
-4.261222897183898e-05
-0.0002731754628891902
-0.001768111172561031
-0.01131523029261238
-0.06590226282793156
-0.2442248435723351
-0.4115579585260858
-0.4589076890127333
-0.4668911283481825
-0.4680976592347936
-0.4682807153381276
-0.468314143329645
-0.468325061668994
-0.4683318184714407
-0.4683377334805209
-0.4683449533286306
-0.4683548091696919
-0.4683667908751394
-0.4683789583692812
-0.4683906236834283
-0.4684036630494685
-0.4684215079741786
-0.4684445809710551
-0.4684699729861187
-0.4684933816880527
-0.4685133451899837
-0.4685326097885826
-0.4685553010577795
-0.4685811275291316
-0.4686059767998263
-0.4686244937475396
-0.4686331312477846
-0.4686296829272877
-0.4686142056204866
-0.4685916420744556
-0.4685692138371963
-0.4685555167838684
-0.4685552985640382
-0.4685696066871468
-0.4685912571701127
-0.4686096393057369
-0.4686191657704039
-0.468622361072539
-0.4686212405766611
-0.4686158203759446
-0.4685999999968223
-0.037896678408013
-0.006040670873597174
-0.0009121229750470379
-0.0001372854579981196
-2.088912536915424e-05
-3.197360744381345e-06
-4.95420798079931e-07
-4.685684648525743e-07
-4.68471672178104e-07
-4.683955245631738e-07
-4.683327704990758e-07
-4.682564481904669e-07
-4.681579489666357e-07
-4.680557930744063e-07
-4.679704622967181e-07
-4.678943909946919e-07
-4.67823611259484e-07
-4.67757517830208e-07
-4.677071029326528e-07
-4.676635774004251e-07
-4.676173037488563e-07
-4.675725700455877e-07
-4.675338029831691e-07
-4.674926506362812e-07
-4.674413247708534e-07
-4.673848866484453e-07
-4.673387694824857e-07
-4.673009380909737e-07
-4.672666510121266e-07
-4.672270764956107e-07
-4.671877550762919e-07
-4.67160951152893e-07
-4.671485883658644e-07
-4.671521314876022e-07
-4.671751269247746e-07
-4.672175605792693e-07
-4.672782510712581e-07
-4.673432781303426e-07
-4.673984240678091e-07
-4.674610652189739e-07
-4.675409600668002e-07
-4.676479442049435e-07
-4.677555840892284e-07
-4.678486473260821e-07
-4.679266951940814e-07
-4.680066310179139e-07
-4.680945229393744e-07
-4.681807777111986e-07
-4.682480819883815e-07
-4.950195936113423e-07
-3.194674101598089e-06
-2.087189268926456e-05
-0.0001371738158166449
-0.000911388964149719
-0.006035834302155035
-0.03786631342390829
-0.1749501291026988
-0.3759054393687041
-0.4520259948711426
-0.4658873220324037
-0.4679694105980821
-0.468279852174128
-0.4683322081709098
-0.4683462397659144
-0.4683524160050422
-0.4683568868501961
-0.4683627228546335
-0.4683722030181127
-0.4683840476935305
-0.468394919486091
-0.4684037786626745
-0.4684149099531444
-0.468432662025041
-0.4684570567031488
-0.4684823755407956
-0.4685033012936053
-0.4685193238331202
-0.4685363530793643
-0.4685596653185148
-0.4685885188657565
-0.4686173075160136
-0.468641317379409
-0.4686568440626947
-0.4686605691121171
-0.4686484981064827
-0.468620862620005
-0.4685823645536527
-0.4685447527211186
-0.4685270801393806
-0.4685488019228677
-0.4686029818980789
-0.468642835888639
-0.4686386593817777
-0.468608401211474
-0.4685953373359227
-0.4685983588004403
-0.4685999999968223
