FiniteElementSpace
FiniteElementCollection: H1_3D_P1
VDim: 1
Ordering: 0

-0.1935708382669131
-0.04177750452232995
-0.006307736501083902
-0.0008919899538610904
-0.0001252653955450234
-1.762865290978222e-05
-2.490505969071566e-06
-4.686e-07
-4.686e-07
-4.686e-07
-4.686e-07
-4.686e-07
-4.686e-07
-4.686e-07
-4.686e-07
-4.686e-07
-4.686e-07
-4.686e-07
-4.686e-07
-4.686e-07
-4.686e-07
-4.686e-07
-4.686e-07
-4.686e-07
-4.686e-07
-4.686e-07
-4.686e-07
-4.686e-07
-4.686e-07
-4.686e-07
-4.686e-07
-4.686e-07
-4.686e-07
-4.686e-07
-4.686e-07
-4.686e-07
-4.686e-07
-4.686e-07
-4.686e-07
-4.686e-07
-4.686e-07
-4.686e-07
-4.686e-07
-2.490505969071566e-06
-1.762865290978222e-05
-0.0001252653955450234
-0.0008919899538610904
-0.006307736501083902
-0.04177750452232995
-0.1935708382669131
-0.3914198197359725
-0.4561411756215233
-0.4668366658074453
-0.468355719398579
-0.4685662989065376
-0.4685953580186093
-0.4685993613519494
-0.4685999122227376
-0.4685999879467003
-0.4685999983462589
-0.4685999997732762
-0.4685999999689386
-0.4685999999957473
-0.4685999999994181
-0.4685999999999204
-0.4685999999999891
-0.4685999999999986
-0.4685999999999998
-0.4686
-0.4686
-0.4686
-0.4686
-0.4686
-0.4686
-0.4686
-0.4686
-0.4686
-0.4686
-0.4686
-0.4686
-0.4686000000000001
-0.235471373090526
-0.05847079732277724
-0.009276433025446009
-0.001342268633791983
-0.0001922871786882577
-2.763519190041009e-05
-3.994954059804945e-06
-5.816147243453029e-07
-4.686e-07
-4.686e-07
-4.686e-07
-4.686e-07
-4.686e-07
-4.686e-07
-4.686e-07
-4.686e-07
-4.686e-07
-4.686e-07
-4.686e-07
-4.686e-07
-4.686e-07
-4.686e-07
-4.686e-07
-4.686e-07
-4.686e-07
-4.686e-07
-4.686e-07
-4.686e-07
-4.686e-07
-4.686e-07
-4.686e-07
-4.686e-07
-4.686e-07
-4.686e-07
-4.686e-07
-4.686e-07
-4.686e-07
-4.686e-07
-4.686e-07
-4.686e-07
-4.686e-07
-4.686e-07
-5.816147243453029e-07
-3.994954059804945e-06
-2.763519190041009e-05
-0.0001922871786882577
-0.001342268633791983
-0.009276433025446009
-0.05847079732277724
-0.235471373090526
-0.4113062133841018
-0.459617762703719
-0.4673219709769269
-0.4684211445653645
-0.4685750719317707
-0.4685965331042168
-0.4685995186737777
-0.4685999332784666
-0.4685999907640649
-0.4685999987231603
-0.4685999998236892
-0.4685999999756808
-0.4685999999966489
-0.4685999999995387
-0.4685999999999366
-0.4685999999999913
-0.4685999999999988
-0.4685999999999998
-0.4686
-0.4686
-0.4686
-0.4686
-0.4686
-0.4686
-0.4686
-0.4686
-0.4686
-0.4686
-0.4686
-0.4686
-0.4686
-0.285921887845776
-0.08602627548777722
-0.01473640126770583
-0.002199156862941392
-0.0003227359975357805
-4.75515755992523e-05
-7.062438112381542e-06
-1.059187966021025e-06
-4.686e-07
-4.686e-07
-4.686e-07
-4.686e-07
-4.686e-07
-4.686e-07
-4.686e-07
-4.686e-07
-4.686e-07
-4.686e-07
-4.686e-07
-4.686e-07
-4.686e-07
-4.686e-07
-4.686e-07
-4.686e-07
-4.686e-07
-4.686e-07
-4.686e-07
-4.686e-07
-4.686e-07
-4.686e-07
-4.686e-07
-4.686e-07
-4.686e-07
-4.686e-07
-4.686e-07
-4.686e-07
-4.686e-07
-4.686e-07
-4.686e-07
-4.686e-07
-4.686e-07
-4.686e-07
-1.059187966021025e-06
-7.062438112381542e-06
-4.75515755992523e-05
-0.0003227359975357805
-0.002199156862941392
-0.01473640126770583
-0.08602627548777722
-0.285921887845776
-0.4293653390977654
-0.4625786945209594
-0.46773581478315
-0.4684775405639967
-0.4685827209440288
-0.4685975688232075
-0.4685996587605754
-0.4685999522084626
-0.4685999933200155
-0.4685999990680211
-0.4685999998701901
-0.4685999999819474
-0.468599999997493
-0.4685999999996524
-0.4685999999999518
-0.4685999999999934
-0.4685999999999991
-0.4685999999999999
-0.4686
-0.4686
-0.4686
-0.4686
-0.4686
-0.4686
-0.4686
-0.4686
-0.4686
-0.4686
-0.4686
-0.4686
-0.4686
-0.3389270330125871
-0.1298201364231493
-0.02508376935656423
-0.003908097996166469
-0.0005902831500900449
-8.947977620245945e-05
-1.370219945229332e-05
-2.124749410166582e-06
-4.686e-07
-4.686e-07
-4.686e-07
-4.686e-07
-4.686e-07
-4.686e-07
-4.686e-07
-4.686e-07
-4.686e-07
-4.686e-07
-4.686e-07
-4.686e-07
-4.686e-07
-4.686e-07
-4.686e-07
-4.686e-07
-4.686e-07
-4.686e-07
-4.686e-07
-4.686e-07
-4.686e-07
-4.686e-07
-4.686e-07
-4.686e-07
-4.686e-07
-4.686e-07
-4.686e-07
-4.686e-07
-4.686e-07
-4.686e-07
-4.686e-07
-4.686e-07
-4.686e-07
-4.686e-07
-2.124749410166582e-06
-1.370219945229332e-05
-8.947977620245945e-05
-0.0005902831500900449
-0.003908097996166469
-0.02508376935656423
-0.1298201364231493
-0.3389270330125871
-0.4438502349307926
-0.4648422592195507
-0.4680540733044625
-0.4685214908756906
-0.4685887630323629
-0.4685983975072506
-0.4685997722044769
-0.4685999677131762
-0.4685999954359962
-0.4685999993564178
-0.4685999999094506
-0.4685999999872865
-0.4685999999982184
-0.4685999999997508
-0.4685999999999652
-0.4685999999999951
-0.4685999999999994
-0.4685999999999999
-0.4686
-0.4686
-0.4686
-0.4686
-0.4686
-0.4686
-0.4686
-0.4686
-0.4686
-0.4686
-0.4686
-0.4686
-0.4686
-0.3862900016463653
-0.1935708382669131
-0.04507909751711137
-0.007492556654437239
-0.001171878230285076
-0.0001833856258065322
-2.904166804126764e-05
-4.670460328174264e-06
-7.647125809878918e-07
-4.686e-07
-4.686e-07
-4.686e-07
-4.686e-07
-4.686e-07
-4.686e-07
-4.686e-07
-4.686e-07
-4.686e-07
-4.686e-07
-4.686e-07
-4.686e-07
-4.686e-07
-4.686e-07
-4.686e-07
-4.686e-07
-4.686e-07
-4.686e-07
-4.686e-07
-4.686e-07
-4.686e-07
-4.686e-07
-4.686e-07
-4.686e-07
-4.686e-07
-4.686e-07
-4.686e-07
-4.686e-07
-4.686e-07
-4.686e-07
-4.686e-07
-4.686e-07
-7.647125809878918e-07
-4.670460328174264e-06
-2.904166804126764e-05
-0.0001833856258065322
-0.001171878230285076
-0.007492556654437239
-0.04507909751711137
-0.1935708382669131
-0.3862900016463653
-0.4541944519364106
-0.4664127854316877
-0.468277274580741
-0.4685528014261326
-0.4685931346751748
-0.4685990059398055
-0.4685998566542165
-0.4685999794062375
-0.4685999970514909
-0.4685999995791691
-0.4685999999401092
-0.4685999999914992
-0.4685999999987964
-0.46859999999983
-0.4685999999999761
-0.4685999999999966
-0.4685999999999996
-0.4685999999999999
-0.4686
-0.4686
-0.4686
-0.4686
-0.4686
-0.4686
-0.4686
-0.4686
-0.4686
-0.4686
-0.4686
-0.4686
-0.4686
-0.4219213737224691
-0.2724890888516788
-0.08316699610818097
-0.01536153116899147
-0.002513303593888967
-0.0004075232415260356
-6.691634079289145e-05
-1.118773769614079e-05
-1.910553380072289e-06
-4.686e-07
-4.686e-07
-4.686e-07
-4.686e-07
-4.686e-07
-4.686e-07
-4.686e-07
-4.686e-07
-4.686e-07
-4.686e-07
-4.686e-07
-4.686e-07
-4.686e-07
-4.686e-07
-4.686e-07
-4.686e-07
-4.686e-07
-4.686e-07
-4.686e-07
-4.686e-07
-4.686e-07
-4.686e-07
-4.686e-07
-4.686e-07
-4.686e-07
-4.686e-07
-4.686e-07
-4.686e-07
-4.686e-07
-4.686e-07
-4.686e-07
-4.686e-07
-1.910553380072289e-06
-1.118773769614079e-05
-6.691634079289145e-05
-0.0004075232415260356
-0.002513303593888967
-0.01536153116899147
-0.08316699610818097
-0.2724890888516788
-0.4219213737224691
-0.4608338972007752
-0.4674099457423533
-0.4684211445653645
-0.4685733478099031
-0.4685960535581193
-0.4685994188874569
-0.4685999148622185
-0.4685999875840113
-0.4685999981969641
-0.4685999997391803
-0.4685999999624056
-0.4685999999945991
-0.4685999999992265
-0.4685999999998895
-0.4685999999999843
-0.4685999999999978
-0.4685999999999997
-0.4686
-0.4686
-0.4686
-0.4686
-0.4686
-0.4686
-0.4686
-0.4686
-0.4686
-0.4686
-0.4686
-0.4686
-0.4686
-0.4686000000000001
-0.1935708382669131
-0.04177750452232995
-0.006307736501083902
-0.0008919899538610904
-0.0001252653955450234
-1.762865290978222e-05
-2.490505969071566e-06
-4.686e-07
-4.686e-07
-4.686e-07
-4.686e-07
-4.686e-07
-4.686e-07
-4.686e-07
-4.686e-07
-4.686e-07
-4.686e-07
-4.686e-07
-4.686e-07
-4.686e-07
-4.686e-07
-4.686e-07
-4.686e-07
-4.686e-07
-4.686e-07
-4.686e-07
-4.686e-07
-4.686e-07
-4.686e-07
-4.686e-07
-4.686e-07
-4.686e-07
-4.686e-07
-4.686e-07
-4.686e-07
-4.686e-07
-4.686e-07
-4.686e-07
-4.686e-07
-4.686e-07
-4.686e-07
-4.686e-07
-4.686e-07
-2.490505969071566e-06
-1.762865290978222e-05
-0.0001252653955450234
-0.0008919899538610904
-0.006307736501083902
-0.04177750452232995
-0.1935708382669131
-0.3914198197359725
-0.4561411756215233
-0.4668366658074453
-0.468355719398579
-0.4685662989065376
-0.4685953580186093
-0.4685993613519494
-0.4685999122227376
-0.4685999879467003
-0.4685999983462589
-0.4685999997732762
-0.4685999999689386
-0.4685999999957473
-0.4685999999994181
-0.4685999999999204
-0.4685999999999891
-0.4685999999999986
-0.4685999999999998
-0.4686
-0.4686
-0.4686
-0.4686
-0.4686
-0.4686
-0.4686
-0.4686
-0.4686
-0.4686
-0.4686
-0.4686
-0.4686000000000001
-0.235471373090526
-0.05847079732277724
-0.009276433025446009
-0.001342268633791983
-0.0001922871786882577
-2.763519190041009e-05
-3.994954059804945e-06
-5.816147243453029e-07
-4.686e-07
-4.686e-07
-4.686e-07
-4.686e-07
-4.686e-07
-4.686e-07
-4.686e-07
-4.686e-07
-4.686e-07
-4.686e-07
-4.686e-07
-4.686e-07
-4.686e-07
-4.686e-07
-4.686e-07
-4.686e-07
-4.686e-07
-4.686e-07
-4.686e-07
-4.686e-07
-4.686e-07
-4.686e-07
-4.686e-07
-4.686e-07
-4.686e-07
-4.686e-07
-4.686e-07
-4.686e-07
-4.686e-07
-4.686e-07
-4.686e-07
-4.686e-07
-4.686e-07
-4.686e-07
-5.816147243453029e-07
-3.994954059804945e-06
-2.763519190041009e-05
-0.0001922871786882577
-0.001342268633791983
-0.009276433025446009
-0.05847079732277724
-0.235471373090526
-0.4113062133841018
-0.459617762703719
-0.4673219709769269
-0.4684211445653645
-0.4685750719317707
-0.4685965331042168
-0.4685995186737777
-0.4685999332784666
-0.4685999907640649
-0.4685999987231603
-0.4685999998236892
-0.4685999999756808
-0.4685999999966489
-0.4685999999995387
-0.4685999999999366
-0.4685999999999913
-0.4685999999999988
-0.4685999999999998
-0.4686
-0.4686
-0.4686
-0.4686
-0.4686
-0.4686
-0.4686
-0.4686
-0.4686
-0.4686
-0.4686
-0.4686
-0.4686
-0.285921887845776
-0.08602627548777722
-0.01473640126770583
-0.002199156862941392
-0.0003227359975357805
-4.75515755992523e-05
-7.062438112381542e-06
-1.059187966021025e-06
-4.686e-07
-4.686e-07
-4.686e-07
-4.686e-07
-4.686e-07
-4.686e-07
-4.686e-07
-4.686e-07
-4.686e-07
-4.686e-07
-4.686e-07
-4.686e-07
-4.686e-07
-4.686e-07
-4.686e-07
-4.686e-07
-4.686e-07
-4.686e-07
-4.686e-07
-4.686e-07
-4.686e-07
-4.686e-07
-4.686e-07
-4.686e-07
-4.686e-07
-4.686e-07
-4.686e-07
-4.686e-07
-4.686e-07
-4.686e-07
-4.686e-07
-4.686e-07
-4.686e-07
-4.686e-07
-1.059187966021025e-06
-7.062438112381542e-06
-4.75515755992523e-05
-0.0003227359975357805
-0.002199156862941392
-0.01473640126770583
-0.08602627548777722
-0.285921887845776
-0.4293653390977654
-0.4625786945209594
-0.46773581478315
-0.4684775405639967
-0.4685827209440288
-0.4685975688232075
-0.4685996587605754
-0.4685999522084626
-0.4685999933200155
-0.4685999990680211
-0.4685999998701901
-0.4685999999819474
-0.468599999997493
-0.4685999999996524
-0.4685999999999518
-0.4685999999999934
-0.4685999999999991
-0.4685999999999999
-0.4686
-0.4686
-0.4686
-0.4686
-0.4686
-0.4686
-0.4686
-0.4686
-0.4686
-0.4686
-0.4686
-0.4686
-0.4686
-0.3389270330125871
-0.1298201364231493
-0.02508376935656423
-0.003908097996166469
-0.0005902831500900449
-8.947977620245945e-05
-1.370219945229332e-05
-2.124749410166582e-06
-4.686e-07
-4.686e-07
-4.686e-07
-4.686e-07
-4.686e-07
-4.686e-07
-4.686e-07
-4.686e-07
-4.686e-07
-4.686e-07
-4.686e-07
-4.686e-07
-4.686e-07
-4.686e-07
-4.686e-07
-4.686e-07
-4.686e-07
-4.686e-07
-4.686e-07
-4.686e-07
-4.686e-07
-4.686e-07
-4.686e-07
-4.686e-07
-4.686e-07
-4.686e-07
-4.686e-07
-4.686e-07
-4.686e-07
-4.686e-07
-4.686e-07
-4.686e-07
-4.686e-07
-4.686e-07
-2.124749410166582e-06
-1.370219945229332e-05
-8.947977620245945e-05
-0.0005902831500900449
-0.003908097996166469
-0.02508376935656423
-0.1298201364231493
-0.3389270330125871
-0.4438502349307926
-0.4648422592195507
-0.4680540733044625
-0.4685214908756906
-0.4685887630323629
-0.4685983975072506
-0.4685997722044769
-0.4685999677131762
-0.4685999954359962
-0.4685999993564178
-0.4685999999094506
-0.4685999999872865
-0.4685999999982184
-0.4685999999997508
-0.4685999999999652
-0.4685999999999951
-0.4685999999999994
-0.4685999999999999
-0.4686
-0.4686
-0.4686
-0.4686
-0.4686
-0.4686
-0.4686
-0.4686
-0.4686
-0.4686
-0.4686
-0.4686
-0.4686
-0.3862900016463653
-0.1935708382669131
-0.04507909751711137
-0.007492556654437239
-0.001171878230285076
-0.0001833856258065322
-2.904166804126764e-05
-4.670460328174264e-06
-7.647125809878918e-07
-4.686e-07
-4.686e-07
-4.686e-07
-4.686e-07
-4.686e-07
-4.686e-07
-4.686e-07
-4.686e-07
-4.686e-07
-4.686e-07
-4.686e-07
-4.686e-07
-4.686e-07
-4.686e-07
-4.686e-07
-4.686e-07
-4.686e-07
-4.686e-07
-4.686e-07
-4.686e-07
-4.686e-07
-4.686e-07
-4.686e-07
-4.686e-07
-4.686e-07
-4.686e-07
-4.686e-07
-4.686e-07
-4.686e-07
-4.686e-07
-4.686e-07
-4.686e-07
-7.647125809878918e-07
-4.670460328174264e-06
-2.904166804126764e-05
-0.0001833856258065322
-0.001171878230285076
-0.007492556654437239
-0.04507909751711137
-0.1935708382669131
-0.3862900016463653
-0.4541944519364106
-0.4664127854316877
-0.468277274580741
-0.4685528014261326
-0.4685931346751748
-0.4685990059398055
-0.4685998566542165
-0.4685999794062375
-0.4685999970514909
-0.4685999995791691
-0.4685999999401092
-0.4685999999914992
-0.4685999999987964
-0.46859999999983
-0.4685999999999761
-0.4685999999999966
-0.4685999999999996
-0.4685999999999999
-0.4686
-0.4686
-0.4686
-0.4686
-0.4686
-0.4686
-0.4686
-0.4686
-0.4686
-0.4686
-0.4686
-0.4686
-0.4686
-0.4219213737224691
-0.2724890888516788
-0.08316699610818097
-0.01536153116899147
-0.002513303593888967
-0.0004075232415260356
-6.691634079289145e-05
-1.118773769614079e-05
-1.910553380072289e-06
-4.686e-07
-4.686e-07
-4.686e-07
-4.686e-07
-4.686e-07
-4.686e-07
-4.686e-07
-4.686e-07
-4.686e-07
-4.686e-07
-4.686e-07
-4.686e-07
-4.686e-07
-4.686e-07
-4.686e-07
-4.686e-07
-4.686e-07
-4.686e-07
-4.686e-07
-4.686e-07
-4.686e-07
-4.686e-07
-4.686e-07
-4.686e-07
-4.686e-07
-4.686e-07
-4.686e-07
-4.686e-07
-4.686e-07
-4.686e-07
-4.686e-07
-4.686e-07
-1.910553380072289e-06
-1.118773769614079e-05
-6.691634079289145e-05
-0.0004075232415260356
-0.002513303593888967
-0.01536153116899147
-0.08316699610818097
-0.2724890888516788
-0.4219213737224691
-0.4608338972007752
-0.4674099457423533
-0.4684211445653645
-0.4685733478099031
-0.4685960535581193
-0.4685994188874569
-0.4685999148622185
-0.4685999875840113
-0.4685999981969641
-0.4685999997391803
-0.4685999999624056
-0.4685999999945991
-0.4685999999992265
-0.4685999999998895
-0.4685999999999843
-0.4685999999999978
-0.4685999999999997
-0.4686
-0.4686
-0.4686
-0.4686
-0.4686
-0.4686
-0.4686
-0.4686
-0.4686
-0.4686
-0.4686
-0.4686
-0.4686
-0.4686000000000001
