FiniteElementSpace
FiniteElementCollection: H1_2D_P1
VDim: 1
Ordering: 0

-0.4686222118913614
-0.4686197593144777
-0.4686145667441711
-0.4686127351327049
-0.4686137712034174
-0.4686162860128458
-0.4686179854004196
-0.46861755247283
-0.4686171279113993
-0.4686165148610857
-0.468618895662098
-0.4686231817041464
-0.468628488590457
-0.4686341594532711
-0.4686384181955036
-0.4686452332294103
-0.4686544246616399
-0.4686659167293865
-0.4686764662241847
-0.4686842457164762
-0.4686911039068999
-0.4686988543256199
-0.4687099205622207
-0.4687210348980092
-0.4687291243245451
-0.468732457496815
-0.4687331899440921
-0.4687335952944842
-0.46873344771273
-0.4687307722264445
-0.4687251490193632
-0.4687208452029385
-0.4687215216069655
-0.4687258159947217
-0.4687357946305148
-0.4687461195776332
-0.4687540258125446
-0.4687510711139143
-0.4687473911595397
-0.4687511501459486
-0.4687590595109949
-0.4687558681807045
-0.4687366721904399
-0.4687174010320224
-0.4687083027681809
-0.4687075810911749
-0.4687086077565533
-0.4687087046882665
-0.4687076383808941
-0.4687066046121948
-0.4687051419023186
-0.4687045324840515
-0.4687043304406242
-0.4687055891600397
-0.4687094195416166
-0.4687157237895322
-0.4687217971123827
-0.4687273570725169
-0.4687359229593558
-0.4687506596856795
-0.4687702119399371
-0.4687802267264052
-0.46878519995033
-0.4687882568944221
-0.4687910583487047
-0.4687834537509512
-0.4687614595827407
-0.4687413529209329
-0.4687292929377418
-0.4687234041459629
-0.4687205648296097
-0.4687186228380529
-0.4687181627354407
-0.4687176767669528
-0.4687160584302916
-0.4687130495703737
-0.4687110551908665
-0.4687146950966481
-0.4687227335168181
-0.4687290434394409
-0.4687317662450207
-0.4687304082329876
-0.468730196221937
-0.4687252133332954
-0.4687074215791121
-0.4686783246304279
-0.4686252684227633
-0.4685626504238046
-0.4685032412405587
-0.4684760338806379
-0.4684753536133707
-0.4684932073214564
-0.4685267191687993
-0.4685859865488824
-0.4686458718545518
-0.4686560450444964
-0.4685999999968223
-0.4686145019601815
-0.4686143301822934
-0.4686111397565432
-0.4686095454148662
-0.4686108560584776
-0.4686126711608893
-0.4686128896846337
-0.4686105562610391
-0.4686088234120859
-0.4686067688886838
-0.4686076574134547
-0.4686101395264616
-0.4686143445289598
-0.4686201156656774
-0.4686249304687585
-0.4686326882644726
-0.4686431951134234
-0.4686562439601763
-0.4686678084826075
-0.4686754952956904
-0.468682104360766
-0.4686897209537249
-0.4687009807410249
-0.4687120587242756
-0.4687201533482739
-0.4687236060520229
-0.4687245627026806
-0.4687245603488741
-0.4687234442416141
-0.4687196697225263
-0.4687133333390304
-0.4687082434439064
-0.4687087948142877
-0.4687125280719074
-0.4687223086657462
-0.4687316723072149
-0.4687427941706083
-0.4687521836282043
-0.4687542123714303
-0.4687581005563954
-0.4687535778381791
-0.4687419049665303
-0.4687193056632858
-0.4686998166333777
-0.4686931532757471
-0.4686938659282038
-0.4686963719512472
-0.4686982885183663
-0.468699164158873
-0.4686992667725449
-0.4686985385490889
-0.4686985473358489
-0.468699108043479
-0.4687005995004517
-0.4687038417234908
-0.468709166953652
-0.4687144531080429
-0.4687194706797846
-0.468728196069459
-0.4687424472873988
-0.4687607872734074
-0.4687783554594681
-0.4687857740331015
-0.4687873849441135
-0.4687799947831952
-0.4687660098058539
-0.4687434024464164
-0.4687217037113548
-0.4687080031411857
-0.4687019575260716
-0.4687004281911938
-0.4687002168180867
-0.468701820715714
-0.4687033235734128
-0.468703730373326
-0.4687024309958142
-0.4687017258317433
-0.4687060607862407
-0.4687152254148035
-0.4687227235196459
-0.4687271403294134
-0.4687267922569468
-0.4687273659348433
-0.4687223830490982
-0.4687006846697742
-0.4686667318875026
-0.4686080004914839
-0.4685427628049944
-0.4684834941419671
-0.4684632599774728
-0.4684724258631834
-0.4684950580522039
-0.4685235760264349
-0.4685702625656494
-0.4686233092589934
-0.4686405761176252
-0.4685999999968223
-0.4686217448706051
-0.4686219022626785
-0.4686220909148528
-0.4686230196913973
-0.4686266563954241
-0.4686286162451429
-0.4686284402569891
-0.4686268551066358
-0.4686261678845859
-0.4686260925554305
-0.4686276897137884
-0.4686301579813285
-0.4686348617225284
-0.4686390534684355
-0.4686448749679865
-0.4686533881692956
-0.4686655120037345
-0.4686765216482391
-0.4686842522139493
-0.4686900488101906
-0.4686973916775948
-0.4687064145168625
-0.4687152810030646
-0.4687220554664865
-0.4687275510918381
-0.4687316596951981
-0.4687345227780761
-0.4687344671581838
-0.4687320795466222
-0.4687275736516455
-0.4687240245403128
-0.4687224656144978
-0.4687242278169202
-0.4687292034956445
-0.468736706739681
-0.4687449615378833
-0.4687511539723908
-0.4687542119155269
-0.4687565322774205
-0.4687587035381002
-0.4687574401126073
-0.4687478668607611
-0.4687330726134185
-0.4687187368318864
-0.4687101227924175
-0.4687049136856307
-0.4687028429971584
-0.4687017648725869
-0.468702736343122
-0.4687026880402931
-0.4687029837104889
-0.468703151065708
-0.4687046219761974
-0.4687070831981982
-0.468710334500129
-0.4687141367477646
-0.4687188293008554
-0.46872438901646
-0.4687331843370932
-0.4687460139630734
-0.4687585619754524
-0.4687683176799747
-0.4687740236767645
-0.4687756206400638
-0.4687725328004155
-0.4687625479232319
-0.4687479119674149
-0.4687311070990482
-0.4687173279770938
-0.4687085314536196
-0.4687049462382474
-0.4687043731871477
-0.4687058008888906
-0.4687055077291066
-0.4687047457564816
-0.468703688453932
-0.4687065783902387
-0.4687112222498049
-0.4687166130600033
-0.4687201065696127
-0.4687230655621854
-0.4687262012637795
-0.468726434943236
-0.4687165321813759
-0.4686950849576154
-0.4686585211491499
-0.4686128112165813
-0.4685588282894076
-0.4685179862216561
-0.4685016065413866
-0.468509740708575
-0.4685272871427261
-0.4685528013776649
-0.4685874088238584
-0.4686175159602693
-0.4686262473464958
-0.4685999999968223
-0.4686146196939356
-0.4686140313965125
-0.4686152364948249
-0.4686170651470419
-0.4686188307929931
-0.4686190992434671
-0.4686187470888723
-0.4686181601235896
-0.4686185070584785
-0.4686199006284806
-0.4686228660335771
-0.4686262410853827
-0.4686304223681717
-0.4686349152767175
-0.4686417220702062
-0.4686511406019
-0.4686612451020109
-0.4686688275273315
-0.4686744970194123
-0.4686802673092698
-0.4686867099536807
-0.4686926564185389
-0.4686980920305461
-0.4687033715099434
-0.4687084065383137
-0.4687119510652789
-0.4687133465397502
-0.4687123772084577
-0.4687103307686199
-0.4687082784285301
-0.4687069972126325
-0.4687061301394924
-0.4687073570838494
-0.4687115842795021
-0.4687196250110628
-0.4687290582369358
-0.468737107364766
-0.4687424581160183
-0.4687458413492216
-0.4687474801408498
-0.4687449144380006
-0.4687356998094619
-0.4687227407771444
-0.4687100587425238
-0.4687000576764932
-0.4686907510277605
-0.468685159725041
-0.4686847046238392
-0.4686863362284057
-0.4686856704048246
-0.4686832801963303
-0.4686825008211999
-0.4686837670501359
-0.4686865607403555
-0.4686894928320768
-0.4686923194513048
-0.468696448953804
-0.4687017342794201
-0.4687100096220531
-0.4687214962212662
-0.4687328824018154
-0.4687431840798875
-0.4687495062533881
-0.4687504722082326
-0.4687468362570703
-0.4687395516661994
-0.4687288515737733
-0.4687149881964316
-0.4687018542393876
-0.4686919495853606
-0.4686876617708111
-0.4686872152086912
-0.4686882119290646
-0.4686864161904256
-0.4686844688701864
-0.4686849821473399
-0.4686880399887307
-0.4686910672334876
-0.4686937530357014
-0.4686970218825805
-0.4687012130640421
-0.4687037825806666
-0.4687004142904218
-0.4686883725418328
-0.468667907861282
-0.4686402394973568
-0.4686034348845859
-0.4685612320434001
-0.4685292924241921
-0.46851914405633
-0.468524678225927
-0.4685345232342062
-0.4685518767004701
-0.4685790769271838
-0.4686034042286648
-0.4686120577090199
-0.4685999999968223
-0.4685990012660506
-0.4685970898128007
-0.4685977543495217
-0.468598303576537
-0.4685980228418244
-0.4685977651675974
-0.4685978363322291
-0.468598401507776
-0.4685995605483169
-0.4686018910446825
-0.4686050298721204
-0.4686083943654293
-0.4686125231605589
-0.4686172069187693
-0.4686234342571426
-0.4686310604747307
-0.4686385082011404
-0.4686439788747908
-0.4686479044673618
-0.4686517582199294
-0.4686554491346493
-0.4686589807260215
-0.468662404539311
-0.4686660938744966
-0.4686692393212634
-0.4686713299454329
-0.4686717916753551
-0.4686711351595856
-0.4686701482084707
-0.4686697870493952
-0.46866966132204
-0.4686695204325504
-0.4686707633923605
-0.4686751758831376
-0.4686836944598227
-0.4686946918008765
-0.4687051497389399
-0.4687125773911334
-0.4687170011381286
-0.4687182332349634
-0.4687149570542387
-0.4687058144524867
-0.4686938788737657
-0.4686822124241
-0.4686716160373727
-0.4686616219772879
-0.4686556635536736
-0.4686555630744715
-0.4686564062930148
-0.468655109225224
-0.468652423367546
-0.4686518698350893
-0.468652669728068
-0.4686542126764445
-0.4686557196396356
-0.4686574886622804
-0.4686613472665617
-0.4686666696618156
-0.4686743536829899
-0.4686849347958976
-0.4686955372136736
-0.4687052070333619
-0.4687104001019745
-0.4687103244374333
-0.4687071192815109
-0.4687019870721565
-0.4686940997678479
-0.4686826054096207
-0.46867076865188
-0.4686614627842868
-0.4686571835053167
-0.4686564439748572
-0.4686563138129446
-0.468654153198229
-0.4686521336099081
-0.4686529094230173
-0.46865454790797
-0.4686559711599596
-0.4686570394785192
-0.4686593667639888
-0.4686621788614522
-0.4686631730474765
-0.4686583033826684
-0.4686474509347064
-0.4686316506817592
-0.4686129705027972
-0.4685869606467107
-0.4685561877884242
-0.4685314187891975
-0.4685204176801727
-0.4685181285798006
-0.4685182604298488
-0.468529438190693
-0.4685516315575
-0.468574675077169
-0.4685905509889957
-0.4685999999968223
-0.4685892533971074
-0.4685868955512524
-0.4685883056492488
-0.4685884607802683
-0.468587509929197
-0.4685872436558614
-0.468587866095984
-0.4685887952755979
-0.4685899915806861
-0.4685921403157564
-0.46859513187818
-0.4685982136796895
-0.4686016639206996
-0.4686050168016568
-0.4686093375670121
-0.4686146032520786
-0.4686195186449978
-0.4686225414413202
-0.4686243723078087
-0.4686264350056682
-0.468628484591032
-0.4686302825431169
-0.4686318740144786
-0.4686337595658482
-0.4686354700204612
-0.4686366457320753
-0.4686367503661134
-0.468636196056146
-0.4686358412544718
-0.4686364931434307
-0.4686373960583669
-0.4686376916183038
-0.468638597589265
-0.4686421566202154
-0.4686499405753695
-0.4686606506062556
-0.4686711821898607
-0.4686787682043117
-0.4686833077066747
-0.4686847400000929
-0.4686819704627709
-0.4686739239901274
-0.4686638537656014
-0.4686544638821248
-0.468645982105202
-0.4686372571523921
-0.4686317507339047
-0.4686316159232815
-0.4686327230762991
-0.4686321873474246
-0.4686303381389015
-0.4686298734173651
-0.4686297873762643
-0.4686300067497745
-0.4686304010095733
-0.4686315209895022
-0.4686349365291261
-0.4686394592526791
-0.468645596201783
-0.4686539867103118
-0.4686624242099466
-0.4686705980061462
-0.4686751340701219
-0.4686751333906944
-0.4686726383357804
-0.4686689743837188
-0.4686633605484393
-0.4686545268140502
-0.4686449820647278
-0.4686369434269542
-0.4686330122525026
-0.468632098969509
-0.4686318071652623
-0.4686295050959027
-0.4686273732301398
-0.4686276861877668
-0.4686284505652928
-0.468628517789192
-0.4686280385835059
-0.4686288330459895
-0.4686303762410031
-0.4686304472322483
-0.4686255583171264
-0.468616733029284
-0.468606503967122
-0.4685972010306091
-0.468582855529364
-0.4685625114260024
-0.4685429545203686
-0.4685299379429763
-0.4685201631433712
-0.4685116773026634
-0.4685156727159581
-0.4685324476329988
-0.468558471529268
-0.4685843741734174
-0.4685999999968223
-0.468598792058369
-0.4686041579404621
-0.4686063960023638
-0.4686065245968577
-0.4686057776302007
-0.4686057854451407
-0.4686062305157894
-0.4686066103137065
-0.4686071981901934
-0.4686086773497045
-0.4686108796821434
-0.4686129470101197
-0.4686148995773136
-0.4686163946481276
-0.4686185667342498
-0.4686216263448182
-0.4686242270709216
-0.4686252760592035
-0.4686257789585879
-0.4686268825724303
-0.4686279393380642
-0.4686286361180786
-0.468629163925308
-0.4686299517634889
-0.4686307396730577
-0.4686313255433528
-0.4686312113709835
-0.4686306981151663
-0.4686306575802833
-0.4686316097440985
-0.4686324863477859
-0.4686322774292247
-0.4686321570455784
-0.4686341488170286
-0.468639735880613
-0.4686478537023835
-0.4686557632517587
-0.4686613905364911
-0.4686651051771927
-0.4686667905999264
-0.4686650242937829
-0.468659148550213
-0.4686525526111682
-0.4686471229905477
-0.4686416998685917
-0.468635300285666
-0.4686315348923516
-0.4686322829694088
-0.4686335483761674
-0.4686333233132495
-0.4686323006654209
-0.4686320519542084
-0.4686315194694738
-0.4686310214038767
-0.4686309851604307
-0.4686315078788242
-0.4686335733191558
-0.4686361761815194
-0.468639684572688
-0.4686451537392539
-0.4686510492123533
-0.4686571569317223
-0.4686606081166819
-0.4686603718805916
-0.4686587167076101
-0.4686566624439703
-0.468653169325674
-0.4686471931074456
-0.4686406168902779
-0.4686349484874593
-0.4686323192141361
-0.4686320222908487
-0.4686316897678912
-0.4686294507531938
-0.4686276112852347
-0.4686280148816948
-0.4686283235816261
-0.4686276592064
-0.4686266188952238
-0.4686265971579289
-0.4686272293170086
-0.4686267561538271
-0.4686224500772601
-0.4686162657492317
-0.4686117520993864
-0.4686100512047793
-0.4686040064350845
-0.4685916255700711
-0.4685785394623483
-0.468567427532835
-0.4685543085893178
-0.4685391664498897
-0.4685346297531609
-0.4685477986022339
-0.4685704001052974
-0.4685944992543602
-0.4685999999968223
-0.4686244012983374
-0.4686284730436987
-0.4686279703189873
-0.468627935331558
-0.4686276868738099
-0.4686276585791568
-0.4686276298108125
-0.4686275204457028
-0.4686275690903411
-0.4686280226152762
-0.468628947145443
-0.4686299058618407
-0.4686305313207095
-0.4686309764647497
-0.468631891162165
-0.4686332134586589
-0.4686341471134272
-0.4686344906996951
-0.4686347503321955
-0.4686352178365157
-0.4686356299184492
-0.4686358798256251
-0.4686360488412343
-0.4686362695303593
-0.4686365648032996
-0.4686367407924
-0.468636522535243
-0.4686361707051666
-0.4686362459698581
-0.4686367208181814
-0.468636892960974
-0.4686363036460177
-0.4686356746641114
-0.4686363934299395
-0.4686392739087735
-0.4686434984470031
-0.4686473849837483
-0.4686502448334195
-0.4686525230343099
-0.4686538015693392
-0.4686529174161685
-0.4686502173740764
-0.468647648093556
-0.4686455357095111
-0.4686429259947968
-0.4686403247439764
-0.4686393205854625
-0.4686399536129423
-0.4686406037765077
-0.4686407266934129
-0.4686405905044325
-0.4686403804382426
-0.4686398153816028
-0.4686390366268641
-0.4686386873180155
-0.4686388325556459
-0.4686396035395712
-0.4686409238899209
-0.4686425773854768
-0.4686449662872779
-0.4686479323678759
-0.4686507023167681
-0.4686520911049986
-0.4686519874022967
-0.4686513402607378
-0.4686502615314824
-0.4686483878252348
-0.4686455724180997
-0.4686423532222016
-0.4686397345100123
-0.4686387777931754
-0.4686388641533223
-0.4686385395056238
-0.4686376494801544
-0.4686371616393953
-0.4686373712775582
-0.4686373565603691
-0.4686368133896345
-0.4686361483364313
-0.4686359459845089
-0.4686361789107705
-0.4686355426388308
-0.4686327600601493
-0.4686298045825004
-0.4686291562656926
-0.4686293655900373
-0.4686266453172703
-0.4686212724090527
-0.4686154510153729
-0.4686074887227942
-0.4685955651941582
-0.4685828937583121
-0.4685781661214729
-0.4685874263687292
-0.4686005022492599
-0.4686074012409281
-0.4685999999968223
-0.4685999999968228
-0.4685999999968223
-0.4685999999968223
-0.4685999999968223
-0.4685999999968223
-0.4685999999968223
-0.4685999999968223
-0.4685999999968223
-0.4685999999968223
-0.4685999999968223
-0.4685999999968223
-0.4685999999968223
-0.4685999999968223
-0.4685999999968223
-0.4685999999968223
-0.4685999999968223
-0.4685999999968223
-0.4685999999968223
-0.4685999999968222
-0.4685999999968222
-0.4685999999968222
-0.4685999999968222
-0.4685999999968221
-0.4685999999968221
-0.4685999999968221
-0.468599999996822
-0.4685999999968219
-0.4685999999968219
-0.4685999999968219
-0.4685999999968219
-0.468599999996822
-0.4685999999968221
-0.4685999999968221
-0.4685999999968221
-0.4685999999968222
-0.4685999999968222
-0.4685999999968222
-0.4685999999968222
-0.4685999999968223
-0.4685999999968223
-0.4685999999968223
-0.4685999999968223
-0.4685999999968223
-0.4685999999968223
-0.4685999999968223
-0.4685999999968223
-0.4685999999968223
-0.4685999999968223
-0.4685999999968223
-0.4685999999968223
-0.4685999999968223
-0.4685999999968223
-0.4685999999968223
-0.4685999999968223
-0.4685999999968223
-0.4685999999968223
-0.4685999999968223
-0.4685999999968223
-0.4685999999968223
-0.4685999999968223
-0.4685999999968223
-0.4685999999968223
-0.4685999999968223
-0.4685999999968223
-0.4685999999968223
-0.4685999999968223
-0.4685999999968223
-0.4685999999968223
-0.4685999999968223
-0.4685999999968223
-0.4685999999968223
-0.4685999999968223
-0.4685999999968223
-0.4685999999968223
-0.4685999999968223
-0.4685999999968223
-0.4685999999968223
-0.4685999999968223
-0.4685999999968223
-0.4685999999968223
-0.4685999999968223
-0.4685999999968223
-0.4685999999968223
-0.4685999999968223
-0.4685999999968223
-0.4685999999968223
-0.4685999999968223
-0.4685999999968223
-0.4685999999968223
-0.4685999999968223
-0.4685999999968223
-0.4685999999968223
-0.4685999999968223
-0.4685999999968223
-0.4685999999968223
-0.4685999999968223
-0.4685999999968228
