FiniteElementSpace
FiniteElementCollection: H1_2D_P1
VDim: 1
Ordering: 0

-0.4685999999968228
-0.4685999999968223
-0.4685999999968223
-0.4685999999968223
-0.4685999999968223
-0.4685999999968223
-0.4685999999968223
-0.4685999999968223
-0.4685999999968223
-0.4685999999968223
-0.4685999999968223
-0.4685999999968223
-0.4685999999968223
-0.4685999999968223
-0.4685999999968223
-0.4685999999968223
-0.4685999999968223
-0.4685999999968223
-0.4685999999968223
-0.4685999999968223
-0.4685999999968223
-0.4685999999968223
-0.4685999999968223
-0.4685999999968223
-0.4685999999968223
-0.4685999999968223
-0.4685999999968223
-0.4685999999968222
-0.4685999999968222
-0.4685999999968223
-0.4685999999968223
-0.4685999999968223
-0.4685999999968223
-0.4685999999968223
-0.4685999999968223
-0.4685999999968223
-0.4685999999968223
-0.4685999999968223
-0.4685999999968223
-0.4685999999968223
-0.4685999999968223
-0.4685999999968223
-0.4685999999968223
-0.4685999999968223
-0.4685999999968223
-0.4685999999968223
-0.4685999999968223
-0.4685999999968223
-0.4685999999968223
-0.4685999999968223
-0.4685999999968223
-0.4685999999968223
-0.4685999999968223
-0.4685999999968223
-0.4685999999968223
-0.4685999999968223
-0.4685999999968223
-0.4685999999968223
-0.4685999999968223
-0.4685999999968223
-0.4685999999968223
-0.4685999999968223
-0.4685999999968223
-0.4685999999968223
-0.4685999999968223
-0.4685999999968223
-0.4685999999968223
-0.4685999999968223
-0.4685999999968223
-0.4685999999968223
-0.4685999999968223
-0.4685999999968223
-0.4685999999968223
-0.4685999999968223
-0.4685999999968223
-0.4685999999968223
-0.4685999999968223
-0.4685999999968223
-0.4685999999968223
-0.4685999999968223
-0.4685999999968223
-0.4685999999968223
-0.4685999999968223
-0.4685999999968223
-0.4685999999968223
-0.4685999999968223
-0.4685999999968223
-0.4685999999968223
-0.4685999999968223
-0.4685999999968223
-0.4685999999968223
-0.4685999999968223
-0.4685999999968223
-0.4685999999968223
-0.4685999999968223
-0.4685999999968223
-0.4685999999968228
-0.4685969902289659
-0.4685998759264667
-0.4685980302194284
-0.4685971808943336
-0.4685975914660211
-0.4685984197498864
-0.4685992878633053
-0.468600709812931
-0.4686027819644206
-0.4686047748984548
-0.4686068938221238
-0.4686100949602983
-0.4686142834928363
-0.4686178148387295
-0.4686194778215582
-0.4686198484971096
-0.4686196903859549
-0.4686190424531646
-0.4686175510051799
-0.4686152547152727
-0.4686125823148538
-0.468610216812132
-0.4686083912521288
-0.4686068957487485
-0.4686055884919609
-0.4686046795072724
-0.4686041885798037
-0.4686036360073392
-0.4686027876618917
-0.4686019519347088
-0.4686013756622504
-0.4686009521556864
-0.4686005293943554
-0.4686001610440786
-0.4686004900524818
-0.4686019407595843
-0.4686040587057718
-0.4686055146642251
-0.4686052556860051
-0.4686034510587314
-0.4686008163831764
-0.4685979377327664
-0.4685948488389414
-0.4685914918329681
-0.468588241291648
-0.4685859887020908
-0.468585601678512
-0.4685871289516216
-0.4685898438581818
-0.4685927616901938
-0.4685953577598955
-0.4685976703669149
-0.4685997017271003
-0.4686010801408966
-0.4686015654925067
-0.4686014442663689
-0.4686012800073944
-0.4686015064355811
-0.4686024646984897
-0.468604281433652
-0.4686064761547619
-0.4686081176489617
-0.4686085050156562
-0.4686077461018335
-0.4686064823782874
-0.4686054569766877
-0.468605346820099
-0.4686063175856577
-0.4686078234469734
-0.4686089542735933
-0.4686088970389984
-0.4686075605560364
-0.4686055357554985
-0.4686036941549288
-0.4686020624414067
-0.4685999664360431
-0.4685974193903042
-0.4685955413433458
-0.4685948300080396
-0.4685945328125182
-0.4685939906254486
-0.4685933725139699
-0.468592986841717
-0.468592473500981
-0.4685916503243097
-0.4685907675982954
-0.4685896110770817
-0.4685874952306099
-0.468584401917425
-0.4685815409916972
-0.4685793930913452
-0.4685780807770091
-0.4685787233297729
-0.4685817205474382
-0.4685876334615364
-0.468596282351068
-0.4685999999968223
-0.4685941116652683
-0.4685910446454336
-0.4685879684440801
-0.4685880865014546
-0.46858926072028
-0.4685899696257297
-0.468591347842043
-0.4685944065768538
-0.4685984744730488
-0.4686019888759854
-0.4686068284918296
-0.4686148944185879
-0.4686239021436998
-0.4686303471893687
-0.4686330638111864
-0.4686338550903344
-0.4686336611103308
-0.4686322717615871
-0.4686289568924496
-0.4686240884103886
-0.4686187837989206
-0.468614486395045
-0.4686110486830792
-0.4686078409586826
-0.468605163478951
-0.4686034641470394
-0.4686023374927995
-0.4686008044258398
-0.4685988229141482
-0.4685971898638285
-0.4685960721433314
-0.468594869991341
-0.4685936078650965
-0.4685925531974
-0.4685935995267939
-0.4685974746845669
-0.4686020586205509
-0.4686044667602736
-0.468603154967046
-0.4685990575571136
-0.4685936429497981
-0.4685879029310606
-0.4685814731604373
-0.4685742173245088
-0.4685675527147081
-0.4685635198816753
-0.468563672226271
-0.4685675150011343
-0.4685730535680441
-0.468578485427799
-0.4685834027898214
-0.4685881155919235
-0.4685923071620381
-0.4685949295136923
-0.4685957213510181
-0.4685954375256683
-0.4685950937369558
-0.4685956187326141
-0.4685979473160156
-0.4686021975714542
-0.4686068293327769
-0.4686098787559269
-0.4686101890765841
-0.46860818638891
-0.4686053763573412
-0.4686033244720185
-0.4686035157812861
-0.4686061536112934
-0.4686095366840388
-0.4686117600728753
-0.4686111386786195
-0.4686079416943005
-0.4686039347852668
-0.4686006091545408
-0.4685969457325208
-0.4685917707552534
-0.4685864016152205
-0.468583343975996
-0.4685823679438221
-0.4685815186076084
-0.4685805455731202
-0.4685797598481348
-0.4685791705099417
-0.468578122613194
-0.4685766375855054
-0.4685752376626711
-0.4685727010774894
-0.4685679930049241
-0.4685619192124501
-0.4685568862576248
-0.4685523934738198
-0.4685482099907621
-0.4685496586164087
-0.4685598197901182
-0.4685747035459341
-0.4685929529166643
-0.4685999999968223
-0.4685705451018237
-0.4685662109033244
-0.4685674478793157
-0.4685687238588432
-0.4685686507274887
-0.4685680263556869
-0.4685697012299233
-0.4685743808836386
-0.4685807923127699
-0.4685874866454396
-0.4685965554639275
-0.4686091034283005
-0.4686214164584174
-0.4686296831391381
-0.4686331146707388
-0.4686340657560677
-0.4686336049953774
-0.4686314596228078
-0.4686267515202522
-0.4686202635102164
-0.4686135647730667
-0.4686081042054911
-0.4686033402149182
-0.4685984935740683
-0.4685941360839444
-0.4685908247322279
-0.4685881524472271
-0.4685851974523904
-0.4685819457362905
-0.4685790801932475
-0.4685768222052903
-0.4685744673313101
-0.4685723749540626
-0.4685712188308533
-0.4685730614882622
-0.4685780445803076
-0.4685829388201019
-0.4685843502059052
-0.4685808297832282
-0.4685739382153783
-0.4685656051297157
-0.468556939093929
-0.4685476398941615
-0.4685379403485322
-0.4685299938285771
-0.4685261774408806
-0.468527711590098
-0.4685332424759639
-0.4685401468294804
-0.4685467535774724
-0.468553172947402
-0.4685597913712168
-0.4685658661260574
-0.4685699061118529
-0.4685716036238931
-0.4685719074169432
-0.4685722011499844
-0.4685738253787282
-0.4685778342168976
-0.4685839836862808
-0.4685900551320998
-0.4685936399849386
-0.4685936230611457
-0.4685908007910023
-0.4685873486960282
-0.4685853813598742
-0.4685864479533885
-0.468590461248428
-0.4685950204558275
-0.4685976080038984
-0.4685961941626883
-0.468591485112844
-0.4685857351892633
-0.4685803101765783
-0.4685739201964031
-0.4685660814341555
-0.4685590402385103
-0.4685553610139246
-0.4685543701039993
-0.4685538359390716
-0.4685536257429038
-0.4685536588424453
-0.4685533984233042
-0.4685521442864621
-0.4685500171107412
-0.4685475538692663
-0.4685434817469415
-0.4685376228581477
-0.4685308768541882
-0.4685246652333976
-0.4685192149379242
-0.4685162295842152
-0.4685237748366601
-0.4685453770182854
-0.4685710927402603
-0.4685916629072694
-0.4685999999968223
-0.4685760569522313
-0.468577351653879
-0.468580471927988
-0.4685796886527401
-0.4685778216097236
-0.4685767059812513
-0.4685789729383966
-0.4685850799853065
-0.4685934592077997
-0.4686025890227687
-0.4686142299983513
-0.4686289448600983
-0.4686425324198858
-0.4686512848443459
-0.4686548718780238
-0.4686561409739285
-0.4686561509478007
-0.4686543433288484
-0.4686495623219068
-0.4686427764579084
-0.4686359052340744
-0.468630445991508
-0.4686253934925939
-0.4686196122602603
-0.4686136734317046
-0.4686086212749623
-0.4686043961241882
-0.46860026219525
-0.4685959153094498
-0.46859181727729
-0.4685880626992211
-0.4685842461879366
-0.4685809267840407
-0.4685788104843164
-0.4685795634306624
-0.4685829001982617
-0.4685852973613001
-0.4685836156827515
-0.4685768693233578
-0.4685672015413339
-0.4685567039631842
-0.4685463903239311
-0.4685357685145178
-0.4685252157179471
-0.4685172107118586
-0.4685140820780598
-0.4685164344227151
-0.4685222724481894
-0.4685289098298
-0.4685352128656984
-0.4685418956416836
-0.4685495492352569
-0.4685570976896568
-0.4685625146076296
-0.4685651913942031
-0.4685663612228972
-0.4685676881547464
-0.4685707715713744
-0.4685763993959743
-0.4685840560894426
-0.4685909972999321
-0.4685947016074155
-0.4685943448349226
-0.4685913852292823
-0.4685884718671066
-0.4685877491671643
-0.4685903037875041
-0.4685955474277283
-0.4686007099617483
-0.4686034395916465
-0.4686018335391993
-0.4685968478116474
-0.4685906438286402
-0.4685844651265273
-0.4685769496563127
-0.4685679923127121
-0.468560507514201
-0.4685574422019819
-0.468558012986621
-0.4685596697522343
-0.468561917027254
-0.4685642263102433
-0.4685654351862592
-0.4685644260568972
-0.4685613211844278
-0.4685573178429925
-0.4685522391636021
-0.4685468158828557
-0.4685417196724005
-0.4685374548433755
-0.468534220397765
-0.4685355321329858
-0.4685496666564509
-0.4685732132714167
-0.4685930472691098
-0.4686016694415501
-0.4685999999968223
-0.4686147659747085
-0.468617978875336
-0.4686173310555263
-0.4686141737112116
-0.4686121594787332
-0.4686118210957068
-0.4686154853092794
-0.4686227340802688
-0.4686320920898419
-0.4686417217270892
-0.4686536667716377
-0.4686684502700826
-0.4686824657317774
-0.4686919766604944
-0.468696577437802
-0.4686981026744093
-0.4686985600089755
-0.4686978779972076
-0.4686948270584368
-0.4686893784604422
-0.4686832635083164
-0.468677988655028
-0.4686727871345806
-0.4686662112337124
-0.4686596141174124
-0.4686535725410826
-0.468648454227433
-0.4686432370949206
-0.4686383418669019
-0.4686333809658124
-0.468628504291233
-0.4686229417739297
-0.4686176442595112
-0.4686129046115172
-0.4686104352131241
-0.4686098343040954
-0.468608542125578
-0.4686032228187132
-0.4685933029996419
-0.4685802855401208
-0.4685675941607187
-0.4685569134079689
-0.4685471227384351
-0.468537198610856
-0.468529103034097
-0.4685258241104328
-0.4685279698367465
-0.468533089747622
-0.4685387288059464
-0.4685436262173184
-0.4685484208478309
-0.4685549680037957
-0.4685636275085571
-0.468571930764374
-0.4685775602775942
-0.4685799525996628
-0.4685817663180742
-0.4685840512306217
-0.4685896476327622
-0.4685982943908297
-0.4686077194818311
-0.4686135241613353
-0.4686140531507833
-0.4686108799945661
-0.4686074488777147
-0.4686070134950658
-0.4686115965355305
-0.4686192339718001
-0.4686266443704882
-0.4686301735516614
-0.4686290301341864
-0.468623441962735
-0.4686170821231928
-0.4686118117996345
-0.4686056603951301
-0.4685975429739341
-0.4685904542760136
-0.4685886056312266
-0.4685916228506027
-0.4685966180459669
-0.4686025970438935
-0.4686078280877625
-0.4686105044580293
-0.4686092383001472
-0.4686049108371817
-0.4685989999389695
-0.4685923572132288
-0.4685865244391376
-0.4685825543799967
-0.4685800656476584
-0.4685794365803977
-0.468584539418547
-0.4686013187009586
-0.4686216968364963
-0.4686341914603052
-0.4686288948613577
-0.4685999999968223
-0.4686423444074702
-0.4686424395435741
-0.4686392539751646
-0.4686366997110072
-0.4686365430560576
-0.4686381369681911
-0.4686436013973509
-0.4686508270247913
-0.4686592478392138
-0.4686679741932682
-0.468679767182303
-0.468695470183536
-0.4687107828272763
-0.4687208106307256
-0.4687253744285435
-0.4687255555881634
-0.4687268252613561
-0.4687294643212692
-0.4687299384240876
-0.4687264314898021
-0.4687203542328987
-0.4687142359501728
-0.4687088595554791
-0.468702419128783
-0.4686958862605282
-0.4686886874515716
-0.4686827616069589
-0.4686773501291455
-0.4686728857907909
-0.4686673497824038
-0.4686612175651154
-0.4686535456588364
-0.4686454596008738
-0.4686371236639278
-0.4686319608666185
-0.4686285700303764
-0.4686241817363047
-0.4686137456061231
-0.4685985366741717
-0.4685804816890736
-0.4685669057366968
-0.468559275696922
-0.468552052598304
-0.4685425830010695
-0.4685333600450283
-0.4685294487773344
-0.4685311696020825
-0.4685356342421613
-0.4685392910178075
-0.4685402300204867
-0.4685397374630219
-0.4685453364889854
-0.4685587200999901
-0.4685728895017321
-0.4685825720485843
-0.4685838798500623
-0.4685831778451927
-0.4685805930727292
-0.4685851939731467
-0.4685983022232037
-0.4686137242818746
-0.4686227437911178
-0.4686216922920685
-0.4686156020671008
-0.4686091310426523
-0.4686091567414502
-0.4686187187258949
-0.4686316796153283
-0.4686430470584098
-0.4686457291173219
-0.4686423613845787
-0.4686342057881944
-0.468629063136316
-0.4686282963092098
-0.4686255700607201
-0.4686187093731911
-0.468611549429277
-0.4686105623063559
-0.4686155130708503
-0.4686233978751594
-0.4686324064427384
-0.4686396208859215
-0.4686438088059297
-0.4686436134936349
-0.4686391015733753
-0.4686306248103231
-0.4686202526534362
-0.4686086205649273
-0.4685982899698806
-0.4685900862950875
-0.4685894880884544
-0.4686025580401024
-0.4686290854292403
-0.4686597406148496
-0.4686696936966993
-0.4686511041439552
-0.4685999999968223
-0.4686366215663962
-0.468635537180374
-0.4686358842783463
-0.4686379514374187
-0.4686413475841794
-0.4686440578802107
-0.4686486864810662
-0.4686537358813492
-0.4686597895044691
-0.4686679627401831
-0.4686787170562413
-0.4686940722011083
-0.468709802763436
-0.4687215208272192
-0.4687275171226539
-0.4687286736905691
-0.4687319709343316
-0.4687376416641187
-0.4687387089839949
-0.4687358375864349
-0.4687307409233067
-0.4687255148950271
-0.4687203775434217
-0.468713101697619
-0.4687048421860172
-0.4686970033096669
-0.4686914803833578
-0.4686868480338565
-0.4686819132853179
-0.4686752008124699
-0.468667936901514
-0.4686580753285886
-0.4686474906280699
-0.4686367329618674
-0.4686289652159625
-0.4686208354675268
-0.4686114022201145
-0.4685966314080774
-0.4685782640789223
-0.4685588025059032
-0.4685467767827546
-0.4685398493025913
-0.4685293160528119
-0.4685166664683892
-0.4685060188954173
-0.4685012087086337
-0.4685027161091138
-0.4685077997245533
-0.4685107666172345
-0.4685099101926841
-0.4685075538563701
-0.4685137551347046
-0.4685290314502121
-0.4685433107108296
-0.4685546160507949
-0.4685579718245524
-0.4685559163932111
-0.4685515700813497
-0.4685568802944691
-0.468572275880834
-0.4685856037698601
-0.4685938709190396
-0.4685939428134464
-0.4685890628103759
-0.4685827843857621
-0.4685850488619815
-0.4685978439296488
-0.4686109654591059
-0.4686222121748267
-0.4686258021391397
-0.4686231537675185
-0.4686168671232128
-0.4686160250357011
-0.4686185061954495
-0.4686148829064478
-0.4686069228748584
-0.468599770317044
-0.4685990179520642
-0.4686052614176486
-0.4686159820217932
-0.4686285942744702
-0.4686400404618062
-0.4686475325286524
-0.4686490924938515
-0.4686443675593365
-0.4686319189592489
-0.4686146372332578
-0.4685876966449716
-0.4685595249760458
-0.4685416132948602
-0.4685473661212436
-0.4685859640663329
-0.4686405102300242
-0.4686871947567907
-0.4686971769224935
-0.4686658069672296
-0.4685999999968223
-0.4686220611908915
-0.4686219211452741
-0.4686253470366163
-0.468630929199407
-0.4686360839210355
-0.4686403075539531
-0.4686411857425101
-0.4686417912048151
-0.4686436155914441
-0.4686473076479185
-0.4686566258207637
-0.4686700222192164
-0.4686875985866333
-0.4687017998381806
-0.4687095714038036
-0.4687140523154595
-0.4687187766115715
-0.4687256239587134
-0.4687294281023286
-0.4687273297316744
-0.4687229827234117
-0.4687198943221648
-0.4687161526892209
-0.4687089451845556
-0.4686987446058155
-0.4686909965514239
-0.4686874374701645
-0.4686847668006443
-0.4686789099227677
-0.4686713747060196
-0.4686614705593712
-0.4686489733602759
-0.4686323418244971
-0.4686176858293891
-0.4686040166109683
-0.4685911114603094
-0.4685760081634654
-0.4685579707744871
-0.4685380253006068
-0.4685208048258673
-0.4685080944420805
-0.4684957463119497
-0.4684799785114597
-0.4684639137536172
-0.4684511889481048
-0.4684447795330567
-0.4684463945209766
-0.4684526784592689
-0.4684560028140258
-0.4684569983530749
-0.4684569777873234
-0.4684603308287165
-0.4684693773251324
-0.4684826735744934
-0.4684968737148001
-0.4685027405884241
-0.4685021844333887
-0.4685018371563867
-0.4685059303514492
-0.4685143297752342
-0.4685231291703345
-0.4685306029969243
-0.4685346128302497
-0.4685349921777532
-0.4685347627064544
-0.468537632242332
-0.4685454753258731
-0.4685568558858728
-0.4685686922917363
-0.4685753024175268
-0.4685771325917353
-0.4685779024915087
-0.4685809493104836
-0.468582784763633
-0.4685788654906412
-0.4685704941068561
-0.4685625917769305
-0.4685619439804002
-0.4685707606049196
-0.4685857282193672
-0.4686028313987956
-0.4686190536773958
-0.4686329885200728
-0.4686402799815088
-0.4686364591193029
-0.4686230375351223
-0.4685899398062414
-0.4685405160263493
-0.4684847012408322
-0.4684540878237054
-0.4684837032735508
-0.468567344549974
-0.4686599287596532
-0.4687145487514706
-0.4687198844651008
-0.468679031475266
-0.4685999999968223
