FiniteElementSpace
FiniteElementCollection: H1_3D_P1
VDim: 1
Ordering: 0

-0.4574278598921479
-0.4073187966054725
-0.2448269423025161
-0.07245214731691899
-0.0141353744121746
-0.002513303593888967
-0.0004472137141363392
-8.12381225525576e-05
-1.5158121438298e-05
-2.917287305433636e-06
-5.816147243453029e-07
-4.686e-07
-4.686e-07
-4.686e-07
-4.686e-07
-4.686e-07
-4.686e-07
-4.686e-07
-4.686e-07
-4.686e-07
-4.686e-07
-4.686e-07
-4.686e-07
-4.686e-07
-4.686e-07
-4.686e-07
-4.686e-07
-4.686e-07
-4.686e-07
-4.686e-07
-4.686e-07
-4.686e-07
-4.686e-07
-4.686e-07
-4.686e-07
-4.686e-07
-4.686e-07
-4.686e-07
-4.686e-07
-5.816147243453029e-07
-2.917287305433636e-06
-1.5158121438298e-05
-8.12381225525576e-05
-0.0004472137141363392
-0.002513303593888967
-0.0141353744121746
-0.07245214731691899
-0.2448269423025161
-0.4073187966054725
-0.4574278598921479
-0.4667722875969791
-0.4683093216584587
-0.4685543686663357
-0.4685929062914829
-0.4685989066389634
-0.4685998327836761
-0.4685999746074042
-0.4685999961690751
-0.4685999994254917
-0.468599999914318
-0.4685999999872865
-0.4685999999981224
-0.468599999999724
-0.4685999999999596
-0.4685999999999941
-0.4685999999999992
-0.4685999999999999
-0.4686
-0.4686
-0.4686
-0.4686
-0.4686
-0.4686
-0.4686
-0.4686
-0.4686
-0.4686
-0.4686
-0.4686
-0.4686
-0.4686000000000001
-0.4447216048993654
-0.3496625835584365
-0.1497543341960948
-0.03311797914571395
-0.005785217380465642
-0.0009771414214498804
-0.0001667724730363784
-2.904166804126764e-05
-5.181302891017703e-06
-9.505031307073253e-07
-4.686e-07
-4.686e-07
-4.686e-07
-4.686e-07
-4.686e-07
-4.686e-07
-4.686e-07
-4.686e-07
-4.686e-07
-4.686e-07
-4.686e-07
-4.686e-07
-4.686e-07
-4.686e-07
-4.686e-07
-4.686e-07
-4.686e-07
-4.686e-07
-4.686e-07
-4.686e-07
-4.686e-07
-4.686e-07
-4.686e-07
-4.686e-07
-4.686e-07
-4.686e-07
-4.686e-07
-4.686e-07
-4.686e-07
-4.686e-07
-9.505031307073253e-07
-5.181302891017703e-06
-2.904166804126764e-05
-0.0001667724730363784
-0.0009771414214498804
-0.005785217380465642
-0.03311797914571395
-0.1497543341960948
-0.3496625835584365
-0.4447216048993654
-0.4647037424512532
-0.4679932160001377
-0.468506887682257
-0.4685858385797427
-0.4685978620922953
-0.4685996793840467
-0.4685999522084626
-0.468599992915513
-0.4685999989551476
-0.4685999998466205
-0.4685999999775816
-0.4685999999967363
-0.4685999999995266
-0.4685999999999316
-0.4685999999999901
-0.4685999999999986
-0.4685999999999998
-0.4686
-0.4686
-0.4686
-0.4686
-0.4686
-0.4686
-0.4686
-0.4686
-0.4686
-0.4686
-0.4686
-0.4686
-0.4686
-0.4686
-0.4219213737224691
-0.2724890888516788
-0.08316699610818097
-0.01536153116899147
-0.002513303593888967
-0.0004075232415260356
-6.691634079289145e-05
-1.118773769614079e-05
-1.910553380072289e-06
-4.686e-07
-4.686e-07
-4.686e-07
-4.686e-07
-4.686e-07
-4.686e-07
-4.686e-07
-4.686e-07
-4.686e-07
-4.686e-07
-4.686e-07
-4.686e-07
-4.686e-07
-4.686e-07
-4.686e-07
-4.686e-07
-4.686e-07
-4.686e-07
-4.686e-07
-4.686e-07
-4.686e-07
-4.686e-07
-4.686e-07
-4.686e-07
-4.686e-07
-4.686e-07
-4.686e-07
-4.686e-07
-4.686e-07
-4.686e-07
-4.686e-07
-4.686e-07
-1.910553380072289e-06
-1.118773769614079e-05
-6.691634079289145e-05
-0.0004075232415260356
-0.002513303593888967
-0.01536153116899147
-0.08316699610818097
-0.2724890888516788
-0.4219213737224691
-0.4608338972007752
-0.4674099457423533
-0.4684211445653645
-0.4685733478099031
-0.4685960535581193
-0.4685994188874569
-0.4685999148622185
-0.4685999875840113
-0.4685999981969641
-0.4685999997391803
-0.4685999999624056
-0.4685999999945991
-0.4685999999992265
-0.4685999999998895
-0.4685999999999843
-0.4685999999999978
-0.4685999999999997
-0.4686
-0.4686
-0.4686
-0.4686
-0.4686
-0.4686
-0.4686
-0.4686
-0.4686
-0.4686
-0.4686
-0.4686
-0.4686
-0.4686
-0.3862900016463653
-0.1935708382669131
-0.04507909751711137
-0.007492556654437239
-0.001171878230285076
-0.0001833856258065322
-2.904166804126764e-05
-4.670460328174264e-06
-7.647125809878918e-07
-4.686e-07
-4.686e-07
-4.686e-07
-4.686e-07
-4.686e-07
-4.686e-07
-4.686e-07
-4.686e-07
-4.686e-07
-4.686e-07
-4.686e-07
-4.686e-07
-4.686e-07
-4.686e-07
-4.686e-07
-4.686e-07
-4.686e-07
-4.686e-07
-4.686e-07
-4.686e-07
-4.686e-07
-4.686e-07
-4.686e-07
-4.686e-07
-4.686e-07
-4.686e-07
-4.686e-07
-4.686e-07
-4.686e-07
-4.686e-07
-4.686e-07
-4.686e-07
-7.647125809878918e-07
-4.670460328174264e-06
-2.904166804126764e-05
-0.0001833856258065322
-0.001171878230285076
-0.007492556654437239
-0.04507909751711137
-0.1935708382669131
-0.3862900016463653
-0.4541944519364106
-0.4664127854316877
-0.468277274580741
-0.4685528014261326
-0.4685931346751748
-0.4685990059398055
-0.4685998566542165
-0.4685999794062375
-0.4685999970514909
-0.4685999995791691
-0.4685999999401092
-0.4685999999914992
-0.4685999999987964
-0.46859999999983
-0.4685999999999761
-0.4685999999999966
-0.4685999999999996
-0.4685999999999999
-0.4686
-0.4686
-0.4686
-0.4686
-0.4686
-0.4686
-0.4686
-0.4686
-0.4686
-0.4686
-0.4686
-0.4686
-0.4686
-0.3389270330125871
-0.1298201364231493
-0.02508376935656423
-0.003908097996166469
-0.0005902831500900449
-8.947977620245945e-05
-1.370219945229332e-05
-2.124749410166582e-06
-4.686e-07
-4.686e-07
-4.686e-07
-4.686e-07
-4.686e-07
-4.686e-07
-4.686e-07
-4.686e-07
-4.686e-07
-4.686e-07
-4.686e-07
-4.686e-07
-4.686e-07
-4.686e-07
-4.686e-07
-4.686e-07
-4.686e-07
-4.686e-07
-4.686e-07
-4.686e-07
-4.686e-07
-4.686e-07
-4.686e-07
-4.686e-07
-4.686e-07
-4.686e-07
-4.686e-07
-4.686e-07
-4.686e-07
-4.686e-07
-4.686e-07
-4.686e-07
-4.686e-07
-4.686e-07
-2.124749410166582e-06
-1.370219945229332e-05
-8.947977620245945e-05
-0.0005902831500900449
-0.003908097996166469
-0.02508376935656423
-0.1298201364231493
-0.3389270330125871
-0.4438502349307926
-0.4648422592195507
-0.4680540733044625
-0.4685214908756906
-0.4685887630323629
-0.4685983975072506
-0.4685997722044769
-0.4685999677131762
-0.4685999954359962
-0.4685999993564178
-0.4685999999094506
-0.4685999999872865
-0.4685999999982184
-0.4685999999997508
-0.4685999999999652
-0.4685999999999951
-0.4685999999999994
-0.4685999999999999
-0.4686
-0.4686
-0.4686
-0.4686
-0.4686
-0.4686
-0.4686
-0.4686
-0.4686
-0.4686
-0.4686
-0.4686
-0.4686
-0.285921887845776
-0.08602627548777722
-0.01473640126770583
-0.002199156862941392
-0.0003227359975357805
-4.75515755992523e-05
-7.062438112381542e-06
-1.059187966021025e-06
-4.686e-07
-4.686e-07
-4.686e-07
-4.686e-07
-4.686e-07
-4.686e-07
-4.686e-07
-4.686e-07
-4.686e-07
-4.686e-07
-4.686e-07
-4.686e-07
-4.686e-07
-4.686e-07
-4.686e-07
-4.686e-07
-4.686e-07
-4.686e-07
-4.686e-07
-4.686e-07
-4.686e-07
-4.686e-07
-4.686e-07
-4.686e-07
-4.686e-07
-4.686e-07
-4.686e-07
-4.686e-07
-4.686e-07
-4.686e-07
-4.686e-07
-4.686e-07
-4.686e-07
-4.686e-07
-1.059187966021025e-06
-7.062438112381542e-06
-4.75515755992523e-05
-0.0003227359975357805
-0.002199156862941392
-0.01473640126770583
-0.08602627548777722
-0.285921887845776
-0.4293653390977654
-0.4625786945209594
-0.46773581478315
-0.4684775405639967
-0.4685827209440288
-0.4685975688232075
-0.4685996587605754
-0.4685999522084626
-0.4685999933200155
-0.4685999990680211
-0.4685999998701901
-0.4685999999819474
-0.468599999997493
-0.4685999999996524
-0.4685999999999518
-0.4685999999999934
-0.4685999999999991
-0.4685999999999999
-0.4686
-0.4686
-0.4686
-0.4686
-0.4686
-0.4686
-0.4686
-0.4686
-0.4686
-0.4686
-0.4686
-0.4686
-0.4686000000000001
-0.4574278598921479
-0.4073187966054725
-0.2448269423025161
-0.07245214731691899
-0.0141353744121746
-0.002513303593888967
-0.0004472137141363392
-8.12381225525576e-05
-1.5158121438298e-05
-2.917287305433636e-06
-5.816147243453029e-07
-4.686e-07
-4.686e-07
-4.686e-07
-4.686e-07
-4.686e-07
-4.686e-07
-4.686e-07
-4.686e-07
-4.686e-07
-4.686e-07
-4.686e-07
-4.686e-07
-4.686e-07
-4.686e-07
-4.686e-07
-4.686e-07
-4.686e-07
-4.686e-07
-4.686e-07
-4.686e-07
-4.686e-07
-4.686e-07
-4.686e-07
-4.686e-07
-4.686e-07
-4.686e-07
-4.686e-07
-4.686e-07
-5.816147243453029e-07
-2.917287305433636e-06
-1.5158121438298e-05
-8.12381225525576e-05
-0.0004472137141363392
-0.002513303593888967
-0.0141353744121746
-0.07245214731691899
-0.2448269423025161
-0.4073187966054725
-0.4574278598921479
-0.4667722875969791
-0.4683093216584587
-0.4685543686663357
-0.4685929062914829
-0.4685989066389634
-0.4685998327836761
-0.4685999746074042
-0.4685999961690751
-0.4685999994254917
-0.468599999914318
-0.4685999999872865
-0.4685999999981224
-0.468599999999724
-0.4685999999999596
-0.4685999999999941
-0.4685999999999992
-0.4685999999999999
-0.4686
-0.4686
-0.4686
-0.4686
-0.4686
-0.4686
-0.4686
-0.4686
-0.4686
-0.4686
-0.4686
-0.4686
-0.4686
-0.4686000000000001
-0.4447216048993654
-0.3496625835584365
-0.1497543341960948
-0.03311797914571395
-0.005785217380465642
-0.0009771414214498804
-0.0001667724730363784
-2.904166804126764e-05
-5.181302891017703e-06
-9.505031307073253e-07
-4.686e-07
-4.686e-07
-4.686e-07
-4.686e-07
-4.686e-07
-4.686e-07
-4.686e-07
-4.686e-07
-4.686e-07
-4.686e-07
-4.686e-07
-4.686e-07
-4.686e-07
-4.686e-07
-4.686e-07
-4.686e-07
-4.686e-07
-4.686e-07
-4.686e-07
-4.686e-07
-4.686e-07
-4.686e-07
-4.686e-07
-4.686e-07
-4.686e-07
-4.686e-07
-4.686e-07
-4.686e-07
-4.686e-07
-4.686e-07
-9.505031307073253e-07
-5.181302891017703e-06
-2.904166804126764e-05
-0.0001667724730363784
-0.0009771414214498804
-0.005785217380465642
-0.03311797914571395
-0.1497543341960948
-0.3496625835584365
-0.4447216048993654
-0.4647037424512532
-0.4679932160001377
-0.468506887682257
-0.4685858385797427
-0.4685978620922953
-0.4685996793840467
-0.4685999522084626
-0.468599992915513
-0.4685999989551476
-0.4685999998466205
-0.4685999999775816
-0.4685999999967363
-0.4685999999995266
-0.4685999999999316
-0.4685999999999901
-0.4685999999999986
-0.4685999999999998
-0.4686
-0.4686
-0.4686
-0.4686
-0.4686
-0.4686
-0.4686
-0.4686
-0.4686
-0.4686
-0.4686
-0.4686
-0.4686
-0.4686
-0.4219213737224691
-0.2724890888516788
-0.08316699610818097
-0.01536153116899147
-0.002513303593888967
-0.0004075232415260356
-6.691634079289145e-05
-1.118773769614079e-05
-1.910553380072289e-06
-4.686e-07
-4.686e-07
-4.686e-07
-4.686e-07
-4.686e-07
-4.686e-07
-4.686e-07
-4.686e-07
-4.686e-07
-4.686e-07
-4.686e-07
-4.686e-07
-4.686e-07
-4.686e-07
-4.686e-07
-4.686e-07
-4.686e-07
-4.686e-07
-4.686e-07
-4.686e-07
-4.686e-07
-4.686e-07
-4.686e-07
-4.686e-07
-4.686e-07
-4.686e-07
-4.686e-07
-4.686e-07
-4.686e-07
-4.686e-07
-4.686e-07
-4.686e-07
-1.910553380072289e-06
-1.118773769614079e-05
-6.691634079289145e-05
-0.0004075232415260356
-0.002513303593888967
-0.01536153116899147
-0.08316699610818097
-0.2724890888516788
-0.4219213737224691
-0.4608338972007752
-0.4674099457423533
-0.4684211445653645
-0.4685733478099031
-0.4685960535581193
-0.4685994188874569
-0.4685999148622185
-0.4685999875840113
-0.4685999981969641
-0.4685999997391803
-0.4685999999624056
-0.4685999999945991
-0.4685999999992265
-0.4685999999998895
-0.4685999999999843
-0.4685999999999978
-0.4685999999999997
-0.4686
-0.4686
-0.4686
-0.4686
-0.4686
-0.4686
-0.4686
-0.4686
-0.4686
-0.4686
-0.4686
-0.4686
-0.4686
-0.4686
-0.3862900016463653
-0.1935708382669131
-0.04507909751711137
-0.007492556654437239
-0.001171878230285076
-0.0001833856258065322
-2.904166804126764e-05
-4.670460328174264e-06
-7.647125809878918e-07
-4.686e-07
-4.686e-07
-4.686e-07
-4.686e-07
-4.686e-07
-4.686e-07
-4.686e-07
-4.686e-07
-4.686e-07
-4.686e-07
-4.686e-07
-4.686e-07
-4.686e-07
-4.686e-07
-4.686e-07
-4.686e-07
-4.686e-07
-4.686e-07
-4.686e-07
-4.686e-07
-4.686e-07
-4.686e-07
-4.686e-07
-4.686e-07
-4.686e-07
-4.686e-07
-4.686e-07
-4.686e-07
-4.686e-07
-4.686e-07
-4.686e-07
-4.686e-07
-7.647125809878918e-07
-4.670460328174264e-06
-2.904166804126764e-05
-0.0001833856258065322
-0.001171878230285076
-0.007492556654437239
-0.04507909751711137
-0.1935708382669131
-0.3862900016463653
-0.4541944519364106
-0.4664127854316877
-0.468277274580741
-0.4685528014261326
-0.4685931346751748
-0.4685990059398055
-0.4685998566542165
-0.4685999794062375
-0.4685999970514909
-0.4685999995791691
-0.4685999999401092
-0.4685999999914992
-0.4685999999987964
-0.46859999999983
-0.4685999999999761
-0.4685999999999966
-0.4685999999999996
-0.4685999999999999
-0.4686
-0.4686
-0.4686
-0.4686
-0.4686
-0.4686
-0.4686
-0.4686
-0.4686
-0.4686
-0.4686
-0.4686
-0.4686
-0.3389270330125871
-0.1298201364231493
-0.02508376935656423
-0.003908097996166469
-0.0005902831500900449
-8.947977620245945e-05
-1.370219945229332e-05
-2.124749410166582e-06
-4.686e-07
-4.686e-07
-4.686e-07
-4.686e-07
-4.686e-07
-4.686e-07
-4.686e-07
-4.686e-07
-4.686e-07
-4.686e-07
-4.686e-07
-4.686e-07
-4.686e-07
-4.686e-07
-4.686e-07
-4.686e-07
-4.686e-07
-4.686e-07
-4.686e-07
-4.686e-07
-4.686e-07
-4.686e-07
-4.686e-07
-4.686e-07
-4.686e-07
-4.686e-07
-4.686e-07
-4.686e-07
-4.686e-07
-4.686e-07
-4.686e-07
-4.686e-07
-4.686e-07
-4.686e-07
-2.124749410166582e-06
-1.370219945229332e-05
-8.947977620245945e-05
-0.0005902831500900449
-0.003908097996166469
-0.02508376935656423
-0.1298201364231493
-0.3389270330125871
-0.4438502349307926
-0.4648422592195507
-0.4680540733044625
-0.4685214908756906
-0.4685887630323629
-0.4685983975072506
-0.4685997722044769
-0.4685999677131762
-0.4685999954359962
-0.4685999993564178
-0.4685999999094506
-0.4685999999872865
-0.4685999999982184
-0.4685999999997508
-0.4685999999999652
-0.4685999999999951
-0.4685999999999994
-0.4685999999999999
-0.4686
-0.4686
-0.4686
-0.4686
-0.4686
-0.4686
-0.4686
-0.4686
-0.4686
-0.4686
-0.4686
-0.4686
-0.4686
-0.285921887845776
-0.08602627548777722
-0.01473640126770583
-0.002199156862941392
-0.0003227359975357805
-4.75515755992523e-05
-7.062438112381542e-06
-1.059187966021025e-06
-4.686e-07
-4.686e-07
-4.686e-07
-4.686e-07
-4.686e-07
-4.686e-07
-4.686e-07
-4.686e-07
-4.686e-07
-4.686e-07
-4.686e-07
-4.686e-07
-4.686e-07
-4.686e-07
-4.686e-07
-4.686e-07
-4.686e-07
-4.686e-07
-4.686e-07
-4.686e-07
-4.686e-07
-4.686e-07
-4.686e-07
-4.686e-07
-4.686e-07
-4.686e-07
-4.686e-07
-4.686e-07
-4.686e-07
-4.686e-07
-4.686e-07
-4.686e-07
-4.686e-07
-4.686e-07
-1.059187966021025e-06
-7.062438112381542e-06
-4.75515755992523e-05
-0.0003227359975357805
-0.002199156862941392
-0.01473640126770583
-0.08602627548777722
-0.285921887845776
-0.4293653390977654
-0.4625786945209594
-0.46773581478315
-0.4684775405639967
-0.4685827209440288
-0.4685975688232075
-0.4685996587605754
-0.4685999522084626
-0.4685999933200155
-0.4685999990680211
-0.4685999998701901
-0.4685999999819474
-0.468599999997493
-0.4685999999996524
-0.4685999999999518
-0.4685999999999934
-0.4685999999999991
-0.4685999999999999
-0.4686
-0.4686
-0.4686
-0.4686
-0.4686
-0.4686
-0.4686
-0.4686
-0.4686
-0.4686
-0.4686
-0.4686
-0.4686000000000001
