FiniteElementSpace
FiniteElementCollection: H1_2D_P1
VDim: 1
Ordering: 0

-0.02242223153743548
-0.003406350199347841
-0.0005025160985931532
-7.374064451011606e-05
-1.094578160302365e-05
-1.634553490280174e-06
-4.686198128148557e-07
-4.686023695574069e-07
-4.685277744487528e-07
-4.684158170090426e-07
-4.682846999016137e-07
-4.681656494153347e-07
-4.68049086775594e-07
-4.679457289139975e-07
-4.678392012068562e-07
-4.677479796509855e-07
-4.676791055748722e-07
-4.676344768720869e-07
-4.675961092805769e-07
-4.675528061418946e-07
-4.674997490048116e-07
-4.67448825729e-07
-4.674047638262352e-07
-4.673780460943701e-07
-4.67371838808724e-07
-4.673742869329821e-07
-4.673778328677938e-07
-4.67367908723308e-07
-4.673547185195188e-07
-4.673394347870322e-07
-4.673333646917245e-07
-4.673354675142687e-07
-4.673522252480626e-07
-4.673832553466336e-07
-4.674270590098437e-07
-4.674792767696471e-07
-4.675247840132386e-07
-4.675637708191717e-07
-4.676092249743028e-07
-4.676753993766677e-07
-4.677577309614862e-07
-4.678291772478791e-07
-4.679018822955327e-07
-4.679805338053555e-07
-4.68069714926457e-07
-4.681333090032327e-07
-4.68181372794577e-07
-4.682257610151075e-07
-4.682628893257181e-07
-4.682564428117187e-07
-1.633355867523239e-06
-1.093834880939801e-05
-7.369055454462968e-05
-0.0005021589795328896
-0.00340381909146904
-0.02240536813483902
-0.1206341145684516
-0.3310022730027311
-0.4419183491294386
-0.4643375832616628
-0.4677329984351913
-0.4682247360540318
-0.4682976001677013
-0.4683108637265909
-0.4683156003749925
-0.4683198476326877
-0.4683247376650326
-0.4683281409912507
-0.4683325235823291
-0.4683411009553988
-0.4683558008747239
-0.4683721818609536
-0.4683846433698888
-0.4683980790706591
-0.4684183207545661
-0.4684486932667963
-0.4684799654455323
-0.4685040521871457
-0.4685285705363667
-0.4685593091077261
-0.468595338571396
-0.4686221474616339
-0.4686309851033247
-0.4686195515964187
-0.4685924527511791
-0.4685594056136624
-0.4685313799652405
-0.4685051529896189
-0.4684832096785405
-0.46847240230217
-0.4684818412625197
-0.4684952037243987
-0.4684938296827617
-0.4685004569978114
-0.4685335542053096
-0.4685764991980623
-0.4685999999968223
-0.03788934836445526
-0.006039504579647908
-0.0009119465437019104
-0.000137257313564677
-2.088494417947024e-05
-3.196709597430209e-06
-4.953463209889726e-07
-4.685956602879032e-07
-4.685343959105187e-07
-4.684285866480765e-07
-4.683080003386835e-07
-4.681877398478339e-07
-4.680768316692718e-07
-4.679750026431176e-07
-4.678786839109432e-07
-4.677803141053246e-07
-4.677163630053523e-07
-4.676629407084855e-07
-4.67625833939427e-07
-4.675751176063613e-07
-4.675293765691429e-07
-4.674823824295937e-07
-4.674389419893254e-07
-4.674141254416782e-07
-4.67407061717244e-07
-4.674075904635485e-07
-4.674062534455331e-07
-4.674003012989614e-07
-4.673896430755635e-07
-4.673772287155324e-07
-4.673710921114128e-07
-4.673737193526084e-07
-4.673896119864679e-07
-4.674187699738023e-07
-4.674596252662393e-07
-4.675103002844027e-07
-4.675555717383703e-07
-4.675959559177736e-07
-4.676412878159954e-07
-4.677040326730689e-07
-4.67784921775033e-07
-4.678551503605071e-07
-4.679253479491718e-07
-4.67997269133589e-07
-4.680819573640794e-07
-4.681448694717515e-07
-4.681955472062164e-07
-4.682319377902517e-07
-4.682631484247504e-07
-4.950049657960685e-07
-3.194558456419582e-06
-2.087120681612777e-05
-0.0001371687214253764
-0.0009113409322055521
-0.006035467016758386
-0.03786383391565926
-0.1749388386262528
-0.3758827410133319
-0.4520022216079216
-0.4658645724089122
-0.4679441064621751
-0.4682487020626006
-0.4682954933758011
-0.4683050551919459
-0.4683093738610293
-0.4683135867227051
-0.4683189131064215
-0.4683228855900826
-0.4683278055821835
-0.4683361149463104
-0.4683499314024743
-0.4683661997637781
-0.468379250778434
-0.4683934341876195
-0.4684128356709385
-0.4684413226432115
-0.4684718261588158
-0.468496049809006
-0.4685210985756155
-0.4685509982836052
-0.4685855808111592
-0.4686114524539001
-0.4686208549772642
-0.4686115655722557
-0.4685870198130724
-0.4685545280761734
-0.4685252161151312
-0.468496070747537
-0.4684726621774843
-0.4684631138256201
-0.4684739140826818
-0.4684848548559602
-0.4684767829190748
-0.4684737418091738
-0.4685037628366771
-0.4685564743539355
-0.4685999999968223
-0.06594407601544064
-0.01132246666097701
-0.001769255930903059
-0.000273354544415624
-4.264052306509274e-05
-6.730926953054682e-06
-1.068988736420381e-06
-4.685736094656476e-07
-4.685201020868606e-07
-4.684384899076085e-07
-4.683412081615769e-07
-4.682383367103502e-07
-4.681383183999595e-07
-4.680365063258732e-07
-4.679382242452166e-07
-4.678485640171602e-07
-4.677733540148642e-07
-4.677142717873703e-07
-4.676655341684353e-07
-4.676232670758416e-07
-4.675804223725834e-07
-4.675398749022306e-07
-4.67504410732134e-07
-4.674799848571296e-07
-4.674673292911422e-07
-4.674633992778255e-07
-4.674603680548055e-07
-4.674559063981357e-07
-4.674495395295858e-07
-4.674439393581699e-07
-4.674402695250828e-07
-4.674410852653408e-07
-4.674528156966468e-07
-4.674795061286651e-07
-4.675187557230644e-07
-4.675604134705792e-07
-4.675989819350363e-07
-4.67639626005861e-07
-4.676911264052934e-07
-4.677581688042563e-07
-4.678283228833753e-07
-4.678973085072993e-07
-4.679587618618774e-07
-4.680288271279267e-07
-4.6809493712479e-07
-4.681531512672565e-07
-4.681968543454817e-07
-4.682305182276402e-07
-4.682545155694187e-07
-1.068266422384392e-06
-6.726583354216578e-06
-4.261348344079727e-05
-0.00027317919967642
-0.001768108110213138
-0.01131509349386424
-0.06590093427375118
-0.2442186437761757
-0.4115462151863796
-0.4588942110667343
-0.4668768221026928
-0.4680811437541898
-0.4682603170731374
-0.4682892211733993
-0.4682962588865388
-0.4683007128835105
-0.4683052251700687
-0.4683097491145916
-0.4683147467096682
-0.4683213187831831
-0.4683307842552953
-0.4683431213189679
-0.4683565262938187
-0.4683710610757124
-0.468387100290757
-0.4684077759546504
-0.4684325126091942
-0.4684583108218893
-0.4684840669008618
-0.4685099749504662
-0.468538324453386
-0.4685651622739955
-0.4685851258112523
-0.4685922108955976
-0.4685847258216262
-0.4685656501907075
-0.46854200976764
-0.4685156471819321
-0.4684886840905329
-0.4684662721443822
-0.4684591318980042
-0.46846462776481
-0.4684699858973483
-0.4684737865248574
-0.4684869679651844
-0.4685176600399248
-0.4685613653679617
-0.4685999999968223
-0.1147388522470099
-0.02241845029160308
-0.003664773726236538
-0.0005823106514695584
-9.315074836968766e-05
-1.516508642661729e-05
-2.483795274457192e-06
-4.685781225449882e-07
-4.685270331652873e-07
-4.684576354708145e-07
-4.68372368066846e-07
-4.68279874023339e-07
-4.681901631336397e-07
-4.680953839499664e-07
-4.680042767367559e-07
-4.679197377461719e-07
-4.678424777327346e-07
-4.677757188760265e-07
-4.677197976013388e-07
-4.676761255122136e-07
-4.676361569749168e-07
-4.676002005190637e-07
-4.675685456422651e-07
-4.675461403327452e-07
-4.675323709698338e-07
-4.675259004516896e-07
-4.675227096149563e-07
-4.675205564939085e-07
-4.675183587553301e-07
-4.675144731687922e-07
-4.675102870649055e-07
-4.675088852515196e-07
-4.675220185002666e-07
-4.675483415943769e-07
-4.67580171624364e-07
-4.67609822536574e-07
-4.676413956944356e-07
-4.676863498956582e-07
-4.677448897009268e-07
-4.678118775970509e-07
-4.678763666552127e-07
-4.679336886109014e-07
-4.679909633004153e-07
-4.680535736930281e-07
-4.681127319915162e-07
-4.681613054177788e-07
-4.68199523565809e-07
-4.682268680331613e-07
-4.682525939714387e-07
-2.482094052170012e-06
-1.515498967598554e-05
-9.308954363030012e-05
-0.0005819302682841828
-0.003662389436239216
-0.02240397617139808
-0.1146650015693847
-0.3174879368867868
-0.4367201068238951
-0.4631830976657444
-0.4675037966779482
-0.4681627402596031
-0.4682634897618953
-0.4682809261789222
-0.4682864304134344
-0.4682907267222282
-0.4682951573704808
-0.4683001543210681
-0.4683061166937413
-0.4683136090925917
-0.4683229040661157
-0.4683342967329621
-0.468347534537505
-0.4683624965960299
-0.468379461059331
-0.4683993992258286
-0.4684222433773462
-0.4684466301305901
-0.4684716366120462
-0.4684971591532867
-0.4685229458730559
-0.4685460343225849
-0.4685621267715039
-0.4685667807617342
-0.4685598720243642
-0.4685454174518721
-0.468527487613231
-0.468505478508866
-0.4684810084002266
-0.468461679693536
-0.4684553389678873
-0.4684579814678653
-0.4684618971426547
-0.4684719205016974
-0.4684947019022775
-0.4685294603889948
-0.4685690517384635
-0.4685999999968223
-0.1901218725614077
-0.04584090519400984
-0.007981416636881136
-0.00131800529983281
-0.0002177120650092127
-3.633548947534375e-05
-6.175241712314504e-06
-1.068974375456657e-06
-4.685521566593941e-07
-4.684862646428197e-07
-4.684094476391051e-07
-4.683230997195107e-07
-4.682370098752117e-07
-4.681507680494189e-07
-4.680677916715758e-07
-4.679909819980924e-07
-4.679149768820863e-07
-4.678466808656753e-07
-4.677871536503436e-07
-4.67738132009316e-07
-4.676944635254634e-07
-4.676595050244185e-07
-4.67633396178916e-07
-4.676155470101002e-07
-4.676042631662205e-07
-4.675982689845141e-07
-4.675961998533937e-07
-4.675945550832135e-07
-4.675913540211874e-07
-4.675854855356614e-07
-4.675813468752866e-07
-4.675837435752847e-07
-4.675996134493848e-07
-4.676224964161569e-07
-4.67644452772886e-07
-4.676688570535615e-07
-4.67701946978489e-07
-4.677481470518531e-07
-4.678048561110864e-07
-4.678644705096316e-07
-4.679191326336735e-07
-4.679718486112511e-07
-4.680279686712285e-07
-4.680845883285318e-07
-4.681336289641358e-07
-4.681726765769844e-07
-4.682027238101493e-07
-4.682278341700845e-07
-1.068207709634134e-06
-6.170885685319281e-06
-3.631027779617508e-05
-0.0002175630213594452
-0.001317112072444433
-0.007976064070534425
-0.0458104777189961
-0.1899967786689322
-0.3803354944197473
-0.4519692001710422
-0.465676439832238
-0.4678633839585694
-0.4682045242753049
-0.4682585654597308
-0.4682692288221322
-0.4682737753032912
-0.4682778702805132
-0.4682824109765916
-0.4682878449576619
-0.4682944479822597
-0.4683023437962249
-0.4683116685681675
-0.4683227985485147
-0.468335891678429
-0.4683508388634856
-0.4683678081801981
-0.4683873345438447
-0.4684093399165306
-0.4684327925410222
-0.4684568038919013
-0.4684810261892974
-0.4685048202852313
-0.4685252516880782
-0.4685385077913586
-0.4685411878183396
-0.4685345182548022
-0.468522675261888
-0.4685088455668603
-0.4684918133092729
-0.4684733187708998
-0.4684590819589997
-0.4684544789342716
-0.4684575788441506
-0.4684646348522973
-0.4684828644114274
-0.4685122519214041
-0.4685466181804479
-0.4685783283692978
-0.4685999999968223
-0.2819047684837103
-0.09291774971403521
-0.01835158238484615
-0.00316495768740032
-0.0005409014898416758
-9.314975714984681e-05
-1.642797615952207e-05
-2.932716769693846e-06
-5.398853407256105e-07
-4.685214417938396e-07
-4.684488438127924e-07
-4.683693723140175e-07
-4.682902443170657e-07
-4.682091092860122e-07
-4.681291539319528e-07
-4.680575887859869e-07
-4.679856931111221e-07
-4.679192050789391e-07
-4.678597702707314e-07
-4.67803581336051e-07
-4.677565574084594e-07
-4.677235517643207e-07
-4.677029040554443e-07
-4.676892839148734e-07
-4.676821702777626e-07
-4.67678297894756e-07
-4.676765356270404e-07
-4.676725720626339e-07
-4.676658616854123e-07
-4.676595471610102e-07
-4.676583036373448e-07
-4.676637107299222e-07
-4.676778539858842e-07
-4.676950296129253e-07
-4.67710891998187e-07
-4.677360207070569e-07
-4.677711252178258e-07
-4.678148636798153e-07
-4.678650484954699e-07
-4.67915190980479e-07
-4.67960741796037e-07
-4.680142187333361e-07
-4.68068124541504e-07
-4.681153766771039e-07
-4.681541368334417e-07
-4.68184504419293e-07
-4.682068865208139e-07
-5.39484099186406e-07
-2.930546754165275e-06
-1.641605951310372e-05
-9.308325843885575e-05
-0.0005405197136056678
-0.003162749187537766
-0.01833891733080624
-0.09285420311290414
-0.2817137292773291
-0.4231922008237116
-0.4604614007068058
-0.4670020613965857
-0.4680541292205688
-0.4682216930410842
-0.4682498191890443
-0.4682566961721121
-0.4682606604654124
-0.4682647027430901
-0.4682694790564516
-0.4682753806350491
-0.4682824294259073
-0.4682905253253915
-0.4682997617190974
-0.4683106028920003
-0.4683232975042211
-0.4683379575313968
-0.4683549316024656
-0.4683746276879052
-0.4683964700059108
-0.4684192447593373
-0.4684421980056218
-0.4684654533464932
-0.4684883070336429
-0.4685076668590686
-0.4685195062723734
-0.4685209481467744
-0.4685139773053493
-0.4685034218544611
-0.4684926340861207
-0.4684808024336266
-0.468469160724712
-0.4684611992295614
-0.4684599291157313
-0.4684645606527392
-0.4684749681436852
-0.4684978998520924
-0.468530416969918
-0.4685651869234258
-0.4685923869443397
-0.4685999999968223
-0.3656364920314277
-0.175039415772401
-0.04287570103958589
-0.007981281670962296
-0.001418682307042966
-0.0002538956375976028
-4.618992921691009e-05
-8.556432814144173e-06
-1.634449388264693e-06
-4.685559620965571e-07
-4.684889849972462e-07
-4.684213437823945e-07
-4.683511085921012e-07
-4.682762428070646e-07
-4.681961090996693e-07
-4.681207145692188e-07
-4.680532946756815e-07
-4.67992763720461e-07
-4.679355200824444e-07
-4.678795125832745e-07
-4.678319035765941e-07
-4.677998344959102e-07
-4.67780210566409e-07
-4.677677523446615e-07
-4.677627453004329e-07
-4.677607961352078e-07
-4.677574963203265e-07
-4.677505228530051e-07
-4.677420104427171e-07
-4.677357908594454e-07
-4.677357472843698e-07
-4.677399950423877e-07
-4.677484840986741e-07
-4.677607390686098e-07
-4.67776918702618e-07
-4.678038826367759e-07
-4.678396273098168e-07
-4.678826222369289e-07
-4.679228269965201e-07
-4.679621384354048e-07
-4.680066202206776e-07
-4.680590788715839e-07
-4.681072424377108e-07
-4.68143561907933e-07
-4.681732997306258e-07
-4.681964573781169e-07
-4.682088906304119e-07
-1.63316977841602e-06
-8.549820950962721e-06
-4.615527673649561e-05
-0.0002537096844530202
-0.001417660157344647
-0.00797560032889775
-0.0428454973211055
-0.1749173218161425
-0.3653837547836514
-0.4474778646631491
-0.4647269957590995
-0.4676660082715787
-0.4681475914857499
-0.4682266075413128
-0.4682411775426161
-0.4682458472542227
-0.4682494909024447
-0.4682537760176791
-0.4682590852862051
-0.4682654454242509
-0.4682726004569137
-0.4682805569779148
-0.468289570920946
-0.4683000422409441
-0.4683122178718719
-0.4683265142605727
-0.468343785759296
-0.4683640540454773
-0.4683859802562328
-0.468408121560308
-0.4684300442107405
-0.4684531696314809
-0.4684766027570034
-0.4684967584976349
-0.4685085219691418
-0.4685094099432141
-0.4685017972776448
-0.4684912693787633
-0.468481556592958
-0.4684733644970343
-0.4684665612065699
-0.4684612352691563
-0.4684586825137173
-0.4684616015089073
-0.4684741423380405
-0.4685010026721783
-0.4685423628413556
-0.4685803769479754
-0.4686033550597438
-0.4685999999968223
-0.4208995447716385
-0.2819000251993117
-0.09806152619110857
-0.02101625228995204
-0.00391915399435145
-0.0007264707212275658
-0.0001372479089167009
-2.654803602420134e-05
-5.262158263582096e-06
-1.068946242274164e-06
-4.685290607881519e-07
-4.684730794550159e-07
-4.684170833172118e-07
-4.683472395571326e-07
-4.682654288029213e-07
-4.681877441494612e-07
-4.681239825998527e-07
-4.68071099369657e-07
-4.680169934324824e-07
-4.679669376052367e-07
-4.679221459183091e-07
-4.678903123074569e-07
-4.678669202672578e-07
-4.678519668319186e-07
-4.678446505949091e-07
-4.678412978342267e-07
-4.678357145467145e-07
-4.678265123668243e-07
-4.6781820853135e-07
-4.678116671921852e-07
-4.678085828745691e-07
-4.678078544198456e-07
-4.678142001060668e-07
-4.678278717433091e-07
-4.678438365277725e-07
-4.678718919770296e-07
-4.679060100310695e-07
-4.679421400555968e-07
-4.679732929094466e-07
-4.680104869908983e-07
-4.680582877110264e-07
-4.681053359471177e-07
-4.681418192035065e-07
-4.681669169886915e-07
-4.681936043720405e-07
-4.682163647158793e-07
-1.06812399032529e-06
-5.257827852224311e-06
-2.6526259361849e-05
-0.0001371393267198357
-0.0007259182431370352
-0.003916255874621202
-0.02100097164818168
-0.09799104466119708
-0.2816992750608795
-0.420602238139254
-0.4593842278341385
-0.4667261073093922
-0.4679781566172383
-0.468186934614619
-0.4682227330344542
-0.4682303400161969
-0.4682336070878122
-0.4682369481721006
-0.4682415670425188
-0.4682476770192533
-0.4682547247959566
-0.4682618275155885
-0.4682693737894286
-0.4682783632506509
-0.4682888133594262
-0.4683005640958192
-0.4683138961957661
-0.4683313038242525
-0.4683526159239092
-0.468375073420109
-0.4683964224705621
-0.4684168333012514
-0.4684407762608795
-0.4684669030123512
-0.4684903206897996
-0.468503777149554
-0.4685052834971877
-0.4684972738409843
-0.4684863791242538
-0.4684766757942547
-0.468469708009857
-0.4684622815507589
-0.468452779500907
-0.4684457879265152
-0.4684495155134168
-0.4684702998624665
-0.4685083746217785
-0.4685570612390939
-0.4685974376072582
-0.4686131548355711
-0.4685999999968223
-0.4489660044709268
-0.3760901327457564
-0.1971071028564168
-0.05495044920581217
-0.01132172383235226
-0.00220581810521539
-0.000430853725821016
-8.652105976788563e-05
-1.779610202582125e-05
-3.774270489305961e-06
-8.30535839267465e-07
-4.685231868370167e-07
-4.684855100404641e-07
-4.68424350806085e-07
-4.683452697377681e-07
-4.682634207224194e-07
-4.681919084809522e-07
-4.681367360637338e-07
-4.680876962331341e-07
-4.680465391225169e-07
-4.680144509399891e-07
-4.679826283138638e-07
-4.679564121171845e-07
-4.679338799835808e-07
-4.679215450282424e-07
-4.679158984828889e-07
-4.67905800347287e-07
-4.678978752469345e-07
-4.678899560731153e-07
-4.678865274154088e-07
-4.678766478557885e-07
-4.678705950466631e-07
-4.678802356103931e-07
-4.679000719698775e-07
-4.679159784835248e-07
-4.679300870273632e-07
-4.679541752647584e-07
-4.679877592802344e-07
-4.680192591377165e-07
-4.680613341852854e-07
-4.681078397384212e-07
-4.681455472511581e-07
-4.681709920800748e-07
-4.681877083830309e-07
-4.682132768869721e-07
-8.299843821897434e-07
-3.771533027994262e-06
-1.778146917306515e-05
-8.644493980017026e-05
-0.000430489118044453
-0.002204068853235175
-0.01131311114038263
-0.05490949942104066
-0.1969613546244619
-0.375814579013879
-0.4486378922302797
-0.4646990774509377
-0.4676021199057934
-0.4681084617986936
-0.468194969135342
-0.4682108835304168
-0.4682153798431171
-0.4682176588877131
-0.4682198939056427
-0.468224759707323
-0.4682329305053132
-0.4682412348852806
-0.4682475414542078
-0.4682539719709325
-0.4682636820294389
-0.4682755976746214
-0.4682856572801308
-0.4682965602830079
-0.4683134055253793
-0.46833804980336
-0.4683631061136213
-0.4683813066720015
-0.4683985540988386
-0.4684233648998792
-0.4684575033283505
-0.4684877490284414
-0.46850450519985
-0.4685065871578009
-0.4684994068468822
-0.4684873448767086
-0.4684772495878211
-0.4684703320158657
-0.4684604497617595
-0.4684435225174512
-0.4684324071063568
-0.4684459121424865
-0.468481920651619
-0.4685247088122934
-0.4685754666597994
-0.4686136906283195
-0.4686264250934971
-0.4685999999968223
