FiniteElementSpace
FiniteElementCollection: H1_2D_P1
VDim: 1
Ordering: 0

-0.4687066179080023
-0.4687059258867429
-0.4687037614197872
-0.4687029634363052
-0.4687026532651919
-0.4687019689879575
-0.4687023286796226
-0.4687059220325315
-0.4687141250723967
-0.4687232424861415
-0.4687307644915535
-0.4687391094349265
-0.4687512501885376
-0.4687659702624671
-0.4687751796084172
-0.4687726384518441
-0.4687521879596758
-0.4687085460684501
-0.4686319595090975
-0.4684980006571529
-0.4682916196338655
-0.4680027367758162
-0.4676322914728483
-0.467188025466426
-0.4667307347097085
-0.4662957975309525
-0.4659566646390662
-0.4657694411426322
-0.4657646369941292
-0.4659384235701745
-0.466254305429483
-0.4666597667306886
-0.4670914810546601
-0.4675077517707162
-0.4678427079079037
-0.4680777115971327
-0.4682335385751377
-0.4683334229638924
-0.4683858613073087
-0.4684002002106091
-0.4683801964298012
-0.4683471845702347
-0.4683207911708354
-0.4683057672695138
-0.4682977249047438
-0.4682883562176616
-0.4682784557629739
-0.4682732773701656
-0.4682695814065842
-0.4682712884789097
-0.4682737955072271
-0.4682809652770372
-0.4682891773613465
-0.46830357653166
-0.4683194270047129
-0.4683332488804757
-0.4683441932102115
-0.4683520629108827
-0.4683597483663204
-0.468366496958856
-0.4683725412010638
-0.4683778622633673
-0.4683821778039196
-0.4683855440890037
-0.4683878436118927
-0.4683915992766461
-0.4683979948364592
-0.4684070859395454
-0.46841631144632
-0.4684289374888582
-0.4684404632262346
-0.468449135944036
-0.4684567217733265
-0.4684672039240831
-0.4684811127292338
-0.4684904739177393
-0.4684982034184576
-0.4685127310461766
-0.4685390840599353
-0.468572847742776
-0.4686024691185373
-0.468631847343784
-0.4686635915267169
-0.4686959152674371
-0.4687131177593421
-0.4687132663060254
-0.4686816714271083
-0.4686212892727786
-0.4685496577425592
-0.4685087494290305
-0.4685103281351212
-0.4685295710783141
-0.4685368580163959
-0.468544710139379
-0.4685697673534376
-0.4685961964798327
-0.4685999999968223
-0.4686994750552073
-0.4686982255180709
-0.4686977278593874
-0.4686980880769785
-0.4686985694872697
-0.4686980845455454
-0.4686980437423943
-0.4687006770277461
-0.4687062360357134
-0.468712938126199
-0.4687191896111961
-0.4687254717686747
-0.4687301376784289
-0.468723112499874
-0.4686866802042364
-0.4685933163755823
-0.468398282007055
-0.4680374327719533
-0.4674173333330822
-0.4664103975822375
-0.4648908691073179
-0.4627550055533027
-0.4600325254211529
-0.4568589174731755
-0.4536128997968423
-0.4505279617970082
-0.4481051698322888
-0.4468452121830339
-0.4468400720124791
-0.4480865629256527
-0.450487069223853
-0.4535423312857901
-0.456761874622285
-0.4599056306774346
-0.4625928291232104
-0.4646768655879997
-0.4661480162210986
-0.4671213766475751
-0.4677152276098028
-0.4680452461377966
-0.4681993796974905
-0.4682578359399413
-0.4682698877423823
-0.4682724859975159
-0.4682709824776435
-0.4682693402665442
-0.4682620099671375
-0.4682563679146383
-0.4682533572742154
-0.4682532528478634
-0.4682566941874279
-0.4682629664160298
-0.4682733063122574
-0.4682869318679116
-0.4683026516245307
-0.4683169442370462
-0.4683283724604758
-0.4683361316399048
-0.4683433657641247
-0.4683497948866192
-0.4683556737983771
-0.4683610721320714
-0.4683652328425483
-0.4683689267489902
-0.4683717566561289
-0.4683761112848412
-0.4683820076288489
-0.4683903716027602
-0.4684000465201797
-0.4684098776308714
-0.4684192882372406
-0.4684283424602646
-0.4684393776260521
-0.468453646719565
-0.4684677177098595
-0.4684786609092953
-0.4684886011035705
-0.4685046960355192
-0.4685310408787499
-0.4685654681719628
-0.4685964235817743
-0.4686283868706355
-0.4686612178339244
-0.4686933503458796
-0.4687061907403272
-0.4687007328600646
-0.4686638858132276
-0.4686036027517048
-0.4685373741224684
-0.4685065504881535
-0.4685181695146293
-0.4685429646936412
-0.4685530204589552
-0.468559317235122
-0.4685811929907623
-0.4686035031950427
-0.4685999999968223
-0.4686817731906962
-0.4686821220090048
-0.468683224177301
-0.4686843694498662
-0.4686851302474143
-0.4686856613734154
-0.468686950313529
-0.4686905044131677
-0.468695690558991
-0.4686999337272791
-0.468698769910366
-0.4686833798445287
-0.4686325833829944
-0.4684996501265707
-0.4681867868233891
-0.4675214972857326
-0.4661931070890191
-0.4637001735857263
-0.4594146126259311
-0.4525247293838179
-0.4424387738909661
-0.428756148411665
-0.4120725394700044
-0.3940744033900956
-0.3763665795806809
-0.3608691353495851
-0.349205671694846
-0.3436365207043542
-0.3436315007354122
-0.3491881796413332
-0.3608332942576499
-0.3763082833230263
-0.3939883388734179
-0.4119531247229411
-0.4285937570584695
-0.4422304618093635
-0.452272546246332
-0.4591254417634201
-0.4633773694446541
-0.4658357800559746
-0.4671295187466207
-0.4677648384924046
-0.468056571332822
-0.4681786483699193
-0.4682246808118484
-0.4682369136217112
-0.4682365599521098
-0.468233330950913
-0.4682327756797775
-0.4682348778154952
-0.4682392429773939
-0.4682447392686471
-0.4682539223255005
-0.4682666458550124
-0.4682808911981606
-0.4682944226387483
-0.4683046763698305
-0.4683130540016044
-0.4683199703903215
-0.4683271098819197
-0.4683331021843954
-0.4683384566768263
-0.4683425857127596
-0.4683469116875607
-0.4683514422536207
-0.4683563766500812
-0.4683616963988352
-0.4683687592528384
-0.4683786176727466
-0.4683901526823819
-0.4684014231346414
-0.4684116767493705
-0.4684222973415503
-0.4684351466451613
-0.4684482000048987
-0.4684615848826503
-0.4684765270796251
-0.4684967355499892
-0.4685229963660935
-0.4685526201294986
-0.4685841285007158
-0.4686162487769168
-0.4686475580635603
-0.4686704126471032
-0.4686789583678252
-0.4686655385231058
-0.4686317070494656
-0.4685833578499718
-0.4685420553867707
-0.4685231876558074
-0.4685287608276249
-0.4685429862776991
-0.4685607952731983
-0.4685842479415644
-0.4686063656261503
-0.4686162235578114
-0.4685999999968223
-0.4686694569849499
-0.4686699937035787
-0.468670850651447
-0.4686717956485505
-0.4686724691639824
-0.4686731146159806
-0.4686741673472637
-0.4686756493385771
-0.4686745293932027
-0.46866173883893
-0.4686148250661425
-0.4684764977821324
-0.4681140617958994
-0.4672334086952791
-0.4652305718182432
-0.4609596103578716
-0.4524587730515291
-0.4371979065223425
-0.4120056706069484
-0.3763118469956431
-0.3313888809691379
-0.2820862440051914
-0.2366019313419367
-0.1972489116996273
-0.1678028974172638
-0.146606956004169
-0.1333221715980307
-0.1269581166893479
-0.1269557266616892
-0.1333143227376903
-0.146591488965248
-0.1677761785739373
-0.1972040023019045
-0.2365286445423847
-0.2819740694828268
-0.3312293455287245
-0.3760999133049384
-0.4117416380640112
-0.4368863834964802
-0.452106687140818
-0.4605716463895462
-0.4648113305849725
-0.4667904952760221
-0.4676567664441662
-0.4680118490877673
-0.4681463803924457
-0.4681918720016255
-0.468206005772942
-0.4682110824229395
-0.4682144606607624
-0.4682188445261922
-0.4682257014809298
-0.4682358205190991
-0.4682482264564532
-0.4682608496727709
-0.4682720109283312
-0.4682813350649133
-0.468289989346293
-0.4682980498796913
-0.4683054209597079
-0.46831144061704
-0.46831680250521
-0.4683213934447077
-0.4683256226035506
-0.4683297337416374
-0.4683346842229448
-0.468340683603733
-0.4683479939480394
-0.4683568422479209
-0.4683672011705497
-0.4683783722890911
-0.4683901575729058
-0.4684028135755666
-0.4684167572283562
-0.4684311694197708
-0.4684465591119652
-0.4684644344337168
-0.4684865702571532
-0.4685124187972936
-0.4685402196380004
-0.4685698127022566
-0.4686010218246242
-0.4686290953025274
-0.4686473413147816
-0.4686495684050561
-0.4686334619748737
-0.4686027536880886
-0.4685671600889059
-0.4685422927351984
-0.4685355088665335
-0.4685430198176871
-0.4685550121521146
-0.4685724599322074
-0.4685999594308368
-0.4686205623994211
-0.4686249363798572
-0.4685999999968223
-0.4686556963583429
-0.4686556766580163
-0.4686559911894856
-0.468656566419401
-0.4686569258278477
-0.4686568075945945
-0.4686549372491633
-0.4686464222782867
-0.4686144566450663
-0.4685112854119814
-0.4682057474980917
-0.4673688318849428
-0.4651957020462218
-0.4598723352799316
-0.4479531386638614
-0.4236426606965796
-0.3807422621887874
-0.3178315010950881
-0.2444886185094153
-0.175136449598719
-0.1207737923373413
-0.08287439159255623
-0.05836021922184741
-0.04290562693871995
-0.03326413296098298
-0.02735077905066992
-0.02392539153409207
-0.02243423081615125
-0.02243372420491556
-0.02392379837631388
-0.02734768295754942
-0.03325850391049869
-0.04289515333673195
-0.05834097792752255
-0.08283990238358657
-0.1207133255114003
-0.1750334891918655
-0.2443243907333962
-0.3175950219714357
-0.380435016163404
-0.423275570776859
-0.4475395456879465
-0.4594275179424123
-0.4647330284637793
-0.4668982663970827
-0.4677313776021091
-0.4680353949642069
-0.4681393520215081
-0.4681744693246786
-0.4681876536704936
-0.468195579725588
-0.468204020867766
-0.4682143575898948
-0.4682256579214018
-0.4682366462368147
-0.4682463181577627
-0.4682552408377916
-0.4682639307744459
-0.4682721530492706
-0.4682792859584474
-0.4682854731207378
-0.468290958612159
-0.468295647817668
-0.4682997148863229
-0.4683041791979258
-0.4683097849317645
-0.4683162507978268
-0.4683233135515892
-0.4683315921978294
-0.4683418185230962
-0.4683537971415535
-0.4683668897491884
-0.4683808475810018
-0.4683955333134598
-0.4684108675864682
-0.4684275844526548
-0.4684474167607625
-0.4684707565284135
-0.4684966978008552
-0.4685237191173489
-0.4685524215402411
-0.4685820625206573
-0.4686072721562133
-0.4686218642799403
-0.468621662153146
-0.468606724856227
-0.4685826326884648
-0.4685591578140678
-0.4685475447005439
-0.4685490854408849
-0.4685567793265776
-0.4685650589296678
-0.4685792509230837
-0.4686054130768142
-0.4686243775017516
-0.4686261198402973
-0.4685999999968223
-0.4686407066883758
-0.4686400202657998
-0.4686403990870304
-0.4686409543894625
-0.4686402892017442
-0.4686360204916145
-0.4686197212097796
-0.4685628161867713
-0.4683734123037877
-0.467791289777527
-0.4660807710480405
-0.4613444964283043
-0.4491042172406038
-0.4210388445659074
-0.365765394088781
-0.2820106643957959
-0.1901988713895318
-0.1147885883560806
-0.06597342995290729
-0.03790626039131598
-0.02243103915983028
-0.01397064107581287
-0.009177105609532074
-0.006460538967195038
-0.004884473601740227
-0.003922043083104356
-0.00340821386880928
-0.003167222206144795
-0.003167144115873482
-0.003407967231301753
-0.003921563554248613
-0.00488357980843002
-0.006458842037884739
-0.009173892695142483
-0.0139645275924331
-0.0224192436178029
-0.03788276119418591
-0.06592664501236063
-0.1146986884144866
-0.1900382505729071
-0.2817570580926206
-0.3654187910123073
-0.4206246932828156
-0.4486522746824252
-0.4608746803506206
-0.4656025490694168
-0.4673096430925984
-0.4678924870715983
-0.4680860566067844
-0.4681488355642358
-0.4681719090972006
-0.468184601803599
-0.4681956487378107
-0.4682063890732719
-0.4682164666855017
-0.4682254070130584
-0.468233886647213
-0.4682423482037795
-0.4682502985459042
-0.4682572006923624
-0.4682633154654511
-0.4682690828196346
-0.4682742236802681
-0.468278810521374
-0.4682836773641774
-0.4682894479952877
-0.4682959103881993
-0.4683029332068878
-0.4683113461625885
-0.4683218504631528
-0.4683341245619307
-0.4683473923303152
-0.468361389671467
-0.4683762253400163
-0.4683920602556183
-0.4684097165588458
-0.4684306048550427
-0.4684549366482598
-0.4684816024287485
-0.4685090944623598
-0.4685377451987097
-0.468566418524882
-0.4685901630940383
-0.4686034650405375
-0.4686033765575472
-0.4685906104625236
-0.4685712520937852
-0.468554563479495
-0.468549271654939
-0.4685534891349478
-0.468559584642367
-0.4685646775502264
-0.4685765916005479
-0.468601431588881
-0.4686208237546086
-0.468624607835533
-0.4685999999968223
-0.4686283090565468
-0.4686284318115631
-0.4686294700858602
-0.4686291239987551
-0.4686230275254742
-0.4685991082832556
-0.4685134777971003
-0.4682161171239471
-0.4672329774680085
-0.4641653043529674
-0.4551009450290084
-0.4309845893881977
-0.3761951465058515
-0.2819858744337931
-0.1750974881099142
-0.09295124609875897
-0.04585893604734058
-0.02242799896364224
-0.01132745650559109
-0.006042172795514096
-0.003407667047465819
-0.002050774454801611
-0.001318836167032204
-0.0009124920655133353
-0.0006753133403516404
-0.0005412862687591078
-0.0004641842477208959
-0.000431170204573503
-0.0004311588343629496
-0.0004641482774373321
-0.0005412152208095831
-0.0006751806350943167
-0.0009122368697942617
-0.00131834849681519
-0.00204982713794497
-0.003405770631951864
-0.006038209505462474
-0.01131900549843899
-0.02240964263737914
-0.04581873227956818
-0.09286526338104124
-0.1749288033067109
-0.2817066659471142
-0.3758151817945442
-0.4305427555684213
-0.4546295641052576
-0.4636826602325867
-0.466749723647191
-0.4677374308757157
-0.4680414340933947
-0.4681342621436492
-0.4681661538731488
-0.4681816931420463
-0.4681930350545424
-0.4682028944032379
-0.4682115998290733
-0.4682198685362332
-0.4682280775446067
-0.4682357083544755
-0.4682425721509623
-0.468248830568263
-0.4682550537248416
-0.4682607586274558
-0.468266009674803
-0.4682712795808278
-0.4682770707478889
-0.4682834095339254
-0.4682904318044185
-0.4682989640317737
-0.4683095402769073
-0.4683215923431573
-0.4683342836230288
-0.4683476922904801
-0.468362306585676
-0.4683783359769014
-0.4683964508364738
-0.4684176353521324
-0.4684427000815422
-0.4684705766318874
-0.4684998581610513
-0.4685294387364846
-0.4685586639633697
-0.4685834070431963
-0.4685984899005475
-0.4685991552518169
-0.4685856055414268
-0.468564388208603
-0.4685463659199665
-0.4685405094245459
-0.4685448297591548
-0.46855460233661
-0.4685665951974208
-0.4685855092349034
-0.4686122213796613
-0.4686309279616977
-0.4686300818189221
-0.4685999999968223
-0.4686223361393632
-0.4686225010547136
-0.4686216415578786
-0.4686148708061849
-0.4685853383917659
-0.4684718050513027
-0.4680574351428521
-0.4666075980603892
-0.4617334789894532
-0.4466093562165062
-0.4050962244594285
-0.3177493799157609
-0.1971564214263959
-0.0980890185533967
-0.04288904874336771
-0.01835789065842708
-0.007984426251204921
-0.003666281390002071
-0.001770018921407897
-0.0009123452963306766
-0.0005027156614446878
-0.0002962740609509198
-0.000186795762302046
-0.0001275664807787909
-9.321386200090088e-05
-7.378220324477829e-05
-6.32635625556659e-05
-5.840004636844084e-05
-5.839839955896529e-05
-6.325827615328422e-05
-7.377179036637572e-05
-9.319432902464624e-05
-0.0001275290331891024
-0.0001867233821628023
-0.0002961295721389247
-0.0005024183427260416
-0.0009117128223008604
-0.001768640737489612
-0.003663186851946038
-0.007977280926414174
-0.01834074264402024
-0.0428476603659969
-0.09799201865407142
-0.1969570693661458
-0.3174219306388517
-0.4046739225083907
-0.446143112673418
-0.4612551659204736
-0.4661295721072569
-0.467583967899488
-0.4680045312887939
-0.468125426410522
-0.468163721735203
-0.4681803171067497
-0.4681911428043709
-0.4682000092402351
-0.4682082926430902
-0.4682164329943194
-0.4682238216190317
-0.4682308391265779
-0.4682373220540646
-0.4682439656722328
-0.4682498587439158
-0.4682554027691118
-0.4682608229591644
-0.4682669240372854
-0.4682733030887701
-0.468280291234362
-0.4682889468756336
-0.4682997243649395
-0.4683115879301888
-0.4683235826285119
-0.4683363999969867
-0.4683512396043879
-0.4683676223047474
-0.4683859983104738
-0.4684067162862173
-0.4684330368567073
-0.4684624766060863
-0.4684939896672446
-0.4685239779143779
-0.4685567474262661
-0.4685864302416486
-0.4686060651616273
-0.468606173511817
-0.4685855884164771
-0.4685529491963843
-0.468522901971677
-0.468511300564718
-0.4685194009881295
-0.4685468702240005
-0.4685784483721114
-0.4686071401133207
-0.4686280024691921
-0.4686350068630716
-0.4686267121912425
-0.4685999999968223
-0.4686173842892002
-0.4686156248204176
-0.4686083477033265
-0.4685767639942179
-0.4684458251506149
-0.4679372393089468
-0.4660349462879375
-0.4592288376500812
-0.4370545320106323
-0.3761585083836816
-0.2594549985078274
-0.1332492241110697
-0.05496259490618455
-0.02102154624362495
-0.007983598542382935
-0.003165984029656409
-0.001318469801457455
-0.0005825331208183624
-0.0002734662714597224
-0.0001373168661619886
-7.376920036036913e-05
-4.266428905585701e-05
-2.656448749512915e-05
-1.780759479545505e-05
-1.285219536812606e-05
-1.011022519619375e-05
-8.562670370876401e-06
-7.90431919207701e-06
-7.904095617699426e-06
-8.561930099357013e-06
-1.010868410677995e-05
-1.284928124054855e-05
-1.780216912694848e-05
-2.655392275079752e-05
-4.264230460113883e-05
-7.372239773114887e-05
-0.0001372167152113199
-0.000273248003969208
-0.0005820329223869989
-0.00131726376169926
-0.003162963785385884
-0.007975785516811931
-0.02100059897765329
-0.05490661924512896
-0.1331111398116238
-0.2591837852658151
-0.3757657488152655
-0.4366010806532197
-0.4587562390896789
-0.4655601197957092
-0.4674662250245452
-0.4679811933235776
-0.4681199736326617
-0.4681604971695615
-0.4681767363440907
-0.4681871614866041
-0.4681958769386822
-0.4682035969525714
-0.4682108820955347
-0.4682176914750958
-0.4682248780695825
-0.4682313395310974
-0.4682372731260723
-0.4682423195780752
-0.4682482089918198
-0.4682547757218191
-0.4682611628958933
-0.4682674440378741
-0.4682762019367501
-0.468288298505374
-0.4683008036519113
-0.4683119519886317
-0.4683240199160573
-0.4683397578578471
-0.4683583890839915
-0.4683757722851323
-0.468395740888735
-0.4684224037509461
-0.4684570078349494
-0.4684878227049571
-0.4685196258740085
-0.4685550797411948
-0.4685951054453404
-0.4686216510592441
-0.4686205233557196
-0.4685850965480548
-0.4685268945186364
-0.4684749563675262
-0.4684521746116568
-0.4684774016436964
-0.4685364782042826
-0.4685975926379185
-0.4686200958962978
-0.4686197223986052
-0.4686206126255683
-0.4686194241935386
-0.4685999999968223
