FiniteElementSpace
FiniteElementCollection: H1_2D_P1
VDim: 1
Ordering: 0

-0.037896678408013
-0.006040670873597174
-0.0009121229750470379
-0.0001372854579981196
-2.088912536915424e-05
-3.197360744381345e-06
-4.95420798079931e-07
-4.685684648525743e-07
-4.68471672178104e-07
-4.683955245631738e-07
-4.683327704990758e-07
-4.682564481904669e-07
-4.681579489666357e-07
-4.680557930744063e-07
-4.679704622967181e-07
-4.678943909946919e-07
-4.67823611259484e-07
-4.67757517830208e-07
-4.677071029326528e-07
-4.676635774004251e-07
-4.676173037488563e-07
-4.675725700455877e-07
-4.675338029831691e-07
-4.674926506362812e-07
-4.674413247708534e-07
-4.673848866484453e-07
-4.673387694824857e-07
-4.673009380909737e-07
-4.672666510121266e-07
-4.672270764956107e-07
-4.671877550762919e-07
-4.67160951152893e-07
-4.671485883658644e-07
-4.671521314876022e-07
-4.671751269247746e-07
-4.672175605792693e-07
-4.672782510712581e-07
-4.673432781303426e-07
-4.673984240678091e-07
-4.674610652189739e-07
-4.675409600668002e-07
-4.676479442049435e-07
-4.677555840892284e-07
-4.678486473260821e-07
-4.679266951940814e-07
-4.680066310179139e-07
-4.680945229393744e-07
-4.681807777111986e-07
-4.682480819883815e-07
-4.950195936113423e-07
-3.194674101598089e-06
-2.087189268926456e-05
-0.0001371738158166449
-0.000911388964149719
-0.006035834302155035
-0.03786631342390829
-0.1749501291026988
-0.3759054393687041
-0.4520259948711426
-0.4658873220324037
-0.4679694105980821
-0.468279852174128
-0.4683322081709098
-0.4683462397659144
-0.4683524160050422
-0.4683568868501961
-0.4683627228546335
-0.4683722030181127
-0.4683840476935305
-0.468394919486091
-0.4684037786626745
-0.4684149099531444
-0.468432662025041
-0.4684570567031488
-0.4684823755407956
-0.4685033012936053
-0.4685193238331202
-0.4685363530793643
-0.4685596653185148
-0.4685885188657565
-0.4686173075160136
-0.468641317379409
-0.4686568440626947
-0.4686605691121171
-0.4686484981064827
-0.468620862620005
-0.4685823645536527
-0.4685447527211186
-0.4685270801393806
-0.4685488019228677
-0.4686029818980789
-0.468642835888639
-0.4686386593817777
-0.468608401211474
-0.4685953373359227
-0.4685983588004403
-0.4685999999968223
-0.02242625702601412
-0.003406953829355157
-0.0005026090384299907
-7.375395350851568e-05
-1.094795918099424e-05
-1.634939536712569e-06
-4.686853128704888e-07
-4.685753478967644e-07
-4.684697472137301e-07
-4.683865511184279e-07
-4.6831723057735e-07
-4.682416347161105e-07
-4.68148065651793e-07
-4.680462411066315e-07
-4.679602711902038e-07
-4.678823495680183e-07
-4.678112537014171e-07
-4.677440554236041e-07
-4.676913399261183e-07
-4.676459480045271e-07
-4.67599015275527e-07
-4.675541150410606e-07
-4.67514615680975e-07
-4.674742690276354e-07
-4.674260189315376e-07
-4.673728035798411e-07
-4.673288273689806e-07
-4.672916923840861e-07
-4.672583594180188e-07
-4.672205772445657e-07
-4.671862227986565e-07
-4.671610006757658e-07
-4.671451448729968e-07
-4.671487920143958e-07
-4.671701092295159e-07
-4.672131748347993e-07
-4.672671841111555e-07
-4.673323995848001e-07
-4.673927494964309e-07
-4.674605358392808e-07
-4.675392865148199e-07
-4.676433230404692e-07
-4.677512633372294e-07
-4.67837472646083e-07
-4.679183052359544e-07
-4.679955660684909e-07
-4.680897791362883e-07
-4.68178689458561e-07
-4.682479874323002e-07
-4.683082487024767e-07
-1.633588090203053e-06
-1.093889664299504e-05
-7.369302514369118e-05
-0.0005021977303281401
-0.003404137161687574
-0.02240756180385647
-0.1206454360355605
-0.3310298790375117
-0.4419501877657512
-0.4643678293812754
-0.4677649585921475
-0.4682618149306546
-0.4683402024466922
-0.4683583454758428
-0.4683658417728433
-0.4683704664697541
-0.4683760305610848
-0.4683850241166667
-0.4683966606641438
-0.4684069717513376
-0.4684150766661889
-0.4684249781671603
-0.4684419377630568
-0.468466182553593
-0.4684919098137164
-0.4685118979681887
-0.4685259986628607
-0.4685412338895069
-0.4685642705481982
-0.4685943653390251
-0.4686238235760249
-0.4686487373567321
-0.4686658778715634
-0.4686712025895546
-0.4686599350755513
-0.468631047069457
-0.4685925754379894
-0.4685572428615318
-0.4685420310644231
-0.4685600306797431
-0.4686034908490146
-0.468633892849628
-0.4686207768100816
-0.4685875454934557
-0.4685741875229344
-0.4685857425746869
-0.4685999999968223
-0.01396900695256804
-0.002050529815021502
-0.0002962363185051626
-4.265877863866558e-05
-6.177865119359015e-06
-9.056842285133453e-07
-4.686957122823386e-07
-4.685922966171266e-07
-4.684933552294659e-07
-4.68397513203088e-07
-4.683060438313984e-07
-4.682182360815342e-07
-4.681293153824612e-07
-4.68039130698561e-07
-4.679504474142297e-07
-4.67871228968166e-07
-4.678007415241785e-07
-4.677379713092234e-07
-4.676801494195863e-07
-4.67629028885984e-07
-4.675823909726192e-07
-4.675397803974227e-07
-4.674968733019451e-07
-4.674540357001236e-07
-4.67408856149742e-07
-4.673657658063909e-07
-4.673245824442189e-07
-4.672883312920474e-07
-4.672534983024684e-07
-4.67221434092305e-07
-4.671943801011165e-07
-4.671750630808255e-07
-4.67166996131771e-07
-4.671722286977555e-07
-4.671917648674592e-07
-4.672260990530955e-07
-4.672753063497517e-07
-4.673345896018921e-07
-4.674024422115988e-07
-4.674736632388011e-07
-4.67556998593149e-07
-4.676517297936889e-07
-4.677489041056622e-07
-4.678387819113756e-07
-4.67919811008635e-07
-4.680050080069745e-07
-4.680922249082639e-07
-4.681737709845849e-07
-4.682424566253546e-07
-4.683070929657537e-07
-9.048924910131316e-07
-6.172381015179379e-06
-4.262042237517143e-05
-0.0002959650351276008
-0.002048607872344302
-0.01395566411965991
-0.08278421612842725
-0.2817750933842788
-0.4282778718377652
-0.4622357931729596
-0.4674812208301382
-0.4682318731416961
-0.4683426753160673
-0.4683631821912585
-0.4683707535217441
-0.4683763938949589
-0.4683826421339886
-0.4683906048181739
-0.4684000737208878
-0.468410017009835
-0.4684204189208119
-0.4684330396289527
-0.4684496997778535
-0.468469917850252
-0.4684910652190049
-0.4685111655465103
-0.4685305473445673
-0.4685508715999643
-0.4685732649739129
-0.4685969830493297
-0.4686202376641744
-0.468639937166169
-0.4686533099175642
-0.4686560771990608
-0.4686454732222858
-0.4686235823094977
-0.4685970796585958
-0.4685768482100552
-0.4685738182644223
-0.468590062181357
-0.4686125240948255
-0.468618609771919
-0.4685999437442324
-0.4685794899566161
-0.4685745482593263
-0.4685872854599225
-0.4685999999968223
-0.009177151167245859
-0.001318832754146339
-0.0001867926468421029
-2.656391502095752e-05
-3.776498349856489e-06
-5.401679935198243e-07
-4.687173076521665e-07
-4.686063003021357e-07
-4.6849796091791e-07
-4.683922179966403e-07
-4.682926137860215e-07
-4.682030116376123e-07
-4.68116907467023e-07
-4.680282948273805e-07
-4.679419497925333e-07
-4.67864724192342e-07
-4.677961755915771e-07
-4.677314918772105e-07
-4.676709971118205e-07
-4.676184997830066e-07
-4.675721386251647e-07
-4.675280991841999e-07
-4.674843209522678e-07
-4.674423452260957e-07
-4.674012593400613e-07
-4.673606810392389e-07
-4.673217215947409e-07
-4.672868063362878e-07
-4.672562652971538e-07
-4.672293020745348e-07
-4.672068379706152e-07
-4.671907865244167e-07
-4.671849423916972e-07
-4.671918625597276e-07
-4.672110964679221e-07
-4.672422167452499e-07
-4.672874170413356e-07
-4.673465542838074e-07
-4.674151265581087e-07
-4.674893473296881e-07
-4.675718637425161e-07
-4.676632121000522e-07
-4.677554115312444e-07
-4.678409009752706e-07
-4.679220786681092e-07
-4.680060514441105e-07
-4.680886556515473e-07
-4.681640995454954e-07
-4.682318356452511e-07
-4.68302405986835e-07
-5.396512594406553e-07
-3.772794504450398e-06
-2.653691924179933e-05
-0.0001865975214674365
-0.001317416669813386
-0.00916709304717557
-0.05829582340941838
-0.2363384203721966
-0.4116108277249381
-0.4595146480724739
-0.4671116120148076
-0.4681874710887041
-0.4683420765739414
-0.4683677745761931
-0.4683757988116217
-0.4683815914181734
-0.4683877185330049
-0.4683950698615659
-0.4684037962192412
-0.4684136359264368
-0.4684247692492525
-0.4684381543543422
-0.4684543882069049
-0.4684729849784363
-0.4684928647502347
-0.468513656606863
-0.4685353203751786
-0.4685574479944809
-0.4685793599202918
-0.4686004051283696
-0.4686198852137948
-0.4686355508857647
-0.468644705663293
-0.4686440488113495
-0.4686330513943383
-0.4686161542918714
-0.4686000859870942
-0.4685914377958526
-0.4685938269865494
-0.4686017408441673
-0.4686039921787445
-0.4685914471580344
-0.4685710495862879
-0.4685647779175495
-0.4685761211639431
-0.4685937131974875
-0.4685999999968223
-0.00646154060743892
-0.0009126277202177608
-0.0001275822027692073
-1.780949974935214e-05
-2.485533222021418e-06
-4.688700585345345e-07
-4.687355384123354e-07
-4.686118914180724e-07
-4.684946096031118e-07
-4.683817752898706e-07
-4.682773144008364e-07
-4.681855012684458e-07
-4.680989396152304e-07
-4.680107331787971e-07
-4.679259945583683e-07
-4.678504686989698e-07
-4.677824653745196e-07
-4.67716981919394e-07
-4.676559468643717e-07
-4.676025960785448e-07
-4.675556828094197e-07
-4.675111419823079e-07
-4.674686067137354e-07
-4.674285707947423e-07
-4.673900994033858e-07
-4.673518395939142e-07
-4.673156828430308e-07
-4.672838471865075e-07
-4.672570416143882e-07
-4.672337425669599e-07
-4.672144711647983e-07
-4.67200912381756e-07
-4.671975584926483e-07
-4.672060323069426e-07
-4.6722529670303e-07
-4.672551258969136e-07
-4.672995045903588e-07
-4.673592491594462e-07
-4.674287723131112e-07
-4.675037762289986e-07
-4.675862095765608e-07
-4.67676021876079e-07
-4.677657376576822e-07
-4.678483875589763e-07
-4.679274158607333e-07
-4.680081765758646e-07
-4.68086869334502e-07
-4.681597388725317e-07
-4.682285864973098e-07
-4.683010515834319e-07
-4.683749178669734e-07
-2.482758169121752e-06
-1.778878893326161e-05
-0.0001274292163745233
-0.0009114990703797831
-0.006453437417120088
-0.042858084419365
-0.1970290199813796
-0.3936335103272342
-0.4563474966819578
-0.4666722940395219
-0.4681347175057614
-0.4683399361061339
-0.4683717361033051
-0.4683800777054443
-0.4683856892793894
-0.4683915388497454
-0.4683984134753501
-0.4684065937582576
-0.4684161237974722
-0.4684272986509921
-0.4684407869894155
-0.4684568031642911
-0.4684749313962531
-0.4684946750438027
-0.4685161539161804
-0.4685391049508806
-0.4685623214735662
-0.4685844417055032
-0.4686046152370018
-0.4686221859924075
-0.4686348176366953
-0.468639962618524
-0.4686353609298773
-0.468622534720235
-0.4686078663835407
-0.468597986811248
-0.4685959666918794
-0.4685993124712329
-0.4685983452647819
-0.4685859590332446
-0.4685627497199447
-0.4685440582883542
-0.4685494831307371
-0.4685731954411891
-0.4685965753265908
-0.4685999999968223
-0.004885992659719614
-0.0006755094225161745
-9.323743995472867e-05
-1.285506929841042e-05
-1.783037218314209e-06
-4.68904036202002e-07
-4.687497442165572e-07
-4.686154299383824e-07
-4.684904039140914e-07
-4.683719582440329e-07
-4.682629354803272e-07
-4.681692712397749e-07
-4.680822326391949e-07
-4.67994431518274e-07
-4.679105182144525e-07
-4.678351646901786e-07
-4.677670598588505e-07
-4.677010984753787e-07
-4.676400416541049e-07
-4.675863523007588e-07
-4.675390576121255e-07
-4.67494758030029e-07
-4.674536954194919e-07
-4.674158732040931e-07
-4.673797310099989e-07
-4.673434040406608e-07
-4.673091757609723e-07
-4.672794093587903e-07
-4.67255214744313e-07
-4.672347168513346e-07
-4.672180050186013e-07
-4.672065549247589e-07
-4.672048398614856e-07
-4.672141948134395e-07
-4.672334351063484e-07
-4.672631900582832e-07
-4.67308728493555e-07
-4.673702054049646e-07
-4.674411617416223e-07
-4.675165110525099e-07
-4.675994462004728e-07
-4.676892708441269e-07
-4.677777470768726e-07
-4.678585491555246e-07
-4.679357485384441e-07
-4.680139695558056e-07
-4.680895847789573e-07
-4.681599021594436e-07
-4.682302823258647e-07
-4.683033102950567e-07
-4.683757739399875e-07
-1.780826046123898e-06
-1.283843811101824e-05
-9.311270171926006e-05
-0.0006745751466625348
-0.004879098263329568
-0.03322732777376906
-0.1676166299009202
-0.3759483240600863
-0.4531098360469776
-0.4662213906880738
-0.4680787107993223
-0.4683364941480643
-0.4683747198184654
-0.4683835658779574
-0.4683889582765823
-0.4683944870085971
-0.468400886928498
-0.4684084355527056
-0.4684173834874403
-0.4684282820569514
-0.4684417666974003
-0.4684577774147511
-0.4684757863064612
-0.4684957565564669
-0.4685181331580393
-0.4685424746863857
-0.4685669209462054
-0.4685896734926998
-0.4686099649427684
-0.4686270211169096
-0.4686380882974869
-0.4686402084479391
-0.4686318536696876
-0.4686163404066433
-0.4686016535199071
-0.4685944502121143
-0.4685950683643685
-0.4685972508140007
-0.4685900812688016
-0.4685696144888019
-0.4685428942956543
-0.4685287922415753
-0.4685440951985042
-0.4685752877828364
-0.4685993437004969
-0.4685999999968223
-0.003923590837765649
-0.0005414801685160711
-7.380552915385423e-05
-1.011308874536739e-05
-1.385538735438953e-06
-4.689211534823978e-07
-4.687602387143152e-07
-4.68620607818394e-07
-4.684881510795772e-07
-4.683652054636874e-07
-4.682538864629454e-07
-4.68160903784426e-07
-4.680752731896735e-07
-4.679878674606162e-07
-4.67903383646948e-07
-4.678256362837336e-07
-4.677571637499204e-07
-4.676910269345986e-07
-4.676300087543687e-07
-4.675744736641954e-07
-4.675265904480892e-07
-4.674834302029346e-07
-4.674448723203172e-07
-4.674085410099882e-07
-4.673730782516053e-07
-4.673372994526519e-07
-4.673040654109952e-07
-4.672761516553926e-07
-4.672539580718404e-07
-4.672353346977381e-07
-4.672207600854846e-07
-4.672114292970947e-07
-4.672108310768026e-07
-4.672192043416994e-07
-4.672362655724891e-07
-4.672656131622789e-07
-4.673139307123786e-07
-4.673780349915003e-07
-4.674504608100655e-07
-4.675255753787623e-07
-4.676101442450781e-07
-4.67701086609073e-07
-4.67790139969365e-07
-4.678704427457861e-07
-4.679472749037905e-07
-4.68022851560931e-07
-4.680954932692814e-07
-4.681651672055239e-07
-4.682363558122999e-07
-4.683099529294381e-07
-4.68379168500407e-07
-1.383734331304458e-06
-1.009932437580116e-05
-7.370178085873518e-05
-0.0005406930459420585
-0.003917722460973533
-0.02732051842525108
-0.1464445492355781
-0.3604701797816673
-0.4500314669792266
-0.4657909868355431
-0.468023925694193
-0.4683314911850433
-0.4683759600592053
-0.4683852279577652
-0.4683904157016967
-0.468395669571203
-0.4684015446208195
-0.4684081372694018
-0.4684162466993631
-0.4684269548781964
-0.4684405883622417
-0.4684564847664412
-0.4684739604682246
-0.4684943617809207
-0.4685182691634704
-0.4685444890826054
-0.4685700110308459
-0.4685928636752852
-0.4686137794560922
-0.4686317115809592
-0.4686430696492478
-0.4686435226644918
-0.4686323885839099
-0.4686148991620689
-0.4685999758333464
-0.4685937018130443
-0.4685932160108099
-0.4685901811834377
-0.4685762547698016
-0.4685514195277844
-0.4685264979367894
-0.4685199284577242
-0.4685421349023792
-0.4685763035332624
-0.4686001742972914
-0.4685999999968223
-0.003409673903197037
-0.0004643600863814406
-6.328526329420317e-05
-8.565367806489946e-06
-1.166289793104592e-06
-4.68929280954096e-07
-4.687617621429024e-07
-4.686158727050982e-07
-4.684760238832398e-07
-4.683503785123241e-07
-4.682397380125586e-07
-4.681499759156037e-07
-4.680667319676211e-07
-4.679790873837931e-07
-4.678951209833843e-07
-4.678168375004207e-07
-4.677490875587016e-07
-4.676797562135154e-07
-4.676157501470081e-07
-4.675580524676558e-07
-4.675123600928979e-07
-4.674712413156356e-07
-4.674345275003852e-07
-4.674002521186525e-07
-4.673653187306623e-07
-4.673310177374295e-07
-4.672992742972552e-07
-4.672731614404072e-07
-4.672520615869054e-07
-4.672347189981195e-07
-4.672220069752335e-07
-4.672145510710668e-07
-4.672145800951335e-07
-4.672211247741674e-07
-4.672350109174517e-07
-4.672650085549945e-07
-4.67317829427077e-07
-4.673834061655617e-07
-4.67456233535834e-07
-4.675308708886292e-07
-4.676204387510631e-07
-4.677139998325653e-07
-4.678050997095128e-07
-4.678833952319666e-07
-4.679599251089521e-07
-4.680336900309436e-07
-4.681031956194452e-07
-4.681755893144279e-07
-4.68249283777019e-07
-4.683202521646897e-07
-4.683829597685859e-07
-1.164728843199067e-06
-8.553409504250853e-06
-6.319444975999752e-05
-0.0004636741601604559
-0.003404448515696737
-0.02389883993227485
-0.1331740952663781
-0.3488193764730879
-0.447612460518772
-0.46545380858068
-0.4679769805773231
-0.4683246751401338
-0.4683739472735373
-0.4683833666544132
-0.4683886340639766
-0.4683937508588991
-0.468398789031483
-0.4684039357831644
-0.4684111624242832
-0.4684221555598967
-0.468435925863184
-0.4684512679843615
-0.4684676451195332
-0.4684890153896242
-0.4685152819016224
-0.4685432506192474
-0.4685692134745994
-0.4685915691169676
-0.4686144195327749
-0.468635179062376
-0.4686490192535676
-0.4686497019114278
-0.4686371075381376
-0.4686183201188112
-0.4686021490743749
-0.4685923891401836
-0.4685830331428735
-0.4685671701404635
-0.4685444413118311
-0.4685211022480014
-0.4685067642916105
-0.4685135223062384
-0.4685427618810614
-0.4685782512491408
-0.4686008311601427
-0.4685999999968223
-0.003168666143700753
-0.000431346622692642
-5.842246354679892e-05
-7.907057299014575e-06
-1.070041959027075e-06
-4.689249200427618e-07
-4.687489872630111e-07
-4.685919070100309e-07
-4.684538992334548e-07
-4.683189991968547e-07
-4.682111444167361e-07
-4.681263367325633e-07
-4.680475412424985e-07
-4.679622618399044e-07
-4.678736644147173e-07
-4.678013019397169e-07
-4.677314934088525e-07
-4.676620722300901e-07
-4.675905407486208e-07
-4.675368948003315e-07
-4.674931575705795e-07
-4.674551458222324e-07
-4.674204853388912e-07
-4.673886574624871e-07
-4.673553009871e-07
-4.673192013971725e-07
-4.672900495076569e-07
-4.672667167235851e-07
-4.672477049417283e-07
-4.672335583106629e-07
-4.672225606889879e-07
-4.672160336223684e-07
-4.672162263438626e-07
-4.672210384397686e-07
-4.67232783941093e-07
-4.672633865241938e-07
-4.673197658499121e-07
-4.673927149423944e-07
-4.674601431772669e-07
-4.6753680451683e-07
-4.676280218068617e-07
-4.677343090911462e-07
-4.678213448774917e-07
-4.678984176601367e-07
-4.679724881224021e-07
-4.680439708094563e-07
-4.681118819285818e-07
-4.68183208204242e-07
-4.682607268416036e-07
-4.683267862589415e-07
-4.683815041694114e-07
-1.068585565230318e-06
-7.895799774646556e-06
-5.833642108960265e-05
-0.0004306967103906309
-0.003163720103000439
-0.02240927226059158
-0.1268165612061012
-0.3432548872686464
-0.4463524501539107
-0.4652654283308325
-0.4679504070169209
-0.4683178477106982
-0.4683689270413619
-0.4683782910861593
-0.4683837199316013
-0.4683895200907369
-0.4683933457677195
-0.4683959892694647
-0.4684017656329142
-0.4684138170344561
-0.4684297392840429
-0.4684433110286848
-0.4684577659339459
-0.4684786830943656
-0.4685093963099857
-0.4685414573009158
-0.4685658188554974
-0.4685873613251875
-0.4686113720205234
-0.468639098002026
-0.4686581550133184
-0.4686607659212693
-0.4686461845315568
-0.4686223507609772
-0.468602240356279
-0.4685855890048498
-0.4685605902763892
-0.4685253922656285
-0.4684968203157728
-0.468488597439845
-0.4684956768637284
-0.4685048450863453
-0.4685326403143066
-0.4685762895201677
-0.4686065400629634
-0.4685999999968223
