FiniteElementSpace
FiniteElementCollection: H1_3D_P1
VDim: 1
Ordering: 0

-1.987031962078501e-05
-0.0001048363488123816
-0.0005390292263184549
-0.002658733328740221
-0.01181971616668989
-0.03898380541063252
-0.07468157089908961
-0.09293256953783313
-0.0982580982566098
-0.09957078289802011
-0.09989033020744507
-0.09997058590207343
-0.09999166283617278
-0.09999748814544687
-0.09999919084454761
-0.09999971958626437
-0.09999989478335694
-0.09999995697099973
-0.09999998069213452
-0.09999999043099482
-0.09999999472899582
-0.09999999675420761
-0.09999999775445081
-0.09999999824757924
-0.09999999845302421
-0.09999999845302421
-0.09999999824757924
-0.09999999775445081
-0.09999999675420761
-0.09999999472899582
-0.09999999043099482
-0.09999998069213452
-0.09999995697099973
-0.09999989478335694
-0.09999971958626437
-0.09999919084454761
-0.09999748814544687
-0.09999166283617278
-0.09997058590207343
-0.09989033020744507
-0.09957078289802011
-0.0982580982566098
-0.09293256953783313
-0.07468157089908961
-0.03898380541063252
-0.01181971616668989
-0.002658733328740221
-0.0005390292263184549
-0.0001048363488123816
-1.987031962078501e-05
-3.687378568340005e-06
-6.714551543052228e-07
-1.201722995114452e-07
-1e-07
-1e-07
-1e-07
-1e-07
-1e-07
-1e-07
-1e-07
-1e-07
-1e-07
-1e-07
-1e-07
-1e-07
-1e-07
-1e-07
-1e-07
-1e-07
-1e-07
-1e-07
-1e-07
-1e-07
-1e-07
-1e-07
-1e-07
-1e-07
-1e-07
-1e-07
-1e-07
-1e-07
-5.78594678809774e-05
-0.0003146204214825366
-0.001657298932826456
-0.008084604245343296
-0.03092681046568999
-0.0689191370503332
-0.09141959399902165
-0.09802039414736535
-0.09955117488571487
-0.09989529079578828
-0.09997451824731658
-0.09999348744053947
-0.0999982420360634
-0.09999949589120755
-0.09999984547652929
-0.09999994902975484
-0.09999998177927356
-0.09999999288859188
-0.09999999694662935
-0.0999999985467952
-0.09999999922771348
-0.09999999953859343
-0.09999999968823535
-0.09999999976061746
-0.09999999979042158
-0.09999999979042158
-0.09999999976061746
-0.09999999968823535
-0.09999999953859343
-0.09999999922771348
-0.0999999985467952
-0.09999999694662935
-0.09999999288859188
-0.09999998177927356
-0.09999994902975484
-0.09999984547652929
-0.09999949589120755
-0.0999982420360634
-0.09999348744053947
-0.09997451824731658
-0.09989529079578828
-0.09955117488571487
-0.09802039414736535
-0.09141959399902165
-0.0689191370503332
-0.03092681046568999
-0.008084604245343296
-0.001657298932826456
-0.0003146204214825366
-5.78594678809774e-05
-1.041838960218478e-05
-1.84291219602617e-06
-3.208125948006568e-07
-1e-07
-1e-07
-1e-07
-1e-07
-1e-07
-1e-07
-1e-07
-1e-07
-1e-07
-1e-07
-1e-07
-1e-07
-1e-07
-1e-07
-1e-07
-1e-07
-1e-07
-1e-07
-1e-07
-1e-07
-1e-07
-1e-07
-1e-07
-1e-07
-1e-07
-1e-07
-1e-07
-1e-07
-0.0001600553078617339
-0.0008939309722050649
-0.004742587317756681
-0.02120242934966486
-0.05869166917052644
-0.0879699162128498
-0.09733918457313136
-0.09943930764760613
-0.09987971164034476
-0.09997326816142872
-0.0999938024609387
-0.09999849286425259
-0.09999961342508512
-0.09999989478335694
-0.09999996940977732
-0.09999999043099482
-0.09999999675420761
-0.09999999879625067
-0.09999999950767749
-0.09999999977599822
-0.09999999988564377
-0.09999999993396563
-0.09999999995656084
-0.09999999996725693
-0.0999999999716029
-0.0999999999716029
-0.09999999996725693
-0.09999999995656084
-0.09999999993396563
-0.09999999988564377
-0.09999999977599822
-0.09999999950767749
-0.09999999879625067
-0.09999999675420761
-0.09999999043099482
-0.09999996940977732
-0.09999989478335694
-0.09999961342508512
-0.09999849286425259
-0.0999938024609387
-0.09997326816142872
-0.09987971164034476
-0.09943930764760613
-0.09733918457313136
-0.0879699162128498
-0.05869166917052644
-0.02120242934966486
-0.004742587317756681
-0.0008939309722050649
-0.0001600553078617339
-2.799127104214927e-05
-4.812607984655548e-06
-8.153163445545619e-07
-1.362885297950811e-07
-1e-07
-1e-07
-1e-07
-1e-07
-1e-07
-1e-07
-1e-07
-1e-07
-1e-07
-1e-07
-1e-07
-1e-07
-1e-07
-1e-07
-1e-07
-1e-07
-1e-07
-1e-07
-1e-07
-1e-07
-1e-07
-1e-07
-1e-07
-1e-07
-1e-07
-1e-07
-1e-07
-0.0004190595626812677
-0.002384152818577073
-0.01222658698589376
-0.04379765511991168
-0.08101608386901193
-0.09580263563387321
-0.09916600554926025
-0.09983404389505886
-0.09996606357086776
-0.09999280986346573
-0.09999841339930673
-0.09999963349701024
-0.09999991087343371
-0.09999997703915178
-0.09999999368940049
-0.0999999981351789
-0.09999999940242177
-0.09999999979042158
-0.09999999991876714
-0.09999999996485001
-0.09999999998284879
-0.09999999999047177
-0.09999999999392101
-0.09999999999551411
-0.0999999999961516
-0.0999999999961516
-0.09999999999551411
-0.09999999999392101
-0.09999999999047177
-0.09999999998284879
-0.09999999996485001
-0.09999999991876714
-0.09999999979042158
-0.09999999940242177
-0.0999999981351789
-0.09999999368940049
-0.09999997703915178
-0.09999991087343371
-0.09999963349701024
-0.09999841339930673
-0.09999280986346573
-0.09996606357086776
-0.09983404389505886
-0.09916600554926025
-0.09580263563387321
-0.08101608386901193
-0.04379765511991168
-0.01222658698589376
-0.002384152818577073
-0.0004190595626812677
-7.131629535029882e-05
-1.192834588044645e-05
-1.968085384107532e-06
-3.208125948006568e-07
-1e-07
-1e-07
-1e-07
-1e-07
-1e-07
-1e-07
-1e-07
-1e-07
-1e-07
-1e-07
-1e-07
-1e-07
-1e-07
-1e-07
-1e-07
-1e-07
-1e-07
-1e-07
-1e-07
-1e-07
-1e-07
-1e-07
-1e-07
-1e-07
-1e-07
-1e-07
-1e-07
-0.001033437516736541
-0.00587952740312841
-0.02689414213699951
-0.06804218220313811
-0.09235865650327285
-0.09853273311420688
-0.09972621638336743
-0.09994803366700125
-0.09998985241664549
-0.09999795070348305
-0.09999957002079625
-0.09999990579590973
-0.0999999783256935
-0.09999999472899582
-0.09999999863504955
-0.09999999962048588
-0.09999999988564377
-0.09999999996227288
-0.09999999998622129
-0.09999999999436389
-0.09999999999738714
-0.0999999999986112
-0.09999999999914466
-0.09999999999938419
-0.09999999999947834
-0.09999999999947834
-0.09999999999938419
-0.09999999999914466
-0.0999999999986112
-0.09999999999738714
-0.09999999999436389
-0.09999999998622129
-0.09999999996227288
-0.09999999988564377
-0.09999999962048588
-0.09999999863504955
-0.09999999472899582
-0.0999999783256935
-0.09999990579590973
-0.09999957002079625
-0.09999795070348305
-0.09998985241664549
-0.09994803366700125
-0.09972621638336743
-0.09853273311420688
-0.09235865650327285
-0.06804218220313811
-0.02689414213699951
-0.00587952740312841
-0.001033437516736541
-0.0001717986927891269
-2.799127104214927e-05
-4.502116604687689e-06
-7.16292913949257e-07
-1.128540979000725e-07
-1e-07
-1e-07
-1e-07
-1e-07
-1e-07
-1e-07
-1e-07
-1e-07
-1e-07
-1e-07
-1e-07
-1e-07
-1e-07
-1e-07
-1e-07
-1e-07
-1e-07
-1e-07
-1e-07
-1e-07
-1e-07
-1e-07
-1e-07
-1e-07
-1e-07
-1e-07
-0.002384152818577074
-0.01307750819345443
-0.0477535334394972
-0.08453859425588583
-0.09698348817495207
-0.09946365693685683
-0.09990456386808871
-0.09998266365289105
-0.09999676523230083
-0.09999937744615761
-0.09999987588247454
-0.09999997423981491
-0.09999999440243162
-0.09999999871810208
-0.09999999968823535
-0.09999999991876714
-0.09999999997709597
-0.09999999999293263
-0.09999999999758356
-0.0999999999990721
-0.09999999999959418
-0.09999999999979502
-0.09999999999987884
-0.09999999999991525
-0.09999999999992927
-0.09999999999992927
-0.09999999999991525
-0.09999999999987884
-0.09999999999979502
-0.09999999999959418
-0.0999999999990721
-0.09999999999758356
-0.09999999999293263
-0.09999999997709597
-0.09999999991876714
-0.09999999968823535
-0.09999999871810208
-0.09999999440243162
-0.09999997423981491
-0.09999987588247454
-0.09999937744615761
-0.09999676523230083
-0.09998266365289105
-0.09990456386808871
-0.09946365693685683
-0.09698348817495207
-0.08453859425588583
-0.0477535334394972
-0.01307750819345443
-0.002384152818577073
-0.0003900367910842695
-6.203122952225804e-05
-9.737800611253622e-06
-1.51380890249242e-06
-2.333250184893832e-07
-1e-07
-1e-07
-1e-07
-1e-07
-1e-07
-1e-07
-1e-07
-1e-07
-1e-07
-1e-07
-1e-07
-1e-07
-1e-07
-1e-07
-1e-07
-1e-07
-1e-07
-1e-07
-1e-07
-1e-07
-1e-07
-1e-07
-1e-07
-1e-07
-1e-07
-1e-07
-1.987031962078501e-05
-0.0001048363488123816
-0.0005390292263184549
-0.002658733328740221
-0.01181971616668989
-0.03898380541063252
-0.07468157089908961
-0.09293256953783313
-0.0982580982566098
-0.09957078289802011
-0.09989033020744507
-0.09997058590207343
-0.09999166283617278
-0.09999748814544687
-0.09999919084454761
-0.09999971958626437
-0.09999989478335694
-0.09999995697099973
-0.09999998069213452
-0.09999999043099482
-0.09999999472899582
-0.09999999675420761
-0.09999999775445081
-0.09999999824757924
-0.09999999845302421
-0.09999999845302421
-0.09999999824757924
-0.09999999775445081
-0.09999999675420761
-0.09999999472899582
-0.09999999043099482
-0.09999998069213452
-0.09999995697099973
-0.09999989478335694
-0.09999971958626437
-0.09999919084454761
-0.09999748814544687
-0.09999166283617278
-0.09997058590207343
-0.09989033020744507
-0.09957078289802011
-0.0982580982566098
-0.09293256953783313
-0.07468157089908961
-0.03898380541063252
-0.01181971616668989
-0.002658733328740221
-0.0005390292263184549
-0.0001048363488123816
-1.987031962078501e-05
-3.687378568340005e-06
-6.714551543052228e-07
-1.201722995114452e-07
-1e-07
-1e-07
-1e-07
-1e-07
-1e-07
-1e-07
-1e-07
-1e-07
-1e-07
-1e-07
-1e-07
-1e-07
-1e-07
-1e-07
-1e-07
-1e-07
-1e-07
-1e-07
-1e-07
-1e-07
-1e-07
-1e-07
-1e-07
-1e-07
-1e-07
-1e-07
-1e-07
-1e-07
-5.78594678809774e-05
-0.0003146204214825366
-0.001657298932826456
-0.008084604245343296
-0.03092681046568999
-0.0689191370503332
-0.09141959399902165
-0.09802039414736535
-0.09955117488571487
-0.09989529079578828
-0.09997451824731658
-0.09999348744053947
-0.0999982420360634
-0.09999949589120755
-0.09999984547652929
-0.09999994902975484
-0.09999998177927356
-0.09999999288859188
-0.09999999694662935
-0.0999999985467952
-0.09999999922771348
-0.09999999953859343
-0.09999999968823535
-0.09999999976061746
-0.09999999979042158
-0.09999999979042158
-0.09999999976061746
-0.09999999968823535
-0.09999999953859343
-0.09999999922771348
-0.0999999985467952
-0.09999999694662935
-0.09999999288859188
-0.09999998177927356
-0.09999994902975484
-0.09999984547652929
-0.09999949589120755
-0.0999982420360634
-0.09999348744053947
-0.09997451824731658
-0.09989529079578828
-0.09955117488571487
-0.09802039414736535
-0.09141959399902165
-0.0689191370503332
-0.03092681046568999
-0.008084604245343296
-0.001657298932826456
-0.0003146204214825366
-5.78594678809774e-05
-1.041838960218478e-05
-1.84291219602617e-06
-3.208125948006568e-07
-1e-07
-1e-07
-1e-07
-1e-07
-1e-07
-1e-07
-1e-07
-1e-07
-1e-07
-1e-07
-1e-07
-1e-07
-1e-07
-1e-07
-1e-07
-1e-07
-1e-07
-1e-07
-1e-07
-1e-07
-1e-07
-1e-07
-1e-07
-1e-07
-1e-07
-1e-07
-1e-07
-1e-07
-0.0001600553078617339
-0.0008939309722050649
-0.004742587317756681
-0.02120242934966486
-0.05869166917052644
-0.0879699162128498
-0.09733918457313136
-0.09943930764760613
-0.09987971164034476
-0.09997326816142872
-0.0999938024609387
-0.09999849286425259
-0.09999961342508512
-0.09999989478335694
-0.09999996940977732
-0.09999999043099482
-0.09999999675420761
-0.09999999879625067
-0.09999999950767749
-0.09999999977599822
-0.09999999988564377
-0.09999999993396563
-0.09999999995656084
-0.09999999996725693
-0.0999999999716029
-0.0999999999716029
-0.09999999996725693
-0.09999999995656084
-0.09999999993396563
-0.09999999988564377
-0.09999999977599822
-0.09999999950767749
-0.09999999879625067
-0.09999999675420761
-0.09999999043099482
-0.09999996940977732
-0.09999989478335694
-0.09999961342508512
-0.09999849286425259
-0.0999938024609387
-0.09997326816142872
-0.09987971164034476
-0.09943930764760613
-0.09733918457313136
-0.0879699162128498
-0.05869166917052644
-0.02120242934966486
-0.004742587317756681
-0.0008939309722050649
-0.0001600553078617339
-2.799127104214927e-05
-4.812607984655548e-06
-8.153163445545619e-07
-1.362885297950811e-07
-1e-07
-1e-07
-1e-07
-1e-07
-1e-07
-1e-07
-1e-07
-1e-07
-1e-07
-1e-07
-1e-07
-1e-07
-1e-07
-1e-07
-1e-07
-1e-07
-1e-07
-1e-07
-1e-07
-1e-07
-1e-07
-1e-07
-1e-07
-1e-07
-1e-07
-1e-07
-1e-07
-0.0004190595626812677
-0.002384152818577073
-0.01222658698589376
-0.04379765511991168
-0.08101608386901193
-0.09580263563387321
-0.09916600554926025
-0.09983404389505886
-0.09996606357086776
-0.09999280986346573
-0.09999841339930673
-0.09999963349701024
-0.09999991087343371
-0.09999997703915178
-0.09999999368940049
-0.0999999981351789
-0.09999999940242177
-0.09999999979042158
-0.09999999991876714
-0.09999999996485001
-0.09999999998284879
-0.09999999999047177
-0.09999999999392101
-0.09999999999551411
-0.0999999999961516
-0.0999999999961516
-0.09999999999551411
-0.09999999999392101
-0.09999999999047177
-0.09999999998284879
-0.09999999996485001
-0.09999999991876714
-0.09999999979042158
-0.09999999940242177
-0.0999999981351789
-0.09999999368940049
-0.09999997703915178
-0.09999991087343371
-0.09999963349701024
-0.09999841339930673
-0.09999280986346573
-0.09996606357086776
-0.09983404389505886
-0.09916600554926025
-0.09580263563387321
-0.08101608386901193
-0.04379765511991168
-0.01222658698589376
-0.002384152818577073
-0.0004190595626812677
-7.131629535029882e-05
-1.192834588044645e-05
-1.968085384107532e-06
-3.208125948006568e-07
-1e-07
-1e-07
-1e-07
-1e-07
-1e-07
-1e-07
-1e-07
-1e-07
-1e-07
-1e-07
-1e-07
-1e-07
-1e-07
-1e-07
-1e-07
-1e-07
-1e-07
-1e-07
-1e-07
-1e-07
-1e-07
-1e-07
-1e-07
-1e-07
-1e-07
-1e-07
-1e-07
-0.001033437516736541
-0.00587952740312841
-0.02689414213699951
-0.06804218220313811
-0.09235865650327285
-0.09853273311420688
-0.09972621638336743
-0.09994803366700125
-0.09998985241664549
-0.09999795070348305
-0.09999957002079625
-0.09999990579590973
-0.0999999783256935
-0.09999999472899582
-0.09999999863504955
-0.09999999962048588
-0.09999999988564377
-0.09999999996227288
-0.09999999998622129
-0.09999999999436389
-0.09999999999738714
-0.0999999999986112
-0.09999999999914466
-0.09999999999938419
-0.09999999999947834
-0.09999999999947834
-0.09999999999938419
-0.09999999999914466
-0.0999999999986112
-0.09999999999738714
-0.09999999999436389
-0.09999999998622129
-0.09999999996227288
-0.09999999988564377
-0.09999999962048588
-0.09999999863504955
-0.09999999472899582
-0.0999999783256935
-0.09999990579590973
-0.09999957002079625
-0.09999795070348305
-0.09998985241664549
-0.09994803366700125
-0.09972621638336743
-0.09853273311420688
-0.09235865650327285
-0.06804218220313811
-0.02689414213699951
-0.00587952740312841
-0.001033437516736541
-0.0001717986927891269
-2.799127104214927e-05
-4.502116604687689e-06
-7.16292913949257e-07
-1.128540979000725e-07
-1e-07
-1e-07
-1e-07
-1e-07
-1e-07
-1e-07
-1e-07
-1e-07
-1e-07
-1e-07
-1e-07
-1e-07
-1e-07
-1e-07
-1e-07
-1e-07
-1e-07
-1e-07
-1e-07
-1e-07
-1e-07
-1e-07
-1e-07
-1e-07
-1e-07
-1e-07
-0.002384152818577074
-0.01307750819345443
-0.0477535334394972
-0.08453859425588583
-0.09698348817495207
-0.09946365693685683
-0.09990456386808871
-0.09998266365289105
-0.09999676523230083
-0.09999937744615761
-0.09999987588247454
-0.09999997423981491
-0.09999999440243162
-0.09999999871810208
-0.09999999968823535
-0.09999999991876714
-0.09999999997709597
-0.09999999999293263
-0.09999999999758356
-0.0999999999990721
-0.09999999999959418
-0.09999999999979502
-0.09999999999987884
-0.09999999999991525
-0.09999999999992927
-0.09999999999992927
-0.09999999999991525
-0.09999999999987884
-0.09999999999979502
-0.09999999999959418
-0.0999999999990721
-0.09999999999758356
-0.09999999999293263
-0.09999999997709597
-0.09999999991876714
-0.09999999968823535
-0.09999999871810208
-0.09999999440243162
-0.09999997423981491
-0.09999987588247454
-0.09999937744615761
-0.09999676523230083
-0.09998266365289105
-0.09990456386808871
-0.09946365693685683
-0.09698348817495207
-0.08453859425588583
-0.0477535334394972
-0.01307750819345443
-0.002384152818577073
-0.0003900367910842695
-6.203122952225804e-05
-9.737800611253622e-06
-1.51380890249242e-06
-2.333250184893832e-07
-1e-07
-1e-07
-1e-07
-1e-07
-1e-07
-1e-07
-1e-07
-1e-07
-1e-07
-1e-07
-1e-07
-1e-07
-1e-07
-1e-07
-1e-07
-1e-07
-1e-07
-1e-07
-1e-07
-1e-07
-1e-07
-1e-07
-1e-07
-1e-07
-1e-07
-1e-07
