FiniteElementSpace
FiniteElementCollection: H1_3D_P1
VDim: 1
Ordering: 0

-1e-07
-2.189712744349315e-07
-9.589294966527718e-07
-4.074096169426333e-06
-1.675397445783933e-05
-6.650921779539077e-05
-0.0002539595086740898
-0.0009269181419144679
-0.003187678393495591
-0.009961294553463701
-0.02613042681334147
-0.05175050926618967
-0.07544711157985985
-0.08923257124338274
-0.09544607704351453
-0.09802039414736535
-0.09908965529152543
-0.09955117488571487
-0.09976100838004605
-0.09986187902929033
-0.09991303387931583
-0.09994016057697663
-0.09995489260106703
-0.09996267890246405
-0.09996606357086776
-0.09996606357086776
-0.09996267890246405
-0.09995489260106703
-0.09994016057697663
-0.09991303387931583
-0.09986187902929033
-0.09976100838004605
-0.09955117488571487
-0.09908965529152543
-0.09802039414736535
-0.09544607704351453
-0.08923257124338274
-0.07544711157985985
-0.05175050926618967
-0.02613042681334147
-0.009961294553463701
-0.003187678393495591
-0.0009269181419144679
-0.0002539595086740898
-6.650921779539077e-05
-1.675397445783933e-05
-4.074096169426333e-06
-9.589294966527718e-07
-2.189712744349315e-07
-1e-07
-1e-07
-1e-07
-1e-07
-1e-07
-1e-07
-1e-07
-1e-07
-1e-07
-1e-07
-1e-07
-1e-07
-1e-07
-1e-07
-1e-07
-1e-07
-1e-07
-1e-07
-1e-07
-1e-07
-1e-07
-1e-07
-1e-07
-1e-07
-1e-07
-1e-07
-1e-07
-1e-07
-1e-07
-1e-07
-1e-07
-1e-07
-1.754265768205698e-07
-8.153163445545619e-07
-3.687378568340005e-06
-1.619295259086551e-05
-6.887012788283076e-05
-0.0002826428917355184
-0.001111226893694706
-0.004106256317788231
-0.01352204043239518
-0.03528982442169535
-0.06441729848975905
-0.08507233891402559
-0.09442805691144948
-0.09793447054726219
-0.09920181564190662
-0.09967206339573542
-0.09985538054797072
-0.09993112761469575
-0.09996441048377372
-0.0999799613670352
-0.09998766054240138
-0.09999166283617278
-0.0999938024609387
-0.09999492047949439
-0.09999540312145894
-0.09999540312145894
-0.09999492047949439
-0.0999938024609387
-0.09999166283617278
-0.09998766054240138
-0.0999799613670352
-0.09996441048377372
-0.09993112761469575
-0.09985538054797072
-0.09967206339573542
-0.09920181564190662
-0.09793447054726219
-0.09442805691144948
-0.08507233891402559
-0.06441729848975905
-0.03528982442169535
-0.01352204043239518
-0.004106256317788231
-0.001111226893694706
-0.0002826428917355184
-6.887012788283076e-05
-1.619295259086551e-05
-3.687378568340005e-06
-8.153163445545619e-07
-1.754265768205698e-07
-1e-07
-1e-07
-1e-07
-1e-07
-1e-07
-1e-07
-1e-07
-1e-07
-1e-07
-1e-07
-1e-07
-1e-07
-1e-07
-1e-07
-1e-07
-1e-07
-1e-07
-1e-07
-1e-07
-1e-07
-1e-07
-1e-07
-1e-07
-1e-07
-1e-07
-1e-07
-1e-07
-1e-07
-1e-07
-1e-07
-1e-07
-6.094827515068513e-07
-2.923680382899141e-06
-1.366136317022537e-05
-6.203122952225804e-05
-0.0002727334662981529
-0.001152307673310343
-0.004575050205320447
-0.01594447256264711
-0.04185038650198917
-0.07229617233820972
-0.09000991203444958
-0.09672182433440217
-0.09891613434236723
-0.0996247357802202
-0.09986187902929033
-0.09994552879548504
-0.09997684963529227
-0.0999893430177308
-0.09999466097381873
-0.09999707592841395
-0.0999982420360634
-0.09999883552304548
-0.09999914747032441
-0.09999930846689192
-0.09999937744615761
-0.09999937744615761
-0.09999930846689192
-0.09999914747032441
-0.09999883552304548
-0.0999982420360634
-0.09999707592841395
-0.09999466097381873
-0.0999893430177308
-0.09997684963529227
-0.09994552879548504
-0.09986187902929033
-0.0996247357802202
-0.09891613434236723
-0.09672182433440217
-0.09000991203444958
-0.07229617233820972
-0.04185038650198917
-0.01594447256264711
-0.004575050205320447
-0.001152307673310343
-0.0002727334662981529
-6.203122952225804e-05
-1.366136317022537e-05
-2.923680382899141e-06
-6.094827515068513e-07
-1.240103591759745e-07
-1e-07
-1e-07
-1e-07
-1e-07
-1e-07
-1e-07
-1e-07
-1e-07
-1e-07
-1e-07
-1e-07
-1e-07
-1e-07
-1e-07
-1e-07
-1e-07
-1e-07
-1e-07
-1e-07
-1e-07
-1e-07
-1e-07
-1e-07
-1e-07
-1e-07
-1e-07
-1e-07
-1e-07
-1e-07
-1e-07
-2.033878834872827e-06
-1.007225221241748e-05
-4.86338994682034e-05
-0.0002282270544053888
-0.001033437516736541
-0.004413270386442953
-0.01647037564319837
-0.044780069121612
-0.07619750296397482
-0.09235865650327285
-0.09775180194058958
-0.09933071490757152
-0.09979147643588351
-0.09993112761469575
-0.09997571121921454
-0.09999080096791454
-0.09999623801687799
-0.09999832985781519
-0.09999919084454761
-0.09999957002079625
-0.09999974820158525
-0.09999983680909497
-0.09999988252292957
-0.09999990579590973
-0.09999991568446749
-0.09999991568446749
-0.09999990579590973
-0.09999988252292957
-0.09999983680909497
-0.09999974820158525
-0.09999957002079625
-0.09999919084454761
-0.09999832985781519
-0.09999623801687799
-0.09999080096791454
-0.09997571121921454
-0.09993112761469575
-0.09979147643588351
-0.09933071490757152
-0.09775180194058958
-0.09235865650327285
-0.07619750296397482
-0.044780069121612
-0.01647037564319837
-0.004413270386442953
-0.001033437516736541
-0.0002282270544053888
-4.86338994682034e-05
-1.007225221241748e-05
-2.033878834872827e-06
-4.013045161066486e-07
-1e-07
-1e-07
-1e-07
-1e-07
-1e-07
-1e-07
-1e-07
-1e-07
-1e-07
-1e-07
-1e-07
-1e-07
-1e-07
-1e-07
-1e-07
-1e-07
-1e-07
-1e-07
-1e-07
-1e-07
-1e-07
-1e-07
-1e-07
-1e-07
-1e-07
-1e-07
-1e-07
-1e-07
-1e-07
-1e-07
-6.503043073008419e-06
-3.324727925698712e-05
-0.0001658213948795395
-0.0008019079770485105
-0.003684494428386715
-0.01493468262593726
-0.04379765511991168
-0.07693258316757622
-0.09320471296559348
-0.09818208192124134
-0.09950931003770964
-0.09986187902929033
-0.09995896560420653
-0.09998704414903514
-0.09999562737227817
-0.09999841339930673
-0.09999937744615761
-0.09999973426847712
-0.09999987588247454
-0.09999993619593482
-0.09999996370459385
-0.09999997703915178
-0.09999998377811621
-0.09999998715728127
-0.09999998857980329
-0.09999998857980329
-0.09999998715728127
-0.09999998377811621
-0.09999997703915178
-0.09999996370459385
-0.09999993619593482
-0.09999987588247454
-0.09999973426847712
-0.09999937744615761
-0.09999841339930673
-0.09999562737227817
-0.09998704414903514
-0.09995896560420653
-0.09986187902929033
-0.09950931003770964
-0.09818208192124134
-0.09320471296559348
-0.07693258316757622
-0.04379765511991168
-0.01493468262593726
-0.003684494428386715
-0.0008019079770485105
-0.0001658213948795395
-3.324727925698712e-05
-6.503043073008419e-06
-1.244260555677279e-06
-2.333250184893832e-07
-1e-07
-1e-07
-1e-07
-1e-07
-1e-07
-1e-07
-1e-07
-1e-07
-1e-07
-1e-07
-1e-07
-1e-07
-1e-07
-1e-07
-1e-07
-1e-07
-1e-07
-1e-07
-1e-07
-1e-07
-1e-07
-1e-07
-1e-07
-1e-07
-1e-07
-1e-07
-1e-07
-1e-07
-1e-07
-1.987031962078501e-05
-0.0001048363488123816
-0.0005390292263184549
-0.002658733328740221
-0.01181971616668989
-0.03898380541063252
-0.07468157089908961
-0.09293256953783313
-0.0982580982566098
-0.09957078289802011
-0.09989033020744507
-0.09997058590207343
-0.09999166283617278
-0.09999748814544687
-0.09999919084454761
-0.09999971958626437
-0.09999989478335694
-0.09999995697099973
-0.09999998069213452
-0.09999999043099482
-0.09999999472899582
-0.09999999675420761
-0.09999999775445081
-0.09999999824757924
-0.09999999845302421
-0.09999999845302421
-0.09999999824757924
-0.09999999775445081
-0.09999999675420761
-0.09999999472899582
-0.09999999043099482
-0.09999998069213452
-0.09999995697099973
-0.09999989478335694
-0.09999971958626437
-0.09999919084454761
-0.09999748814544687
-0.09999166283617278
-0.09997058590207343
-0.09989033020744507
-0.09957078289802011
-0.0982580982566098
-0.09293256953783313
-0.07468157089908961
-0.03898380541063252
-0.01181971616668989
-0.002658733328740221
-0.0005390292263184549
-0.0001048363488123816
-1.987031962078501e-05
-3.687378568340005e-06
-6.714551543052228e-07
-1.201722995114452e-07
-1e-07
-1e-07
-1e-07
-1e-07
-1e-07
-1e-07
-1e-07
-1e-07
-1e-07
-1e-07
-1e-07
-1e-07
-1e-07
-1e-07
-1e-07
-1e-07
-1e-07
-1e-07
-1e-07
-1e-07
-1e-07
-1e-07
-1e-07
-1e-07
-1e-07
-1e-07
-1e-07
-1e-07
-1e-07
-2.189712744349315e-07
-9.589294966527718e-07
-4.074096169426333e-06
-1.675397445783933e-05
-6.650921779539077e-05
-0.0002539595086740898
-0.0009269181419144679
-0.003187678393495591
-0.009961294553463701
-0.02613042681334147
-0.05175050926618967
-0.07544711157985985
-0.08923257124338274
-0.09544607704351453
-0.09802039414736535
-0.09908965529152543
-0.09955117488571487
-0.09976100838004605
-0.09986187902929033
-0.09991303387931583
-0.09994016057697663
-0.09995489260106703
-0.09996267890246405
-0.09996606357086776
-0.09996606357086776
-0.09996267890246405
-0.09995489260106703
-0.09994016057697663
-0.09991303387931583
-0.09986187902929033
-0.09976100838004605
-0.09955117488571487
-0.09908965529152543
-0.09802039414736535
-0.09544607704351453
-0.08923257124338274
-0.07544711157985985
-0.05175050926618967
-0.02613042681334147
-0.009961294553463701
-0.003187678393495591
-0.0009269181419144679
-0.0002539595086740898
-6.650921779539077e-05
-1.675397445783933e-05
-4.074096169426333e-06
-9.589294966527718e-07
-2.189712744349315e-07
-1e-07
-1e-07
-1e-07
-1e-07
-1e-07
-1e-07
-1e-07
-1e-07
-1e-07
-1e-07
-1e-07
-1e-07
-1e-07
-1e-07
-1e-07
-1e-07
-1e-07
-1e-07
-1e-07
-1e-07
-1e-07
-1e-07
-1e-07
-1e-07
-1e-07
-1e-07
-1e-07
-1e-07
-1e-07
-1e-07
-1e-07
-1e-07
-1.754265768205698e-07
-8.153163445545619e-07
-3.687378568340005e-06
-1.619295259086551e-05
-6.887012788283076e-05
-0.0002826428917355184
-0.001111226893694706
-0.004106256317788231
-0.01352204043239518
-0.03528982442169535
-0.06441729848975905
-0.08507233891402559
-0.09442805691144948
-0.09793447054726219
-0.09920181564190662
-0.09967206339573542
-0.09985538054797072
-0.09993112761469575
-0.09996441048377372
-0.0999799613670352
-0.09998766054240138
-0.09999166283617278
-0.0999938024609387
-0.09999492047949439
-0.09999540312145894
-0.09999540312145894
-0.09999492047949439
-0.0999938024609387
-0.09999166283617278
-0.09998766054240138
-0.0999799613670352
-0.09996441048377372
-0.09993112761469575
-0.09985538054797072
-0.09967206339573542
-0.09920181564190662
-0.09793447054726219
-0.09442805691144948
-0.08507233891402559
-0.06441729848975905
-0.03528982442169535
-0.01352204043239518
-0.004106256317788231
-0.001111226893694706
-0.0002826428917355184
-6.887012788283076e-05
-1.619295259086551e-05
-3.687378568340005e-06
-8.153163445545619e-07
-1.754265768205698e-07
-1e-07
-1e-07
-1e-07
-1e-07
-1e-07
-1e-07
-1e-07
-1e-07
-1e-07
-1e-07
-1e-07
-1e-07
-1e-07
-1e-07
-1e-07
-1e-07
-1e-07
-1e-07
-1e-07
-1e-07
-1e-07
-1e-07
-1e-07
-1e-07
-1e-07
-1e-07
-1e-07
-1e-07
-1e-07
-1e-07
-1e-07
-6.094827515068513e-07
-2.923680382899141e-06
-1.366136317022537e-05
-6.203122952225804e-05
-0.0002727334662981529
-0.001152307673310343
-0.004575050205320447
-0.01594447256264711
-0.04185038650198917
-0.07229617233820972
-0.09000991203444958
-0.09672182433440217
-0.09891613434236723
-0.0996247357802202
-0.09986187902929033
-0.09994552879548504
-0.09997684963529227
-0.0999893430177308
-0.09999466097381873
-0.09999707592841395
-0.0999982420360634
-0.09999883552304548
-0.09999914747032441
-0.09999930846689192
-0.09999937744615761
-0.09999937744615761
-0.09999930846689192
-0.09999914747032441
-0.09999883552304548
-0.0999982420360634
-0.09999707592841395
-0.09999466097381873
-0.0999893430177308
-0.09997684963529227
-0.09994552879548504
-0.09986187902929033
-0.0996247357802202
-0.09891613434236723
-0.09672182433440217
-0.09000991203444958
-0.07229617233820972
-0.04185038650198917
-0.01594447256264711
-0.004575050205320447
-0.001152307673310343
-0.0002727334662981529
-6.203122952225804e-05
-1.366136317022537e-05
-2.923680382899141e-06
-6.094827515068513e-07
-1.240103591759745e-07
-1e-07
-1e-07
-1e-07
-1e-07
-1e-07
-1e-07
-1e-07
-1e-07
-1e-07
-1e-07
-1e-07
-1e-07
-1e-07
-1e-07
-1e-07
-1e-07
-1e-07
-1e-07
-1e-07
-1e-07
-1e-07
-1e-07
-1e-07
-1e-07
-1e-07
-1e-07
-1e-07
-1e-07
-1e-07
-1e-07
-2.033878834872827e-06
-1.007225221241748e-05
-4.86338994682034e-05
-0.0002282270544053888
-0.001033437516736541
-0.004413270386442953
-0.01647037564319837
-0.044780069121612
-0.07619750296397482
-0.09235865650327285
-0.09775180194058958
-0.09933071490757152
-0.09979147643588351
-0.09993112761469575
-0.09997571121921454
-0.09999080096791454
-0.09999623801687799
-0.09999832985781519
-0.09999919084454761
-0.09999957002079625
-0.09999974820158525
-0.09999983680909497
-0.09999988252292957
-0.09999990579590973
-0.09999991568446749
-0.09999991568446749
-0.09999990579590973
-0.09999988252292957
-0.09999983680909497
-0.09999974820158525
-0.09999957002079625
-0.09999919084454761
-0.09999832985781519
-0.09999623801687799
-0.09999080096791454
-0.09997571121921454
-0.09993112761469575
-0.09979147643588351
-0.09933071490757152
-0.09775180194058958
-0.09235865650327285
-0.07619750296397482
-0.044780069121612
-0.01647037564319837
-0.004413270386442953
-0.001033437516736541
-0.0002282270544053888
-4.86338994682034e-05
-1.007225221241748e-05
-2.033878834872827e-06
-4.013045161066486e-07
-1e-07
-1e-07
-1e-07
-1e-07
-1e-07
-1e-07
-1e-07
-1e-07
-1e-07
-1e-07
-1e-07
-1e-07
-1e-07
-1e-07
-1e-07
-1e-07
-1e-07
-1e-07
-1e-07
-1e-07
-1e-07
-1e-07
-1e-07
-1e-07
-1e-07
-1e-07
-1e-07
-1e-07
-1e-07
-1e-07
-6.503043073008419e-06
-3.324727925698712e-05
-0.0001658213948795395
-0.0008019079770485105
-0.003684494428386715
-0.01493468262593726
-0.04379765511991168
-0.07693258316757622
-0.09320471296559348
-0.09818208192124134
-0.09950931003770964
-0.09986187902929033
-0.09995896560420653
-0.09998704414903514
-0.09999562737227817
-0.09999841339930673
-0.09999937744615761
-0.09999973426847712
-0.09999987588247454
-0.09999993619593482
-0.09999996370459385
-0.09999997703915178
-0.09999998377811621
-0.09999998715728127
-0.09999998857980329
-0.09999998857980329
-0.09999998715728127
-0.09999998377811621
-0.09999997703915178
-0.09999996370459385
-0.09999993619593482
-0.09999987588247454
-0.09999973426847712
-0.09999937744615761
-0.09999841339930673
-0.09999562737227817
-0.09998704414903514
-0.09995896560420653
-0.09986187902929033
-0.09950931003770964
-0.09818208192124134
-0.09320471296559348
-0.07693258316757622
-0.04379765511991168
-0.01493468262593726
-0.003684494428386715
-0.0008019079770485105
-0.0001658213948795395
-3.324727925698712e-05
-6.503043073008419e-06
-1.244260555677279e-06
-2.333250184893832e-07
-1e-07
-1e-07
-1e-07
-1e-07
-1e-07
-1e-07
-1e-07
-1e-07
-1e-07
-1e-07
-1e-07
-1e-07
-1e-07
-1e-07
-1e-07
-1e-07
-1e-07
-1e-07
-1e-07
-1e-07
-1e-07
-1e-07
-1e-07
-1e-07
-1e-07
-1e-07
-1e-07
-1e-07
-1e-07
-1.987031962078501e-05
-0.0001048363488123816
-0.0005390292263184549
-0.002658733328740221
-0.01181971616668989
-0.03898380541063252
-0.07468157089908961
-0.09293256953783313
-0.0982580982566098
-0.09957078289802011
-0.09989033020744507
-0.09997058590207343
-0.09999166283617278
-0.09999748814544687
-0.09999919084454761
-0.09999971958626437
-0.09999989478335694
-0.09999995697099973
-0.09999998069213452
-0.09999999043099482
-0.09999999472899582
-0.09999999675420761
-0.09999999775445081
-0.09999999824757924
-0.09999999845302421
-0.09999999845302421
-0.09999999824757924
-0.09999999775445081
-0.09999999675420761
-0.09999999472899582
-0.09999999043099482
-0.09999998069213452
-0.09999995697099973
-0.09999989478335694
-0.09999971958626437
-0.09999919084454761
-0.09999748814544687
-0.09999166283617278
-0.09997058590207343
-0.09989033020744507
-0.09957078289802011
-0.0982580982566098
-0.09293256953783313
-0.07468157089908961
-0.03898380541063252
-0.01181971616668989
-0.002658733328740221
-0.0005390292263184549
-0.0001048363488123816
-1.987031962078501e-05
-3.687378568340005e-06
-6.714551543052228e-07
-1.201722995114452e-07
-1e-07
-1e-07
-1e-07
-1e-07
-1e-07
-1e-07
-1e-07
-1e-07
-1e-07
-1e-07
-1e-07
-1e-07
-1e-07
-1e-07
-1e-07
-1e-07
-1e-07
-1e-07
-1e-07
-1e-07
-1e-07
-1e-07
-1e-07
-1e-07
-1e-07
-1e-07
-1e-07
-1e-07
