FiniteElementSpace
FiniteElementCollection: H1_3D_P1
VDim: 1
Ordering: 0

-0.05869166917052645
-0.0910846127779919
-0.09865391880045159
-0.09980964789717006
-0.09997326816142872
-0.09999623801687799
-0.09999946852198698
-0.09999992456086369
-0.09999998923247956
-0.09999999845302421
-0.09999999977599822
-0.09999999996725693
-0.09999999999515841
-0.09999999999927384
-0.09999999999988914
-0.09999999999998269
-0.09999999999999722
-0.09999999999999953
-0.09999999999999992
-0.09999999999999998
-0.1
-0.1
-0.1
-0.1
-0.1
-0.1
-0.1
-0.1
-0.1
-0.1
-0.09999999999999998
-0.09999999999999992
-0.09999999999999953
-0.09999999999999722
-0.09999999999998269
-0.09999999999988914
-0.09999999999927384
-0.09999999999515841
-0.09999999996725693
-0.09999999977599822
-0.09999999845302421
-0.09999998923247956
-0.09999992456086369
-0.09999946852198698
-0.09999623801687799
-0.09997326816142872
-0.09980964789717006
-0.09865391880045159
-0.0910846127779919
-0.05869166917052644
-0.01647037564319837
-0.002658733328740221
-0.0003762983765588368
-5.212987653031576e-05
-7.19186800308691e-06
-9.906063573816849e-07
-1.362885297950811e-07
-1e-07
-1e-07
-1e-07
-1e-07
-1e-07
-1e-07
-1e-07
-1e-07
-1e-07
-1e-07
-1e-07
-1e-07
-1e-07
-1e-07
-1e-07
-1e-07
-1e-07
-1e-07
-1e-07
-1e-07
-1e-07
-1e-07
-1e-07
-1e-07
-0.04975002708268758
-0.08752223702032069
-0.09802039414736535
-0.0997135576965873
-0.09995896560420653
-0.09999410260522826
-0.09999914747032441
-0.09999987588247454
-0.09999998177927356
-0.09999999729885511
-0.09999999959488969
-0.09999999993839175
-0.09999999999047177
-0.09999999999849574
-0.09999999999975639
-0.09999999999995927
-0.09999999999999291
-0.0999999999999987
-0.09999999999999976
-0.09999999999999995
-0.09999999999999999
-0.1
-0.1
-0.1
-0.1
-0.1
-0.1
-0.1
-0.1
-0.09999999999999999
-0.09999999999999995
-0.09999999999999976
-0.0999999999999987
-0.09999999999999291
-0.09999999999995927
-0.09999999999975639
-0.09999999999849574
-0.09999999999047177
-0.09999999993839175
-0.09999999959488969
-0.09999999729885511
-0.09999998177927356
-0.09999987588247454
-0.09999914747032441
-0.09999410260522826
-0.09995896560420653
-0.0997135576965873
-0.09802039414736535
-0.08752223702032069
-0.04975002708268758
-0.01222658698589376
-0.001916824006888818
-0.0002727334662981529
-3.816803982831241e-05
-5.319690189775628e-06
-7.398411829395713e-07
-1.027157964628156e-07
-1e-07
-1e-07
-1e-07
-1e-07
-1e-07
-1e-07
-1e-07
-1e-07
-1e-07
-1e-07
-1e-07
-1e-07
-1e-07
-1e-07
-1e-07
-1e-07
-1e-07
-1e-07
-1e-07
-1e-07
-1e-07
-1e-07
-1e-07
-1e-07
-0.03898380541063252
-0.08164185328899334
-0.09685522806920491
-0.09953069635874064
-0.09993112761469575
-0.09998985241664549
-0.09999849286425259
-0.0999997739675702
-0.09999996571252247
-0.09999999472899582
-0.0999999991768441
-0.09999999986902462
-0.09999999997868769
-0.09999999999643673
-0.09999999999938419
-0.09999999999988914
-0.09999999999997899
-0.09999999999999576
-0.09999999999999908
-0.09999999999999978
-0.09999999999999994
-0.09999999999999998
-0.09999999999999999
-0.1
-0.1
-0.1
-0.1
-0.09999999999999999
-0.09999999999999998
-0.09999999999999994
-0.09999999999999978
-0.09999999999999908
-0.09999999999999576
-0.09999999999997899
-0.09999999999988914
-0.09999999999938419
-0.09999999999643673
-0.09999999997868769
-0.09999999986902462
-0.0999999991768441
-0.09999999472899582
-0.09999996571252247
-0.0999997739675702
-0.09999849286425259
-0.09998985241664549
-0.09993112761469575
-0.09953069635874064
-0.09685522806920491
-0.08164185328899334
-0.03898380541063252
-0.008372740269362923
-0.001284956354895567
-0.0001844185268566056
-2.613304225422275e-05
-3.687378568340005e-06
-5.188170705272555e-07
-1e-07
-1e-07
-1e-07
-1e-07
-1e-07
-1e-07
-1e-07
-1e-07
-1e-07
-1e-07
-1e-07
-1e-07
-1e-07
-1e-07
-1e-07
-1e-07
-1e-07
-1e-07
-1e-07
-1e-07
-1e-07
-1e-07
-1e-07
-1e-07
-1e-07
-0.02767242146551706
-0.07229617233820972
-0.09464708293713953
-0.09916600554926025
-0.09987403261841869
-0.09998090487063542
-0.09999707592841395
-0.09999954657502985
-0.09999992865147789
-0.09999998857980329
-0.0999999981351789
-0.09999999968823535
-0.09999999994640084
-0.09999999999047177
-0.09999999999823651
-0.09999999999965724
-0.09999999999992927
-0.09999999999998428
-0.09999999999999619
-0.09999999999999896
-0.09999999999999967
-0.09999999999999988
-0.09999999999999995
-0.09999999999999998
-0.09999999999999998
-0.09999999999999998
-0.09999999999999998
-0.09999999999999995
-0.09999999999999988
-0.09999999999999967
-0.09999999999999896
-0.09999999999999619
-0.09999999999998428
-0.09999999999992927
-0.09999999999965724
-0.09999999999823651
-0.09999999999047177
-0.09999999994640084
-0.09999999968823535
-0.0999999981351789
-0.09999998857980329
-0.09999992865147789
-0.09999954657502985
-0.09999707592841395
-0.09998090487063542
-0.09987403261841869
-0.09916600554926025
-0.09464708293713953
-0.07229617233820972
-0.02767242146551706
-0.005281640006232913
-0.0008019079770485105
-0.0001165016422401854
-1.675397445783933e-05
-2.397987118474276e-06
-3.419745517485584e-07
-1e-07
-1e-07
-1e-07
-1e-07
-1e-07
-1e-07
-1e-07
-1e-07
-1e-07
-1e-07
-1e-07
-1e-07
-1e-07
-1e-07
-1e-07
-1e-07
-1e-07
-1e-07
-1e-07
-1e-07
-1e-07
-1e-07
-1e-07
-1e-07
-1e-07
-0.01756508714332795
-0.05869166917052644
-0.09038004747820927
-0.09840107625812267
-0.09974991928504373
-0.09996086521002849
-0.0999938024609387
-0.09999900331619117
-0.09999983680909497
-0.09999997271853672
-0.09999999532760823
-0.0999999991768441
-0.09999999985008323
-0.0999999999716029
-0.09999999999436389
-0.09999999999881716
-0.09999999999973455
-0.09999999999993542
-0.09999999999998269
-0.09999999999999479
-0.0999999999999982
-0.09999999999999926
-0.09999999999999964
-0.09999999999999978
-0.09999999999999983
-0.09999999999999983
-0.09999999999999978
-0.09999999999999964
-0.09999999999999926
-0.0999999999999982
-0.09999999999999479
-0.09999999999998269
-0.09999999999993542
-0.09999999999973455
-0.09999999999881716
-0.09999999999436389
-0.0999999999716029
-0.09999999985008323
-0.0999999991768441
-0.09999999532760823
-0.09999997271853672
-0.09999983680909497
-0.09999900331619117
-0.0999938024609387
-0.09996086521002849
-0.09974991928504373
-0.09840107625812267
-0.09038004747820927
-0.05869166917052644
-0.01756508714332795
-0.003074167320441618
-0.0004667551362168842
-6.887012788283076e-05
-1.007225221241748e-05
-1.465071452250166e-06
-2.121340577310171e-07
-1e-07
-1e-07
-1e-07
-1e-07
-1e-07
-1e-07
-1e-07
-1e-07
-1e-07
-1e-07
-1e-07
-1e-07
-1e-07
-1e-07
-1e-07
-1e-07
-1e-07
-1e-07
-1e-07
-1e-07
-1e-07
-1e-07
-1e-07
-1e-07
-1e-07
-0.009961294553463703
-0.04185038650198917
-0.08225202814592809
-0.09672182433440217
-0.09946365693685683
-0.09991303387931583
-0.09998571994434638
-0.09999761251863079
-0.09999959228481006
-0.09999992865147789
-0.09999998715728127
-0.09999999761155598
-0.09999999953859343
-0.0999999999068138
-0.0999999999801725
-0.09999999999551411
-0.09999999999890881
-0.09999999999971086
-0.09999999999991525
-0.09999999999997203
-0.09999999999998942
-0.0999999999999953
-0.09999999999999749
-0.09999999999999838
-0.0999999999999987
-0.0999999999999987
-0.09999999999999838
-0.09999999999999749
-0.0999999999999953
-0.09999999999998942
-0.09999999999997203
-0.09999999999991525
-0.09999999999971086
-0.09999999999890881
-0.09999999999551411
-0.0999999999801725
-0.0999999999068138
-0.09999999953859343
-0.09999999761155598
-0.09999998715728127
-0.09999992865147789
-0.09999959228481006
-0.09999761251863079
-0.09998571994434638
-0.09991303387931583
-0.09946365693685683
-0.09672182433440217
-0.08225202814592809
-0.04185038650198917
-0.009961294553463701
-0.001657298932826456
-0.0002539595086740898
-3.816803982831241e-05
-5.687620592598197e-06
-8.421770978761512e-07
-1.240103591759745e-07
-1e-07
-1e-07
-1e-07
-1e-07
-1e-07
-1e-07
-1e-07
-1e-07
-1e-07
-1e-07
-1e-07
-1e-07
-1e-07
-1e-07
-1e-07
-1e-07
-1e-07
-1e-07
-1e-07
-1e-07
-1e-07
-1e-07
-1e-07
-1e-07
-1e-07
-0.05869166917052645
-0.0910846127779919
-0.09865391880045159
-0.09980964789717006
-0.09997326816142872
-0.09999623801687799
-0.09999946852198698
-0.09999992456086369
-0.09999998923247956
-0.09999999845302421
-0.09999999977599822
-0.09999999996725693
-0.09999999999515841
-0.09999999999927384
-0.09999999999988914
-0.09999999999998269
-0.09999999999999722
-0.09999999999999953
-0.09999999999999992
-0.09999999999999998
-0.1
-0.1
-0.1
-0.1
-0.1
-0.1
-0.1
-0.1
-0.1
-0.1
-0.09999999999999998
-0.09999999999999992
-0.09999999999999953
-0.09999999999999722
-0.09999999999998269
-0.09999999999988914
-0.09999999999927384
-0.09999999999515841
-0.09999999996725693
-0.09999999977599822
-0.09999999845302421
-0.09999998923247956
-0.09999992456086369
-0.09999946852198698
-0.09999623801687799
-0.09997326816142872
-0.09980964789717006
-0.09865391880045159
-0.0910846127779919
-0.05869166917052644
-0.01647037564319837
-0.002658733328740221
-0.0003762983765588368
-5.212987653031576e-05
-7.19186800308691e-06
-9.906063573816849e-07
-1.362885297950811e-07
-1e-07
-1e-07
-1e-07
-1e-07
-1e-07
-1e-07
-1e-07
-1e-07
-1e-07
-1e-07
-1e-07
-1e-07
-1e-07
-1e-07
-1e-07
-1e-07
-1e-07
-1e-07
-1e-07
-1e-07
-1e-07
-1e-07
-1e-07
-1e-07
-0.04975002708268758
-0.08752223702032069
-0.09802039414736535
-0.0997135576965873
-0.09995896560420653
-0.09999410260522826
-0.09999914747032441
-0.09999987588247454
-0.09999998177927356
-0.09999999729885511
-0.09999999959488969
-0.09999999993839175
-0.09999999999047177
-0.09999999999849574
-0.09999999999975639
-0.09999999999995927
-0.09999999999999291
-0.0999999999999987
-0.09999999999999976
-0.09999999999999995
-0.09999999999999999
-0.1
-0.1
-0.1
-0.1
-0.1
-0.1
-0.1
-0.1
-0.09999999999999999
-0.09999999999999995
-0.09999999999999976
-0.0999999999999987
-0.09999999999999291
-0.09999999999995927
-0.09999999999975639
-0.09999999999849574
-0.09999999999047177
-0.09999999993839175
-0.09999999959488969
-0.09999999729885511
-0.09999998177927356
-0.09999987588247454
-0.09999914747032441
-0.09999410260522826
-0.09995896560420653
-0.0997135576965873
-0.09802039414736535
-0.08752223702032069
-0.04975002708268758
-0.01222658698589376
-0.001916824006888818
-0.0002727334662981529
-3.816803982831241e-05
-5.319690189775628e-06
-7.398411829395713e-07
-1.027157964628156e-07
-1e-07
-1e-07
-1e-07
-1e-07
-1e-07
-1e-07
-1e-07
-1e-07
-1e-07
-1e-07
-1e-07
-1e-07
-1e-07
-1e-07
-1e-07
-1e-07
-1e-07
-1e-07
-1e-07
-1e-07
-1e-07
-1e-07
-1e-07
-1e-07
-0.03898380541063252
-0.08164185328899334
-0.09685522806920491
-0.09953069635874064
-0.09993112761469575
-0.09998985241664549
-0.09999849286425259
-0.0999997739675702
-0.09999996571252247
-0.09999999472899582
-0.0999999991768441
-0.09999999986902462
-0.09999999997868769
-0.09999999999643673
-0.09999999999938419
-0.09999999999988914
-0.09999999999997899
-0.09999999999999576
-0.09999999999999908
-0.09999999999999978
-0.09999999999999994
-0.09999999999999998
-0.09999999999999999
-0.1
-0.1
-0.1
-0.1
-0.09999999999999999
-0.09999999999999998
-0.09999999999999994
-0.09999999999999978
-0.09999999999999908
-0.09999999999999576
-0.09999999999997899
-0.09999999999988914
-0.09999999999938419
-0.09999999999643673
-0.09999999997868769
-0.09999999986902462
-0.0999999991768441
-0.09999999472899582
-0.09999996571252247
-0.0999997739675702
-0.09999849286425259
-0.09998985241664549
-0.09993112761469575
-0.09953069635874064
-0.09685522806920491
-0.08164185328899334
-0.03898380541063252
-0.008372740269362923
-0.001284956354895567
-0.0001844185268566056
-2.613304225422275e-05
-3.687378568340005e-06
-5.188170705272555e-07
-1e-07
-1e-07
-1e-07
-1e-07
-1e-07
-1e-07
-1e-07
-1e-07
-1e-07
-1e-07
-1e-07
-1e-07
-1e-07
-1e-07
-1e-07
-1e-07
-1e-07
-1e-07
-1e-07
-1e-07
-1e-07
-1e-07
-1e-07
-1e-07
-1e-07
-0.02767242146551706
-0.07229617233820972
-0.09464708293713953
-0.09916600554926025
-0.09987403261841869
-0.09998090487063542
-0.09999707592841395
-0.09999954657502985
-0.09999992865147789
-0.09999998857980329
-0.0999999981351789
-0.09999999968823535
-0.09999999994640084
-0.09999999999047177
-0.09999999999823651
-0.09999999999965724
-0.09999999999992927
-0.09999999999998428
-0.09999999999999619
-0.09999999999999896
-0.09999999999999967
-0.09999999999999988
-0.09999999999999995
-0.09999999999999998
-0.09999999999999998
-0.09999999999999998
-0.09999999999999998
-0.09999999999999995
-0.09999999999999988
-0.09999999999999967
-0.09999999999999896
-0.09999999999999619
-0.09999999999998428
-0.09999999999992927
-0.09999999999965724
-0.09999999999823651
-0.09999999999047177
-0.09999999994640084
-0.09999999968823535
-0.0999999981351789
-0.09999998857980329
-0.09999992865147789
-0.09999954657502985
-0.09999707592841395
-0.09998090487063542
-0.09987403261841869
-0.09916600554926025
-0.09464708293713953
-0.07229617233820972
-0.02767242146551706
-0.005281640006232913
-0.0008019079770485105
-0.0001165016422401854
-1.675397445783933e-05
-2.397987118474276e-06
-3.419745517485584e-07
-1e-07
-1e-07
-1e-07
-1e-07
-1e-07
-1e-07
-1e-07
-1e-07
-1e-07
-1e-07
-1e-07
-1e-07
-1e-07
-1e-07
-1e-07
-1e-07
-1e-07
-1e-07
-1e-07
-1e-07
-1e-07
-1e-07
-1e-07
-1e-07
-1e-07
-0.01756508714332795
-0.05869166917052644
-0.09038004747820927
-0.09840107625812267
-0.09974991928504373
-0.09996086521002849
-0.0999938024609387
-0.09999900331619117
-0.09999983680909497
-0.09999997271853672
-0.09999999532760823
-0.0999999991768441
-0.09999999985008323
-0.0999999999716029
-0.09999999999436389
-0.09999999999881716
-0.09999999999973455
-0.09999999999993542
-0.09999999999998269
-0.09999999999999479
-0.0999999999999982
-0.09999999999999926
-0.09999999999999964
-0.09999999999999978
-0.09999999999999983
-0.09999999999999983
-0.09999999999999978
-0.09999999999999964
-0.09999999999999926
-0.0999999999999982
-0.09999999999999479
-0.09999999999998269
-0.09999999999993542
-0.09999999999973455
-0.09999999999881716
-0.09999999999436389
-0.0999999999716029
-0.09999999985008323
-0.0999999991768441
-0.09999999532760823
-0.09999997271853672
-0.09999983680909497
-0.09999900331619117
-0.0999938024609387
-0.09996086521002849
-0.09974991928504373
-0.09840107625812267
-0.09038004747820927
-0.05869166917052644
-0.01756508714332795
-0.003074167320441618
-0.0004667551362168842
-6.887012788283076e-05
-1.007225221241748e-05
-1.465071452250166e-06
-2.121340577310171e-07
-1e-07
-1e-07
-1e-07
-1e-07
-1e-07
-1e-07
-1e-07
-1e-07
-1e-07
-1e-07
-1e-07
-1e-07
-1e-07
-1e-07
-1e-07
-1e-07
-1e-07
-1e-07
-1e-07
-1e-07
-1e-07
-1e-07
-1e-07
-1e-07
-1e-07
-0.009961294553463703
-0.04185038650198917
-0.08225202814592809
-0.09672182433440217
-0.09946365693685683
-0.09991303387931583
-0.09998571994434638
-0.09999761251863079
-0.09999959228481006
-0.09999992865147789
-0.09999998715728127
-0.09999999761155598
-0.09999999953859343
-0.0999999999068138
-0.0999999999801725
-0.09999999999551411
-0.09999999999890881
-0.09999999999971086
-0.09999999999991525
-0.09999999999997203
-0.09999999999998942
-0.0999999999999953
-0.09999999999999749
-0.09999999999999838
-0.0999999999999987
-0.0999999999999987
-0.09999999999999838
-0.09999999999999749
-0.0999999999999953
-0.09999999999998942
-0.09999999999997203
-0.09999999999991525
-0.09999999999971086
-0.09999999999890881
-0.09999999999551411
-0.0999999999801725
-0.0999999999068138
-0.09999999953859343
-0.09999999761155598
-0.09999998715728127
-0.09999992865147789
-0.09999959228481006
-0.09999761251863079
-0.09998571994434638
-0.09991303387931583
-0.09946365693685683
-0.09672182433440217
-0.08225202814592809
-0.04185038650198917
-0.009961294553463701
-0.001657298932826456
-0.0002539595086740898
-3.816803982831241e-05
-5.687620592598197e-06
-8.421770978761512e-07
-1.240103591759745e-07
-1e-07
-1e-07
-1e-07
-1e-07
-1e-07
-1e-07
-1e-07
-1e-07
-1e-07
-1e-07
-1e-07
-1e-07
-1e-07
-1e-07
-1e-07
-1e-07
-1e-07
-1e-07
-1e-07
-1e-07
-1e-07
-1e-07
-1e-07
-1e-07
-1e-07
