FiniteElementSpace
FiniteElementCollection: H1_2D_P1
VDim: 1
Ordering: 0

-3.168666501852686e-07
-3.168666400686868e-07
-3.168666346587278e-07
-3.168666361266041e-07
-3.168666372413299e-07
-3.168666400369271e-07
-3.168666508769346e-07
-3.168666668564423e-07
-3.168666840160469e-07
-3.168666974560721e-07
-3.168667183442358e-07
-3.168667477074517e-07
-3.168667758574919e-07
-3.168667927279485e-07
-3.168667997474887e-07
-3.168668076308948e-07
-3.168668236108993e-07
-3.168668420257665e-07
-3.168668535199505e-07
-3.16866856770113e-07
-3.168668596663224e-07
-3.168668772858448e-07
-3.168669174822598e-07
-3.168669761993832e-07
-3.168670337324467e-07
-3.168670820510429e-07
-3.168671235994228e-07
-3.168671678114545e-07
-3.168672234865881e-07
-3.168672945285493e-07
-3.168673864179634e-07
-3.16867494699718e-07
-3.168676017775176e-07
-3.168676930464354e-07
-3.168677742651946e-07
-3.168678836474815e-07
-3.168680554127884e-07
-3.168682821388979e-07
-3.168684983478545e-07
-3.168686883821477e-07
-3.168688579892277e-07
-3.168690286899693e-07
-3.168692023116476e-07
-3.16869376218652e-07
-3.168695623443318e-07
-3.16869755372823e-07
-3.168699496344621e-07
-3.168701515326666e-07
-3.168703639633536e-07
-3.168705758370598e-07
-3.168707774744434e-07
-3.168709718228092e-07
-3.168711628099458e-07
-3.168713413722393e-07
-3.168714953775006e-07
-3.168716170207301e-07
-3.168717112949562e-07
-3.168717848465505e-07
-3.168718378498741e-07
-3.168718792681479e-07
-3.168719073617373e-07
-3.168719363014144e-07
-3.1687194646793e-07
-3.168719415142269e-07
-3.168719358903574e-07
-3.168719444884418e-07
-3.168719639089507e-07
-3.168719797186945e-07
-3.168719926534174e-07
-3.168720049817599e-07
-3.168720174890673e-07
-3.168720278189415e-07
-3.168720334950661e-07
-3.168720346936095e-07
-3.168720324249327e-07
-3.168720253735238e-07
-3.168720108723319e-07
-3.168719870797798e-07
-3.168719525977363e-07
-3.168719061545719e-07
-3.168718492314998e-07
-3.16871787115413e-07
-3.168717252663741e-07
-3.168716653840317e-07
-3.16871607628671e-07
-3.168715537538573e-07
-3.168715056553182e-07
-3.168714628985558e-07
-3.168714240787372e-07
-3.16871389840833e-07
-3.168713614868767e-07
-3.168713387838206e-07
-3.168713201672095e-07
-3.168713054362176e-07
-3.168712953011632e-07
-3.168712903612545e-07
-3.168712900892423e-07
-3.168666501852686e-07
-3.168666445469543e-07
-3.168666425541995e-07
-3.168666448673946e-07
-3.168666464876752e-07
-3.168666508446816e-07
-3.168666668424819e-07
-3.168666888116431e-07
-3.168667102047794e-07
-3.168667248832032e-07
-3.168667474637898e-07
-3.168667799742317e-07
-3.168668180720569e-07
-3.168668510409347e-07
-3.168668737146328e-07
-3.168668897337802e-07
-3.168669077709859e-07
-3.168669301115882e-07
-3.168669522885043e-07
-3.168669618561681e-07
-3.168669693852731e-07
-3.168669892295074e-07
-3.168670351118065e-07
-3.168671044495677e-07
-3.168671955505741e-07
-3.168672984110481e-07
-3.168673994268309e-07
-3.168674873020471e-07
-3.16867545678766e-07
-3.168676004227473e-07
-3.168676658330999e-07
-3.168677626228353e-07
-3.168678777633469e-07
-3.168679864601076e-07
-3.168680891831834e-07
-3.168682162596637e-07
-3.16868398876215e-07
-3.168686363929997e-07
-3.168689038907033e-07
-3.168691797336479e-07
-3.168694431121282e-07
-3.168696761707592e-07
-3.168698725398637e-07
-3.168700578937065e-07
-3.168702534993771e-07
-3.16870460030107e-07
-3.168706672385459e-07
-3.168708731519485e-07
-3.168710828025197e-07
-3.16871290624212e-07
-3.168714859206186e-07
-3.168716674726947e-07
-3.168718404923393e-07
-3.168720001215325e-07
-3.168721332121079e-07
-3.168722281068668e-07
-3.168722589962993e-07
-3.168722385498041e-07
-3.168722021538317e-07
-3.168721879593343e-07
-3.168722021850318e-07
-3.168722252905963e-07
-3.168722607583378e-07
-3.168723144317676e-07
-3.1687237079852e-07
-3.16872419271381e-07
-3.168724450560771e-07
-3.168724621838246e-07
-3.168724728492404e-07
-3.168724795838699e-07
-3.168724841941553e-07
-3.168724858566423e-07
-3.168724823442288e-07
-3.168724728279065e-07
-3.16872458997656e-07
-3.168724413170128e-07
-3.168724175878539e-07
-3.16872383924833e-07
-3.16872337688952e-07
-3.168722788862699e-07
-3.168722097793489e-07
-3.168721351227605e-07
-3.168720605540205e-07
-3.168719897863957e-07
-3.168719235873975e-07
-3.168718614183559e-07
-3.168718041106692e-07
-3.168717528378424e-07
-3.168717076079928e-07
-3.168716678185487e-07
-3.168716335198171e-07
-3.168716053138015e-07
-3.168715830197051e-07
-3.168715660681535e-07
-3.168715541120014e-07
-3.168715471174059e-07
-3.168715438455102e-07
-3.168666501852686e-07
-3.168666525214193e-07
-3.168666548839177e-07
-3.168666563457749e-07
-3.168666613216227e-07
-3.168666754547814e-07
-3.168666953960701e-07
-3.168667171409935e-07
-3.168667377112566e-07
-3.168667609216999e-07
-3.168667876628258e-07
-3.168668181120401e-07
-3.168668496465185e-07
-3.16866878896008e-07
-3.168669044414672e-07
-3.168669288836812e-07
-3.168669552767257e-07
-3.16866983368583e-07
-3.16867010026997e-07
-3.168670368125104e-07
-3.168670693931673e-07
-3.168671140065055e-07
-3.168671731120398e-07
-3.168672472101573e-07
-3.168673351598112e-07
-3.168674321851138e-07
-3.168675321880361e-07
-3.168676305618169e-07
-3.168677278344191e-07
-3.168678241405586e-07
-3.16867924045754e-07
-3.168680334989129e-07
-3.168681538234647e-07
-3.16868279201628e-07
-3.168684097312356e-07
-3.168685635595972e-07
-3.168687578568306e-07
-3.16868984361078e-07
-3.168692280475721e-07
-3.168694795808981e-07
-3.168697353361993e-07
-3.16869982703634e-07
-3.168702114306452e-07
-3.168704283062083e-07
-3.168706440866952e-07
-3.168708572684289e-07
-3.168710608193534e-07
-3.168712573092121e-07
-3.168714520090845e-07
-3.168716394595414e-07
-3.16871810354298e-07
-3.168719651274415e-07
-3.168721086342129e-07
-3.16872236052754e-07
-3.168723379507484e-07
-3.168724093421583e-07
-3.1687245240282e-07
-3.168724687551464e-07
-3.168724680054993e-07
-3.168724635929223e-07
-3.168724672900717e-07
-3.168724785877131e-07
-3.168724973108489e-07
-3.168725233558385e-07
-3.168725563783754e-07
-3.168725899624992e-07
-3.16872619678479e-07
-3.168726430886817e-07
-3.168726605422603e-07
-3.168726729645253e-07
-3.168726813181833e-07
-3.168726844257872e-07
-3.1687268037537e-07
-3.168726691723906e-07
-3.168726516701464e-07
-3.168726271875054e-07
-3.16872594109812e-07
-3.168725520248978e-07
-3.16872501313337e-07
-3.168724415079063e-07
-3.168723732849554e-07
-3.168723004653001e-07
-3.168722277305533e-07
-3.168721569936576e-07
-3.168720886409535e-07
-3.168720245571653e-07
-3.168719669414194e-07
-3.168719154576142e-07
-3.16871868633021e-07
-3.168718270340038e-07
-3.168717920139794e-07
-3.168717634015121e-07
-3.168717398629964e-07
-3.168717213954825e-07
-3.168717088191731e-07
-3.168717031373311e-07
-3.168717022525537e-07
-3.168666501852686e-07
-3.168666560764565e-07
-3.168666603460035e-07
-3.168666655620375e-07
-3.168666768190317e-07
-3.168666961244042e-07
-3.168667180698444e-07
-3.168667401642861e-07
-3.168667641990949e-07
-3.168667925113606e-07
-3.168668237706772e-07
-3.168668560799573e-07
-3.168668878969106e-07
-3.168669175842742e-07
-3.168669456361221e-07
-3.168669748898744e-07
-3.168670074535064e-07
-3.168670421450901e-07
-3.168670779899299e-07
-3.168671181827172e-07
-3.168671673377757e-07
-3.168672275065139e-07
-3.168672992868246e-07
-3.16867384224249e-07
-3.168674819258302e-07
-3.168675879334182e-07
-3.168676976743369e-07
-3.168678105153621e-07
-3.168679258177522e-07
-3.168680418621846e-07
-3.168681587693454e-07
-3.168682830757128e-07
-3.168684174340854e-07
-3.168685589653977e-07
-3.168687083588757e-07
-3.16868879661518e-07
-3.168690840034563e-07
-3.168693158072336e-07
-3.16869563648222e-07
-3.168698222738222e-07
-3.168700872872579e-07
-3.168703475506415e-07
-3.168705942590371e-07
-3.168708305987317e-07
-3.168710608152591e-07
-3.168712799565985e-07
-3.168714824356085e-07
-3.168716730857617e-07
-3.168718569015162e-07
-3.168720277695263e-07
-3.168721785036259e-07
-3.16872311354105e-07
-3.168724311703882e-07
-3.168725331384317e-07
-3.168726107448688e-07
-3.16872663620925e-07
-3.168726964168545e-07
-3.168727116581851e-07
-3.168727134749242e-07
-3.168727099569797e-07
-3.168727101590051e-07
-3.168727177263262e-07
-3.168727327756537e-07
-3.168727535093032e-07
-3.168727785829681e-07
-3.168728062915859e-07
-3.168728340961122e-07
-3.168728585443293e-07
-3.168728775221957e-07
-3.168728911771472e-07
-3.16872899678169e-07
-3.168729014104914e-07
-3.168728947665299e-07
-3.16872880058317e-07
-3.168728578445696e-07
-3.168728271456898e-07
-3.168727871779626e-07
-3.16872738893818e-07
-3.16872683435346e-07
-3.168726203265196e-07
-3.168725501697107e-07
-3.168724764793266e-07
-3.168724029709514e-07
-3.168723306735927e-07
-3.168722602160774e-07
-3.168721942148643e-07
-3.16872134910579e-07
-3.16872081561316e-07
-3.168720326983601e-07
-3.168719893332616e-07
-3.168719528196107e-07
-3.168719227995029e-07
-3.168718978402484e-07
-3.168718781744142e-07
-3.168718647657707e-07
-3.168718582833334e-07
-3.168718584803299e-07
-3.168666501852686e-07
-3.16866658346837e-07
-3.168666665181138e-07
-3.168666770801621e-07
-3.168666935517058e-07
-3.168667161462193e-07
-3.1686673998279e-07
-3.168667644566456e-07
-3.168667923005518e-07
-3.168668248696932e-07
-3.168668589613883e-07
-3.168668921059999e-07
-3.168669238602942e-07
-3.168669543495683e-07
-3.168669850455852e-07
-3.168670187526563e-07
-3.168670570824769e-07
-3.168670988511759e-07
-3.168671436056963e-07
-3.168671949002456e-07
-3.16867256609622e-07
-3.168673293445169e-07
-3.16867412606229e-07
-3.168675078268151e-07
-3.168676151342206e-07
-3.168677307545042e-07
-3.168678510644249e-07
-3.168679760798098e-07
-3.168681052421724e-07
-3.168682357881295e-07
-3.168683669924725e-07
-3.16868505118385e-07
-3.168686534757815e-07
-3.168688096427529e-07
-3.16868973757619e-07
-3.168691581167236e-07
-3.168693725516421e-07
-3.16869611597772e-07
-3.168698656240562e-07
-3.16870130966483e-07
-3.168704043022325e-07
-3.16870674761467e-07
-3.168709330340037e-07
-3.168711806591367e-07
-3.16871419582363e-07
-3.168716431810444e-07
-3.168718454322117e-07
-3.168720314654345e-07
-3.16872206609834e-07
-3.168723652194433e-07
-3.168725008626895e-07
-3.168726166741553e-07
-3.16872718219483e-07
-3.168728016775705e-07
-3.168728621732889e-07
-3.168729011563319e-07
-3.168729245443864e-07
-3.168729345904957e-07
-3.168729339019415e-07
-3.168729283812062e-07
-3.168729260105391e-07
-3.168729303209051e-07
-3.168729417479192e-07
-3.168729583130681e-07
-3.168729789807714e-07
-3.168730028111167e-07
-3.168730280495357e-07
-3.168730510926661e-07
-3.16873069193839e-07
-3.168730818242193e-07
-3.168730887457224e-07
-3.168730881527386e-07
-3.168730784608978e-07
-3.168730600838145e-07
-3.168730336194382e-07
-3.168729981863884e-07
-3.168729533241589e-07
-3.168729004982481e-07
-3.168728412723669e-07
-3.168727753310644e-07
-3.168727031885204e-07
-3.168726280921361e-07
-3.16872553379155e-07
-3.16872479756913e-07
-3.168724077539739e-07
-3.168723400671549e-07
-3.168722790187803e-07
-3.168722238832031e-07
-3.168721732443269e-07
-3.168721282065904e-07
-3.168720901911138e-07
-3.168720588256235e-07
-3.168720326698692e-07
-3.16872011975575e-07
-3.168719976272949e-07
-3.16871990213173e-07
-3.168719911018658e-07
-3.168666501852686e-07
-3.168666613115226e-07
-3.168666732700991e-07
-3.168666886512682e-07
-3.168667097735651e-07
-3.168667356962614e-07
-3.168667618001767e-07
-3.168667884672316e-07
-3.168668185087162e-07
-3.168668523735776e-07
-3.168668864266873e-07
-3.168669190488005e-07
-3.16866951045479e-07
-3.168669832639133e-07
-3.168670170112998e-07
-3.16867054629545e-07
-3.168670976154463e-07
-3.168671450283878e-07
-3.168671966524718e-07
-3.168672560489291e-07
-3.168673267363853e-07
-3.168674085474607e-07
-3.168675000786612e-07
-3.168676025340461e-07
-3.168677165986982e-07
-3.168678391713539e-07
-3.168679668603019e-07
-3.168680999066319e-07
-3.168682381259952e-07
-3.16868378752418e-07
-3.168685205230504e-07
-3.168686693546615e-07
-3.168688287376654e-07
-3.168689962674438e-07
-3.168691714568195e-07
-3.168693655340853e-07
-3.168695875428881e-07
-3.168698318761948e-07
-3.168700892784463e-07
-3.168703573788855e-07
-3.16870634311623e-07
-3.168709098268882e-07
-3.168711738197875e-07
-3.168714265932805e-07
-3.168716694180464e-07
-3.16871895117438e-07
-3.168720970979851e-07
-3.168722800495476e-07
-3.168724494146491e-07
-3.168725999887294e-07
-3.168727261015511e-07
-3.16872831336151e-07
-3.168729214557615e-07
-3.168729932562257e-07
-3.168730432503248e-07
-3.168730740819898e-07
-3.168730918288948e-07
-3.168730984234638e-07
-3.1687309608714e-07
-3.168730898881556e-07
-3.168730865168756e-07
-3.168730887709986e-07
-3.168730971739024e-07
-3.168731102958371e-07
-3.168731274347074e-07
-3.168731479640239e-07
-3.168731703079315e-07
-3.168731908889959e-07
-3.168732068191792e-07
-3.168732173288222e-07
-3.168732219050201e-07
-3.168732186262084e-07
-3.168732060177894e-07
-3.168731846557769e-07
-3.168731552637729e-07
-3.168731169355536e-07
-3.1687306921255e-07
-3.168730137157935e-07
-3.168729523399053e-07
-3.168728849299039e-07
-3.168728118225484e-07
-3.168727360344735e-07
-3.168726608208644e-07
-3.16872586759204e-07
-3.168725141051656e-07
-3.168724454127505e-07
-3.168723830989688e-07
-3.168723266253926e-07
-3.168722746520476e-07
-3.16872228342827e-07
-3.168721891880405e-07
-3.168721568423765e-07
-3.168721298407966e-07
-3.168721083966582e-07
-3.168720932995887e-07
-3.168720849134136e-07
-3.168720847052536e-07
-3.168666501852686e-07
-3.16866662893728e-07
-3.168666771874742e-07
-3.168666966426414e-07
-3.168667215610607e-07
-3.168667498174784e-07
-3.168667769194351e-07
-3.168668040700961e-07
-3.168668342019105e-07
-3.168668677173702e-07
-3.168669010667564e-07
-3.168669336263353e-07
-3.168669667545774e-07
-3.168670010386104e-07
-3.168670370930725e-07
-3.168670770852103e-07
-3.168671228229652e-07
-3.168671736296323e-07
-3.168672293478718e-07
-3.168672936769702e-07
-3.168673698548915e-07
-3.168674567832864e-07
-3.168675520969388e-07
-3.168676574481316e-07
-3.168677744180676e-07
-3.168678999537742e-07
-3.168680303226003e-07
-3.168681664231027e-07
-3.168683090436653e-07
-3.168684552074438e-07
-3.168686029662493e-07
-3.168687581371013e-07
-3.168689246327751e-07
-3.168690998025129e-07
-3.168692825728098e-07
-3.168694831753079e-07
-3.168697094552304e-07
-3.168699549907787e-07
-3.168702103709266e-07
-3.168704756352281e-07
-3.168707511941921e-07
-3.168710266450565e-07
-3.16871290639303e-07
-3.168715432062894e-07
-3.168717863437427e-07
-3.168720125053073e-07
-3.168722144171432e-07
-3.168723959220226e-07
-3.168725625874639e-07
-3.168727098300069e-07
-3.168728327951149e-07
-3.168729344155868e-07
-3.168730197857283e-07
-3.168730865909884e-07
-3.168731328731063e-07
-3.168731615394827e-07
-3.168731780890234e-07
-3.168731847179788e-07
-3.168731840777713e-07
-3.168731801378837e-07
-3.168731776902476e-07
-3.168731790670449e-07
-3.168731852361788e-07
-3.168731956517757e-07
-3.168732099202964e-07
-3.168732275097876e-07
-3.168732468465577e-07
-3.168732645462297e-07
-3.168732778676033e-07
-3.168732858924891e-07
-3.168732878736045e-07
-3.168732819438934e-07
-3.168732670194939e-07
-3.16873243915165e-07
-3.168732134358161e-07
-3.168731742257735e-07
-3.16873125549059e-07
-3.168730692662587e-07
-3.168730076577881e-07
-3.168729404439548e-07
-3.168728676201688e-07
-3.168727922615246e-07
-3.168727177916016e-07
-3.168726444808545e-07
-3.168725720567888e-07
-3.168725030412645e-07
-3.168724400614094e-07
-3.16872382806931e-07
-3.168723300046454e-07
-3.168722829283534e-07
-3.168722431605719e-07
-3.168722103216541e-07
-3.168721828813624e-07
-3.168721610750828e-07
-3.168721456902185e-07
-3.168721366007604e-07
-3.168721346713815e-07
-3.168666501852686e-07
-3.168666635563685e-07
-3.168666802175998e-07
-3.168667036655213e-07
-3.16866731338798e-07
-3.168667593298976e-07
-3.168667841292913e-07
-3.168668091106466e-07
-3.16866838377088e-07
-3.168668720121932e-07
-3.168669056066383e-07
-3.168669388310249e-07
-3.168669732071487e-07
-3.168670088053714e-07
-3.168670458902498e-07
-3.168670869866017e-07
-3.168671341370969e-07
-3.168671865357484e-07
-3.168672442476404e-07
-3.168673114333258e-07
-3.168673907107035e-07
-3.168674797361322e-07
-3.16867575889015e-07
-3.168676819641801e-07
-3.168677998653247e-07
-3.168679257433031e-07
-3.168680559698999e-07
-3.168681927324131e-07
-3.168683372406227e-07
-3.168684855862559e-07
-3.168686357539709e-07
-3.168687942214362e-07
-3.168689649209668e-07
-3.168691442955874e-07
-3.168693312020963e-07
-3.168695357085704e-07
-3.168697638485878e-07
-3.168700077734017e-07
-3.168702588749965e-07
-3.168705204030185e-07
-3.168707938773107e-07
-3.16871067220946e-07
-3.168713286698746e-07
-3.168715795413433e-07
-3.168718224738032e-07
-3.168720487102026e-07
-3.168722504422973e-07
-3.16872431481495e-07
-3.168725977633296e-07
-3.168727448798569e-07
-3.168728680261503e-07
-3.168729693266622e-07
-3.168730535721763e-07
-3.16873119412323e-07
-3.168731655295371e-07
-3.16873194488331e-07
-3.168732116873606e-07
-3.168732200830793e-07
-3.168732223272477e-07
-3.168732210049916e-07
-3.168732195227687e-07
-3.168732204433384e-07
-3.168732252149053e-07
-3.168732338587076e-07
-3.168732461624811e-07
-3.168732616327084e-07
-3.168732786998913e-07
-3.16873294177837e-07
-3.168733054633144e-07
-3.168733115154566e-07
-3.1687331143844e-07
-3.16873303516373e-07
-3.168732872074455e-07
-3.168732635600626e-07
-3.168732331273632e-07
-3.168731938871533e-07
-3.168731450677869e-07
-3.168730890395239e-07
-3.168730281229999e-07
-3.168729615364845e-07
-3.168728892278604e-07
-3.168728147481077e-07
-3.168727414872561e-07
-3.168726690715683e-07
-3.168725968923014e-07
-3.168725278106705e-07
-3.168724646102106e-07
-3.168724069312526e-07
-3.168723536002626e-07
-3.168723061458422e-07
-3.168722661979987e-07
-3.168722331834364e-07
-3.168722055301331e-07
-3.168721836193671e-07
-3.168721682950383e-07
-3.168721593973998e-07
-3.168721573087105e-07
-3.168666501852686e-07
-3.168666640769239e-07
-3.168666833048287e-07
-3.168667106001135e-07
-3.168667398530257e-07
-3.168667647781042e-07
-3.168667847814541e-07
-3.168668078760859e-07
-3.168668380832277e-07
-3.168668726521184e-07
-3.168669060845396e-07
-3.168669397422197e-07
-3.168669752925343e-07
-3.168670110437198e-07
-3.168670476792715e-07
-3.168670895503063e-07
-3.168671380049794e-07
-3.168671904589369e-07
-3.168672479835375e-07
-3.168673170762056e-07
-3.168673988984506e-07
-3.168674882555155e-07
-3.168675835326342e-07
-3.168676905933062e-07
-3.168678102991138e-07
-3.168679357275243e-07
-3.168680645461791e-07
-3.168682025056496e-07
-3.168683493580122e-07
-3.168684975749759e-07
-3.168686466937703e-07
-3.168688074710284e-07
-3.168689818429338e-07
-3.168691615520183e-07
-3.168693473167659e-07
-3.168695543695466e-07
-3.16869785907243e-07
-3.168700281276205e-07
-3.168702750380013e-07
-3.168705367676599e-07
-3.168708130895439e-07
-3.168710853026001e-07
-3.168713433392852e-07
-3.168715945695989e-07
-3.168718405385489e-07
-3.168720666714668e-07
-3.168722660064429e-07
-3.168724469019215e-07
-3.168726152807496e-07
-3.168727627730168e-07
-3.16872884610138e-07
-3.168729853869827e-07
-3.168730702328237e-07
-3.168731359595266e-07
-3.168731811404248e-07
-3.168732093990395e-07
-3.168732268712797e-07
-3.168732361151742e-07
-3.168732392092409e-07
-3.168732382580994e-07
-3.168732366005073e-07
-3.16873237166181e-07
-3.168732414410978e-07
-3.168732492704496e-07
-3.168732606957853e-07
-3.16873275608827e-07
-3.168732922604799e-07
-3.168733069523086e-07
-3.168733172554156e-07
-3.16873322652911e-07
-3.168733220199744e-07
-3.168733130001592e-07
-3.16873295802811e-07
-3.168732723926471e-07
-3.168732426022228e-07
-3.168732029448736e-07
-3.168731533195454e-07
-3.168730976605911e-07
-3.168730376456618e-07
-3.168729707896282e-07
-3.168728977013446e-07
-3.168728237132027e-07
-3.168727515953388e-07
-3.168726791709288e-07
-3.168726061155684e-07
-3.168725369515286e-07
-3.168724741957114e-07
-3.168724162118142e-07
-3.16872362043807e-07
-3.168723144404791e-07
-3.168722748721887e-07
-3.168722418673984e-07
-3.168722138121382e-07
-3.168721917989101e-07
-3.168721767207441e-07
-3.168721683346026e-07
-3.168721657708223e-07
