FiniteElementSpace
FiniteElementCollection: H1_2D_P1
VDim: 1
Ordering: 0

-0.3017062809802939
-0.3145635211695678
-0.3165268640352376
-0.3168167600721816
-0.3168592061668458
-0.3168654941629542
-0.3168664278818735
-0.3168665669315485
-0.3168665809763259
-0.3168665680304356
-0.316866555092044
-0.3168665498783172
-0.3168665484934128
-0.3168665456246303
-0.3168665406491125
-0.3168665365107338
-0.3168665312224437
-0.3168665256682709
-0.3168665206898827
-0.316866516130481
-0.3168665106437586
-0.3168665040497074
-0.3168664970168301
-0.3168664904319082
-0.3168664847941526
-0.3168664803299972
-0.3168664784161859
-0.3168664791198633
-0.3168664818786966
-0.316866484349154
-0.3168664848694384
-0.316866483759207
-0.3168664815555855
-0.3168664790729862
-0.3168664759477254
-0.3168664724173644
-0.3168664686901592
-0.3168664648653189
-0.3168664612480596
-0.3168664578157736
-0.3168664543800838
-0.3168664509687164
-0.3168664477919805
-0.3168664448596055
-0.316866441841163
-0.3168664387294783
-0.3168664352630165
-0.316866429198
-0.3168664050158425
-0.3168662614001236
-0.3168653195466258
-0.3168590213664747
-0.3168165627640326
-0.3165266569321077
-0.3145633004589053
-0.3017060553099066
-0.2352404944206402
-0.09289819082250032
-0.01785056283604527
-0.002682905383517558
-0.0003865736873505422
-5.501469686111083e-05
-7.822311259714184e-06
-1.105257330615563e-06
-3.168664242041704e-07
-3.168665050445797e-07
-3.168665883241536e-07
-3.168666893052221e-07
-3.168668016174227e-07
-3.168669087916305e-07
-3.16867021972135e-07
-3.168671481738916e-07
-3.16867289412399e-07
-3.168674095890067e-07
-3.168675154595976e-07
-3.168676148331897e-07
-3.168677103803105e-07
-3.168677984815624e-07
-3.168678825560434e-07
-3.168679620785989e-07
-3.168680265346908e-07
-3.168680913715577e-07
-3.168681724692435e-07
-3.168682655013589e-07
-3.168683467098455e-07
-3.168684069236077e-07
-3.168684537749357e-07
-3.168685067425944e-07
-3.168685694658509e-07
-3.168686304839072e-07
-3.168686768479052e-07
-3.168687061442567e-07
-3.168687260341117e-07
-3.16868744916492e-07
-3.168687630861001e-07
-3.168687749172491e-07
-3.168687793233315e-07
-0.2912459913827204
-0.312782755507257
-0.3162499789157243
-0.3167738024618189
-0.3168524815628293
-0.3168644362983718
-0.3168662592740973
-0.3168665408094926
-0.3168665763439773
-0.3168665639623356
-0.3168665499725791
-0.3168665451529858
-0.3168665448796832
-0.3168665432623093
-0.3168665387343781
-0.3168665347903584
-0.3168665295667286
-0.3168665242696481
-0.3168665194038569
-0.3168665147959449
-0.3168665091867032
-0.316866502573927
-0.3168664956748782
-0.3168664893697384
-0.3168664838682875
-0.3168664797291371
-0.316866477729179
-0.3168664782670455
-0.3168664804837801
-0.3168664826664179
-0.3168664831592619
-0.3168664821965761
-0.316866480112192
-0.316866477734396
-0.3168664747024193
-0.316866471268741
-0.3168664676590076
-0.3168664639528119
-0.3168664604081679
-0.3168664570007227
-0.3168664535736533
-0.3168664502065804
-0.3168664470849066
-0.3168664442089608
-0.3168664411879679
-0.3168664380024854
-0.316866433921473
-0.3168664242323895
-0.3168663772003685
-0.3168660920355426
-0.3168642627266112
-0.3168522998072627
-0.3167736087978078
-0.3162497752644966
-0.3127825380923437
-0.2912457735013047
-0.1984939922147481
-0.06252671169060232
-0.01102313109943679
-0.001645245953293297
-0.0002393166787194005
-3.446598575817717e-05
-4.9609858393662e-06
-7.09639997169343e-07
-3.168664352082343e-07
-3.168665229710598e-07
-3.168666094206549e-07
-3.168667083523559e-07
-3.168668223515902e-07
-3.168669318271416e-07
-3.168670469791952e-07
-3.168671709755807e-07
-3.168673117189803e-07
-3.16867431637502e-07
-3.168675379575997e-07
-3.168676369864472e-07
-3.168677324764596e-07
-3.168678200808385e-07
-3.168679021222636e-07
-3.168679812498001e-07
-3.168680467153871e-07
-3.168681115100953e-07
-3.168681889594716e-07
-3.168682767888967e-07
-3.168683597984698e-07
-3.168684180612043e-07
-3.16868466788975e-07
-3.168685146089514e-07
-3.168685767284154e-07
-3.168686355431418e-07
-3.168686807491991e-07
-3.168687102383858e-07
-3.168687307064394e-07
-3.168687493802163e-07
-3.168687666838472e-07
-3.168687780279764e-07
-3.168687821433498e-07
-0.2722736516359098
-0.3092101006483272
-0.315670226194372
-0.316681767065199
-0.3168377660193952
-0.3168620437374591
-0.3168658703864009
-0.3168664703783453
-0.3168665565071163
-0.3168665598399848
-0.3168665531719216
-0.3168665481209999
-0.3168665443454533
-0.3168665400627239
-0.3168665356633247
-0.3168665309364952
-0.3168665263124384
-0.3168665217039143
-0.3168665171265927
-0.3168665121108103
-0.3168665063213218
-0.3168664999211507
-0.3168664935894002
-0.3168664879702093
-0.3168664833746889
-0.3168664800929537
-0.3168664781650517
-0.3168664779961889
-0.3168664790595171
-0.3168664801909989
-0.3168664804674091
-0.3168664794748671
-0.3168664778418682
-0.3168664756162259
-0.3168664729325895
-0.3168664697777223
-0.3168664664149195
-0.3168664629927163
-0.3168664595868718
-0.3168664561706713
-0.3168664528230746
-0.3168664495765482
-0.3168664464939404
-0.3168664435081029
-0.3168664405364804
-0.3168664371698846
-0.3168664316325074
-0.3168664127602314
-0.3168663123676191
-0.3168657037656561
-0.3168618724806316
-0.3168375880731951
-0.3166815773747089
-0.3156700214976972
-0.3092098855312294
-0.2722734480945917
-0.1516126095239033
-0.03838992877079993
-0.006353430718690626
-0.000953505236309189
-0.0001401504127391756
-2.055478470383104e-05
-2.995153009477737e-06
-4.364198977449702e-07
-3.168664715117766e-07
-3.168665478874329e-07
-3.168666374335842e-07
-3.168667397513016e-07
-3.168668488393894e-07
-3.168669617009285e-07
-3.168670767329993e-07
-3.168672027162451e-07
-3.168673293296131e-07
-3.168674489413476e-07
-3.168675571467786e-07
-3.168676590214998e-07
-3.168677559762376e-07
-3.168678454455803e-07
-3.168679275918627e-07
-3.168680029648712e-07
-3.16868074332995e-07
-3.168681446248078e-07
-3.168682184588255e-07
-3.168682938956155e-07
-3.168683644692315e-07
-3.168684253096942e-07
-3.16868479203516e-07
-3.168685339343313e-07
-3.168685892209746e-07
-3.168686399463407e-07
-3.168686804970063e-07
-3.168687112548325e-07
-3.168687354827777e-07
-3.168687553142116e-07
-3.168687701603655e-07
-3.168687794680088e-07
-3.168687827732038e-07
-0.2392750087164682
-0.301706264829309
-0.3143883695991797
-0.3164728371647305
-0.3168036080540477
-0.316856339288465
-0.3168649103146997
-0.3168662992180911
-0.3168665223499704
-0.3168665528065057
-0.3168665532230341
-0.3168665490979523
-0.3168665438418021
-0.3168665381627936
-0.3168665328569169
-0.3168665280448244
-0.3168665235790681
-0.3168665192322372
-0.3168665145925003
-0.3168665093315551
-0.3168665034060879
-0.3168664972634977
-0.3168664914632263
-0.3168664865158585
-0.3168664825659743
-0.3168664796916774
-0.316866477904317
-0.3168664773855933
-0.3168664778401079
-0.3168664783862546
-0.3168664782405163
-0.31686647726291
-0.316866475786003
-0.3168664738364226
-0.316866471342874
-0.3168664683909062
-0.3168664652480814
-0.3168664619820516
-0.3168664586720858
-0.316866455344351
-0.3168664520773123
-0.3168664489073571
-0.3168664458237804
-0.3168664428269925
-0.3168664397581711
-0.3168664357161254
-0.3168664260821585
-0.3168663836849095
-0.3168661469486582
-0.3168647466379521
-0.3168561688088125
-0.3168034320085468
-0.3164726507467847
-0.3143881691714792
-0.3017060566598743
-0.2392748300014061
-0.1020296261439498
-0.02134960831879791
-0.003444507689721652
-0.0005223990189406464
-7.812394901081391e-05
-1.159778725703537e-05
-1.721426305970799e-06
-3.168664323195489e-07
-3.168665019981781e-07
-3.168665784242491e-07
-3.168666659347259e-07
-3.168667675498084e-07
-3.168668772028046e-07
-3.168669891240103e-07
-3.168671053103471e-07
-3.168672280734241e-07
-3.168673514815272e-07
-3.16867467448251e-07
-3.168675765341439e-07
-3.168676820461244e-07
-3.168677819270996e-07
-3.168678721983015e-07
-3.168679540063168e-07
-3.168680317593613e-07
-3.16868106280127e-07
-3.168681771075407e-07
-3.168682464790014e-07
-3.168683155637453e-07
-3.168683815952191e-07
-3.168684414528174e-07
-3.168684968693027e-07
-3.168685509368611e-07
-3.168686024120951e-07
-3.168686475409474e-07
-3.168686849576835e-07
-3.168687162004394e-07
-3.168687419485915e-07
-3.168687618741081e-07
-3.168687756990182e-07
-3.168687840772113e-07
-3.168687871522941e-07
-0.1882961397347989
-0.2858666389591143
-0.3114692236784656
-0.3159753309798659
-0.3167193755334399
-0.3168420193308225
-0.316862407093573
-0.3168658510485641
-0.3168664374781629
-0.3168665371354983
-0.3168665514535339
-0.3168665494618251
-0.3168665433816584
-0.3168665365209627
-0.3168665305137042
-0.3168665254685741
-0.3168665209599018
-0.3168665164996359
-0.3168665116240325
-0.3168665061753494
-0.316866500314275
-0.3168664945082539
-0.3168664891904039
-0.3168664847352729
-0.3168664812770269
-0.3168664787657708
-0.3168664771339695
-0.3168664764856606
-0.3168664766146163
-0.3168664768161346
-0.3168664764160348
-0.3168664753707244
-0.3168664739458691
-0.3168664721317042
-0.3168664698159119
-0.3168664670593572
-0.3168664640967452
-0.3168664609739821
-0.3168664577676412
-0.3168664545325787
-0.316866451339248
-0.3168664482306264
-0.3168664451652389
-0.3168664421043235
-0.3168664386334228
-0.3168664323814378
-0.3168664108784865
-0.316866302922744
-0.3168657056209786
-0.3168622500586506
-0.316841852812652
-0.3167192011620154
-0.3159751462863745
-0.3114690273791496
-0.2858664440402593
-0.1882959992949303
-0.0594956073998705
-0.01102313113878439
-0.001749095590327407
-0.0002706335536793785
-4.119896810300106e-05
-6.229479684791882e-06
-9.360605847881352e-07
-3.168664563517525e-07
-3.168665303318015e-07
-3.168666053914811e-07
-3.168666930368703e-07
-3.168667954944752e-07
-3.168669063385918e-07
-3.168670189660658e-07
-3.168671350263144e-07
-3.168672560497897e-07
-3.168673769560495e-07
-3.168674924225341e-07
-3.168676038101694e-07
-3.168677129789925e-07
-3.16867815254282e-07
-3.168679064650681e-07
-3.168679891609195e-07
-3.168680680994174e-07
-3.168681427936003e-07
-3.168682119974623e-07
-3.168682779475912e-07
-3.168683432080867e-07
-3.168684057594187e-07
-3.168684633644031e-07
-3.168685172915865e-07
-3.168685694792113e-07
-3.168686179468389e-07
-3.168686599102927e-07
-3.168686952719959e-07
-3.168687257379118e-07
-3.168687511055309e-07
-3.16868770516105e-07
-3.168687837610278e-07
-3.168687916623828e-07
-3.168687947046701e-07
-0.1262266531060479
-0.2540304470419953
-0.3044563044228521
-0.3147263273041806
-0.3165008225883419
-0.3168035955132013
-0.3168554675231644
-0.3168645855650843
-0.3168661983867711
-0.3168664917331343
-0.3168665429525138
-0.3168665471922834
-0.3168665415048115
-0.3168665343017062
-0.3168665281502651
-0.3168665230931282
-0.3168665185050367
-0.3168665138105382
-0.3168665086579822
-0.3168665031028958
-0.3168664973755727
-0.3168664918920759
-0.3168664869315319
-0.316866482842194
-0.3168664797310277
-0.316866477554566
-0.316866476183689
-0.3168664756299918
-0.3168664756301244
-0.3168664755716777
-0.316866474911987
-0.3168664737377611
-0.3168664722872063
-0.3168664705502642
-0.3168664683654091
-0.3168664657798425
-0.3168664629904148
-0.3168664600151522
-0.3168664569308045
-0.3168664538041117
-0.3168664507164643
-0.3168664476690656
-0.3168664445627221
-0.3168664411770669
-0.3168664362370193
-0.3168664229019456
-0.3168663649617645
-0.3168660656300002
-0.3168644448860586
-0.3168553165989547
-0.3168034338517365
-0.3165006507128068
-0.3147261444524145
-0.304456114022392
-0.2540302755848228
-0.1262265591343789
-0.03048747364266764
-0.005268333821889006
-0.0008433790776313107
-0.0001326024352720963
-2.055478487743385e-05
-3.165716496037871e-06
-4.845497531692399e-07
-3.16866482345868e-07
-3.16866553797426e-07
-3.168666287571912e-07
-3.168667180911413e-07
-3.168668221654659e-07
-3.168669348254783e-07
-3.168670491010986e-07
-3.168671649209781e-07
-3.168672840245146e-07
-3.168674024772028e-07
-3.168675187420796e-07
-3.168676345320645e-07
-3.168677492851256e-07
-3.168678549311838e-07
-3.168679463726812e-07
-3.168680284993297e-07
-3.16868106700823e-07
-3.168681802289639e-07
-3.168682472644183e-07
-3.168683102356215e-07
-3.168683722691923e-07
-3.168684311613482e-07
-3.168684856393944e-07
-3.168685375455243e-07
-3.168685884293728e-07
-3.168686353254794e-07
-3.168686752134319e-07
-3.168687084997532e-07
-3.168687373994856e-07
-3.168687616404074e-07
-3.168687804535239e-07
-3.168687932105629e-07
-3.168688006515197e-07
-3.16868803272034e-07
-0.0696005667343091
-0.1984941258919031
-0.2878714381966968
-0.3114692070064539
-0.3159072144242739
-0.316694888549145
-0.316835336599976
-0.3168607789366493
-0.3168654559569766
-0.316866341767792
-0.3168665096783378
-0.3168665371878163
-0.3168665366471599
-0.3168665311260784
-0.3168665256954862
-0.3168665208753847
-0.3168665161177207
-0.3168665111478572
-0.3168665058244513
-0.3168665003819595
-0.3168664949055075
-0.3168664897118997
-0.3168664849673803
-0.3168664810139094
-0.3168664781116522
-0.3168664763146507
-0.3168664753614107
-0.3168664750428333
-0.3168664748644292
-0.3168664744738835
-0.3168664734823509
-0.3168664722400468
-0.3168664708305854
-0.3168664691925204
-0.3168664670911701
-0.3168664646115749
-0.3168664619301066
-0.3168664590511154
-0.3168664560715332
-0.3168664530460331
-0.316866450067049
-0.3168664470141894
-0.3168664436614501
-0.3168664391479485
-0.3168664291377294
-0.3168663918942156
-0.3168662165051986
-0.3168653249296413
-0.3168606414876627
-0.3168351905081229
-0.3166947318867301
-0.3159070466802391
-0.311469028936579
-0.2878712610752869
-0.1984939940957781
-0.06960051497445001
-0.01404644362339944
-0.00237454154355745
-0.0003865736902665458
-6.183700168617434e-05
-9.762147766957755e-06
-1.540927558379529e-06
-3.168664384219285e-07
-3.168665052793661e-07
-3.168665737627835e-07
-3.16866649111188e-07
-3.168667384363776e-07
-3.168668447574369e-07
-3.168669609070239e-07
-3.168670787958723e-07
-3.16867193209155e-07
-3.168673065061662e-07
-3.168674196595996e-07
-3.16867539235344e-07
-3.168676656017337e-07
-3.168677893179127e-07
-3.168678978028657e-07
-3.168679866589414e-07
-3.168680668490855e-07
-3.168681433478201e-07
-3.168682156391853e-07
-3.168682803716543e-07
-3.168683406835493e-07
-3.168683988984725e-07
-3.168684535277391e-07
-3.168685047860202e-07
-3.168685558617386e-07
-3.16868606794137e-07
-3.168686529967179e-07
-3.168686909973693e-07
-3.168687217927289e-07
-3.168687489328926e-07
-3.168687722289163e-07
-3.168687909194497e-07
-3.168688032790253e-07
-3.168688099013881e-07
-3.168688117393925e-07
-0.03222577968887338
-0.1262266417105178
-0.2505506609420539
-0.3026539957515451
-0.3142162181485116
-0.3163753034375356
-0.3167737555227367
-0.316848609134058
-0.3168629995832149
-0.3168658307148618
-0.3168663952161956
-0.3168665075284243
-0.3168665268936656
-0.3168665270701326
-0.3168665234181713
-0.3168665189192107
-0.3168665138998006
-0.3168665086255589
-0.3168665032214309
-0.3168664979656608
-0.3168664928152495
-0.3168664878429738
-0.31686648319895
-0.3168664792909428
-0.3168664766782204
-0.3168664754314162
-0.3168664749677388
-0.3168664747072623
-0.3168664741232636
-0.316866473252383
-0.3168664721045661
-0.3168664709650598
-0.3168664696821091
-0.3168664681257093
-0.3168664660372721
-0.3168664635638687
-0.316866460940568
-0.3168664581339886
-0.3168664552642649
-0.3168664523198915
-0.3168664493305693
-0.3168664460257368
-0.3168664416744056
-0.3168664329410974
-0.3168664043518271
-0.3168662825681718
-0.3168657093698563
-0.3168628712361831
-0.3168484747204315
-0.3167736140890939
-0.3163751529534846
-0.3142160575886077
-0.3026538285504276
-0.2505505109076999
-0.1262265596620601
-0.03222575576018277
-0.005981395480293461
-0.00101383191760101
-0.0001675180921633172
-2.74482597725074e-05
-4.440810561681621e-06
-7.09640024897488e-07
-3.168664585221974e-07
-3.168665312536188e-07
-3.168665987270373e-07
-3.168666696673005e-07
-3.168667566995157e-07
-3.168668676490984e-07
-3.168669914983344e-07
-3.168671122992011e-07
-3.168672198724408e-07
-3.168673188065658e-07
-3.168674288075776e-07
-3.168675587196406e-07
-3.168677023550716e-07
-3.16867834601508e-07
-3.168679436854474e-07
-3.168680268747448e-07
-3.168681061351927e-07
-3.168681814037787e-07
-3.168682532226914e-07
-3.168683138096511e-07
-3.168683714766383e-07
-3.168684254300469e-07
-3.168684759453733e-07
-3.168685245478831e-07
-3.168685758599899e-07
-3.168686270661775e-07
-3.16868672194894e-07
-3.168687073812234e-07
-3.168687357246476e-07
-3.168687620233222e-07
-3.1686878571245e-07
-3.168688044869373e-07
-3.16868816011186e-07
-3.16868821384501e-07
-3.168688227971997e-07
-0.01324315403136299
-0.06252675234182126
-0.1835685054293185
-0.2797050526426404
-0.3092100398276949
-0.3153748668514567
-0.3165752056242597
-0.3168080529175988
-0.3168545207161564
-0.3168639954686279
-0.3168659784628566
-0.3168664059026484
-0.3168664993556833
-0.3168665186202397
-0.3168665203722764
-0.3168665170338538
-0.3168665115727034
-0.3168665057921654
-0.3168665005115083
-0.3168664956272718
-0.3168664909895544
-0.3168664862169737
-0.3168664815863115
-0.3168664777850127
-0.3168664756354289
-0.3168664752830158
-0.3168664748230091
-0.3168664741293427
-0.3168664730083343
-0.3168664723558013
-0.3168664712986784
-0.3168664701219994
-0.3168664689299925
-0.3168664673242201
-0.3168664651919146
-0.3168664627302141
-0.3168664601200639
-0.3168664573975408
-0.3168664545373137
-0.3168664515899941
-0.3168664483436124
-0.3168664440059764
-0.316866435437808
-0.3168664096426735
-0.3168663088526432
-0.3168658726238733
-0.3168638792977775
-0.3168543950581636
-0.3168079206218259
-0.3165750677222048
-0.3153747228749043
-0.3092098901638362
-0.2797049059104261
-0.1835683999606298
-0.06252671249898817
-0.0132431442079311
-0.002374541553927914
-0.0004110782346447404
-6.950514655078818e-05
-1.159778730775147e-05
-1.923067874448917e-06
-3.168664205955434e-07
-3.168664974287721e-07
-3.168665742492262e-07
-3.168666294837838e-07
-3.168666892989519e-07
-3.168667726687277e-07
-3.168668946097076e-07
-3.168670350098337e-07
-3.168671554114935e-07
-3.168672451429666e-07
-3.168673245883306e-07
-3.168674366873504e-07
-3.168675864353629e-07
-3.168677486676572e-07
-3.168678945239205e-07
-3.168679960679755e-07
-3.168680717664818e-07
-3.168681432175776e-07
-3.16868227082907e-07
-3.168682943282926e-07
-3.168683506157526e-07
-3.168684036693173e-07
-3.168684576258823e-07
-3.168685028457984e-07
-3.168685471130205e-07
-3.168685988452391e-07
-3.168686538793506e-07
-3.168686970159591e-07
-3.168687277712454e-07
-3.16868752265732e-07
-3.168687791761831e-07
-3.168688051372553e-07
-3.168688239211246e-07
-3.168688338810387e-07
-3.168688374857694e-07
-3.168688380520987e-07
