FiniteElementSpace
FiniteElementCollection: H1_2D_P1
VDim: 1
Ordering: 0

-0.1192857153131729
-0.1199864110394206
-0.1200818215348755
-0.1200947278457142
-0.1200964986283979
-0.1200967803146463
-0.1200968379381285
-0.1200968601404833
-0.1200968489191223
-0.1200968296848537
-0.1200968440773749
-0.1200968384542575
-0.1200968394161848
-0.1200968067144509
-0.1200968049380731
-0.1200967891078127
-0.1200968193415158
-0.1200968162464875
-0.1200968604093695
-0.1200968390102035
-0.1200968863972706
-0.1200969027855521
-0.1200969245054
-0.1200969658670446
-0.1200969563131021
-0.1200970065846683
-0.12009694881788
-0.1200969385679099
-0.1200969551938056
-0.1200969560939092
-0.1200970015980286
-0.1200969848747509
-0.1200969738844042
-0.1200969336793776
-0.1200968825343217
-0.1200968678986626
-0.1200968294611425
-0.1200968041369932
-0.120096778929304
-0.1200967700974067
-0.1200967936942111
-0.1200967866346966
-0.120096779460519
-0.1200967826736293
-0.1200967874032149
-0.1200968274819814
-0.120096854187714
-0.1200968565836334
-0.1200968870013133
-0.1200969080444057
-0.1200968860905123
-0.1200966823485174
-0.1200949470259539
-0.1200819969229806
-0.1199865337177471
-0.1192857907670586
-0.1143509894943726
-0.08757951248863592
-0.03208157028728394
-0.005645832782102396
-0.0007964531906456937
-0.0001084092455941809
-1.468302819570132e-05
-1.987354180445331e-06
-2.689411614635302e-07
-1.200219998421289e-07
-1.199563578730301e-07
-1.199136823814454e-07
-1.198453550182255e-07
-1.197442544254976e-07
-1.196553553916629e-07
-1.196070135004861e-07
-1.195731875896501e-07
-1.195138962650422e-07
-1.194272429317262e-07
-1.193459667138325e-07
-1.192941947080016e-07
-1.192621305517301e-07
-1.192224716508756e-07
-1.191620931916701e-07
-1.190928252370045e-07
-1.190349802692857e-07
-1.189963915727947e-07
-1.1896836263546e-07
-1.189374892155534e-07
-1.188979460640736e-07
-1.188539399975869e-07
-1.188139287987585e-07
-1.187835088552039e-07
-1.187621630801746e-07
-1.187451533513803e-07
-1.187281493016287e-07
-1.187104546198965e-07
-1.186945339532688e-07
-1.186831387560612e-07
-1.186771537090926e-07
-1.186752550612983e-07
-0.1192857153131729
-0.1199864071817386
-0.120081843047547
-0.1200947513987628
-0.1200965136892652
-0.12009679843098
-0.1200968553455564
-0.1200968687005838
-0.1200968587767896
-0.1200968462745617
-0.120096858086703
-0.1200968507593529
-0.1200968582256312
-0.1200968282714144
-0.1200968165267004
-0.1200967975584989
-0.1200968267191581
-0.120096808935506
-0.1200968569748881
-0.120096845340731
-0.1200968915541948
-0.1200968951939533
-0.1200969265116514
-0.1200969913615523
-0.1200969633382612
-0.1200969914699185
-0.1200969492614399
-0.1200969521776809
-0.1200969546306002
-0.1200969477132665
-0.1200969955480836
-0.1200969740243672
-0.120096967304869
-0.1200969355693159
-0.1200968733171841
-0.1200968373879033
-0.1200968026493053
-0.1200968106921716
-0.1200967971471596
-0.1200967464909205
-0.1200967226072274
-0.1200967304662885
-0.1200968025019924
-0.1200968847285224
-0.1200969146176726
-0.1200969327770907
-0.1200969285807742
-0.1200969131681645
-0.1200969361331608
-0.1200969522637006
-0.1200969277517515
-0.1200967251269186
-0.1200949911581157
-0.1200820391446442
-0.1199865728595477
-0.1192858303269053
-0.1143510306361144
-0.08757954586320593
-0.03208158213303863
-0.005645834705899759
-0.0007964535030102619
-0.0001084093365062827
-1.468305664780455e-05
-1.987361466947207e-06
-2.689423716412607e-07
-1.200225836221418e-07
-1.199570848236575e-07
-1.19915265556095e-07
-1.198482241497962e-07
-1.197478337329117e-07
-1.196586734854287e-07
-1.196101145392196e-07
-1.195771964783053e-07
-1.195196077537887e-07
-1.194340697012492e-07
-1.193526660886018e-07
-1.193003796668201e-07
-1.192686125707157e-07
-1.192301338787481e-07
-1.19170828898638e-07
-1.191018001710726e-07
-1.190437200179986e-07
-1.190052798131203e-07
-1.189780304708196e-07
-1.189479689949676e-07
-1.189086447157499e-07
-1.188643970609992e-07
-1.188243931437911e-07
-1.187946547380761e-07
-1.187743008139379e-07
-1.187578308926286e-07
-1.187405638844578e-07
-1.187222257558593e-07
-1.187060433805748e-07
-1.186951601123317e-07
-1.186899199197555e-07
-1.186883996233673e-07
-0.1192239963261529
-0.1199779595611455
-0.1200806589793877
-0.1200946441197254
-0.1200965444117135
-0.1200968259328107
-0.1200968671909133
-0.1200968845802013
-0.1200968800041956
-0.1200968578801268
-0.1200968749254532
-0.1200968781053326
-0.1200968650013789
-0.120096857008299
-0.120096840126042
-0.1200968255990604
-0.1200968266851199
-0.1200968232608374
-0.1200968360729041
-0.1200968582118192
-0.1200968897488143
-0.1200969122299333
-0.1200969501356602
-0.1200969821099036
-0.1200969895154434
-0.1200969897546411
-0.1200969749387539
-0.1200969808018455
-0.1200969712956594
-0.1200969701285638
-0.1200970001781204
-0.1200969944918506
-0.1200969680591388
-0.1200969350631257
-0.1200969120388489
-0.1200969026909497
-0.1200968676615466
-0.1200968403946859
-0.1200968444910234
-0.1200968495771826
-0.1200968472755567
-0.1200968421920671
-0.1200968518700434
-0.1200968810200547
-0.1200969060588362
-0.1200969248187422
-0.1200969486592734
-0.1200969733320009
-0.120096990636732
-0.1200969964608149
-0.120096975844851
-0.1200967418926031
-0.1200948624038678
-0.1200808491238214
-0.1199781643092241
-0.1192241426832122
-0.1139691788668088
-0.08594971805243962
-0.03065560229841453
-0.005323810434718784
-0.0007492162566345186
-0.0001025739186708324
-1.389212320521567e-05
-1.880272727978077e-06
-2.544504151178065e-07
-1.200329692779976e-07
-1.199651285724846e-07
-1.199069529289962e-07
-1.198391536923831e-07
-1.197578283993808e-07
-1.196812234181648e-07
-1.196234608108003e-07
-1.195755324402475e-07
-1.195185042915278e-07
-1.194479184556282e-07
-1.1937771112993e-07
-1.193220882443464e-07
-1.192795472696112e-07
-1.192364322652489e-07
-1.191830666655074e-07
-1.191234174177051e-07
-1.190693949702408e-07
-1.190281703720636e-07
-1.189961892040318e-07
-1.18964260332781e-07
-1.189267917167358e-07
-1.188860860188372e-07
-1.1884900727296e-07
-1.188204156505225e-07
-1.187995558488572e-07
-1.18781897488923e-07
-1.187638290533991e-07
-1.1874561153867e-07
-1.187303643208173e-07
-1.187207349367323e-07
-1.187166484901905e-07
-1.187156583333727e-07
-0.119092384510073
-0.1199582587695573
-0.1200779889874454
-0.1200943038373492
-0.1200965450721978
-0.1200968570896578
-0.1200968962976908
-0.1200968996041194
-0.1200969009626649
-0.1200968829577974
-0.1200968954868175
-0.1200968982949154
-0.1200968843991811
-0.1200968857873042
-0.1200968681429085
-0.1200968439718014
-0.1200968312239253
-0.120096827605055
-0.1200968367438163
-0.1200968574035846
-0.1200968855095539
-0.1200969286071855
-0.1200969629001605
-0.1200969796522719
-0.1200969911542607
-0.1200969928400414
-0.120096993230724
-0.1200969850897796
-0.1200969789836773
-0.120096990997943
-0.1200969966917088
-0.120096984511289
-0.1200969636933032
-0.1200969463268204
-0.1200969315999463
-0.1200969068800118
-0.120096884633543
-0.1200968817118483
-0.1200968851498394
-0.1200968783674925
-0.1200968706085769
-0.1200968826237351
-0.1200969116594114
-0.1200969346700549
-0.1200969471772
-0.1200969668312512
-0.1200969978107755
-0.1200970218048738
-0.1200970292509857
-0.1200970330809856
-0.1200970175591114
-0.1200967410495636
-0.1200945159257143
-0.1200782001867348
-0.1199584610346078
-0.1190925785097951
-0.1130918553368241
-0.08254702848296275
-0.02766824760662457
-0.00470368963581769
-0.0006629333748717932
-9.070465793342483e-05
-1.235938306455097e-05
-1.683116311913343e-06
-2.291728038227399e-07
-1.200324157669274e-07
-1.199668929441072e-07
-1.199063749449527e-07
-1.198390690416398e-07
-1.197640397229599e-07
-1.196930895876304e-07
-1.196350246957788e-07
-1.195839945423993e-07
-1.19527213065939e-07
-1.194610977496955e-07
-1.193952749025294e-07
-1.193405470160108e-07
-1.192963598006379e-07
-1.192522441431189e-07
-1.192002415314648e-07
-1.191434687256099e-07
-1.190920013271032e-07
-1.190519171192726e-07
-1.19019684867371e-07
-1.189868547634835e-07
-1.18948923554501e-07
-1.189091195845235e-07
-1.188742995273511e-07
-1.188481331485259e-07
-1.188283820516519e-07
-1.188100545419261e-07
-1.187905027256733e-07
-1.187714992167405e-07
-1.187569729207652e-07
-1.18749180531978e-07
-1.187468917736045e-07
-1.187468392253224e-07
-0.1188458621060174
-0.1199239563399806
-0.1200730519980959
-0.120093640779554
-0.1200964877230802
-0.1200968876289649
-0.1200969375717682
-0.1200969299680083
-0.1200969317146218
-0.1200969191272031
-0.1200969164823117
-0.1200969217998525
-0.1200969222042044
-0.1200969134352193
-0.120096887989162
-0.1200968702963726
-0.1200968554540767
-0.1200968358104079
-0.1200968388826819
-0.1200968691925013
-0.1200969040582247
-0.1200969300575767
-0.1200969574345683
-0.1200969850650431
-0.1200969926329432
-0.1200969868559027
-0.1200969873696153
-0.1200969952449467
-0.1200969997331586
-0.120096997121791
-0.1200969943588445
-0.1200969904360743
-0.1200969778159328
-0.1200969572224603
-0.1200969361410127
-0.1200969218844033
-0.1200969158409812
-0.1200969123943344
-0.1200969066753635
-0.1200969028529869
-0.1200969101275676
-0.12009692869237
-0.1200969482511788
-0.1200969644313126
-0.120096985000057
-0.1200970132230182
-0.1200970374174598
-0.1200970480655675
-0.1200970551442038
-0.1200970700431981
-0.1200970488211159
-0.1200966774161024
-0.1200938446714246
-0.1200732597221564
-0.1199241778807768
-0.1188461031007846
-0.1115772179985359
-0.07711782918679078
-0.02369856625366426
-0.003913389800381399
-0.0005516926500650823
-7.588900887309832e-05
-1.040330030753355e-05
-1.425446491791e-06
-1.940842423594596e-07
-1.200278214064784e-07
-1.199676504324925e-07
-1.199087598327724e-07
-1.198410958311274e-07
-1.197681690670997e-07
-1.197022278998672e-07
-1.196483294940577e-07
-1.195977948176048e-07
-1.195393493164845e-07
-1.19473186826887e-07
-1.194105340578087e-07
-1.193600503407191e-07
-1.193179482050321e-07
-1.19272993848008e-07
-1.192195492998029e-07
-1.191634728220969e-07
-1.191151300334125e-07
-1.19078310447229e-07
-1.190471124660736e-07
-1.190130196212134e-07
-1.189736806451385e-07
-1.189344380834073e-07
-1.189021972027368e-07
-1.188787468168269e-07
-1.188599693218035e-07
-1.18840685122869e-07
-1.188196768612711e-07
-1.188002868551399e-07
-1.187868372258529e-07
-1.187807639665345e-07
-1.187797216540815e-07
-1.187801242778679e-07
-0.1184421505507055
-0.1198632146285681
-0.120064279479132
-0.1200924114236125
-0.1200963488076226
-0.1200969034672607
-0.1200969816255035
-0.1200969787531295
-0.1200969714877958
-0.1200969551692722
-0.1200969548081475
-0.1200969558307784
-0.120096948893158
-0.1200969443416606
-0.1200969273274035
-0.1200969032066281
-0.1200968771602986
-0.1200968593911769
-0.1200968666162361
-0.1200968890578033
-0.1200969091727763
-0.1200969330731624
-0.1200969636312439
-0.1200969790028899
-0.1200969733226719
-0.1200969724991262
-0.1200969884445439
-0.120097000320053
-0.1200969971323369
-0.1200969966048296
-0.1200970051311743
-0.1200970024662581
-0.1200969800878845
-0.1200969576440064
-0.1200969496103453
-0.1200969451278973
-0.1200969327402683
-0.120096921152752
-0.1200969229617314
-0.12009693514905
-0.1200969473363469
-0.1200969586108495
-0.1200969761634042
-0.1200970022944376
-0.12009703000296
-0.1200970506616666
-0.1200970631372404
-0.1200970748372994
-0.1200970925053738
-0.1200971066028825
-0.1200970507626768
-0.1200965147033911
-0.120092596857831
-0.1200644945746875
-0.1198634625165225
-0.1184424210451766
-0.1091075782607498
-0.06957521059246141
-0.01916217835171987
-0.003081406396086239
-0.0004344027972578184
-6.007275501252772e-05
-8.284961264872189e-06
-1.135163479403797e-06
-1.564708227871127e-07
-1.200237710667447e-07
-1.199693803136005e-07
-1.199108994811696e-07
-1.198424813551264e-07
-1.197727703713034e-07
-1.19713207768505e-07
-1.196635485479358e-07
-1.196123296609204e-07
-1.195513996270745e-07
-1.19485965683254e-07
-1.19428190176421e-07
-1.193828089211891e-07
-1.193420275795355e-07
-1.192949352544916e-07
-1.192398022004952e-07
-1.191854839817346e-07
-1.191414066248637e-07
-1.191078957561503e-07
-1.190768727583756e-07
-1.190409482763163e-07
-1.190006616923467e-07
-1.189629548881245e-07
-1.189336852568076e-07
-1.189123338617877e-07
-1.188935748094521e-07
-1.188730527321192e-07
-1.188512872168437e-07
-1.188325180446439e-07
-1.18820493804536e-07
-1.188154706535964e-07
-1.188145624360091e-07
-1.188146795698183e-07
-0.1177462736293257
-0.1197591365820909
-0.1200491240184167
-0.1200901957324488
-0.1200960580489211
-0.120096904785999
-0.1200970253320707
-0.1200970272616981
-0.1200970234101566
-0.1200970023636978
-0.1200969907267431
-0.1200969872157024
-0.1200969869510678
-0.120096986043658
-0.1200969626555929
-0.1200969373984997
-0.1200969192443426
-0.1200969001277658
-0.1200968934159462
-0.120096906703995
-0.1200969283259836
-0.1200969466710603
-0.1200969572331914
-0.1200969592844268
-0.1200969588783672
-0.1200969648464555
-0.1200969748160584
-0.1200969810416061
-0.1200969877113103
-0.1200970002903645
-0.1200970068561257
-0.1200969949590317
-0.1200969758468207
-0.1200969672059295
-0.1200969641122078
-0.12009695215025
-0.1200969375750172
-0.120096938520602
-0.120096954176729
-0.1200969672644835
-0.1200969735703364
-0.1200969868910098
-0.1200970138530669
-0.1200970425969366
-0.1200970614132599
-0.1200970747633587
-0.1200970934977299
-0.1200971177436178
-0.1200971363304311
-0.1200971313319009
-0.1200970207268199
-0.120096202924837
-0.1200903812043404
-0.1200493527745508
-0.1197593963140183
-0.1177465594861892
-0.1051487643090421
-0.05949432855709796
-0.01455037249560188
-0.00226704110025736
-0.0003196535518804047
-4.471443997943504e-05
-6.204155814800671e-06
-8.605677157326627e-07
-1.200727653285379e-07
-1.20022085500883e-07
-1.199713404787235e-07
-1.199115758728324e-07
-1.198436793509804e-07
-1.197793195692925e-07
-1.197263128522889e-07
-1.196791301770611e-07
-1.196261093270286e-07
-1.195639521497293e-07
-1.195016651050755e-07
-1.194497544338922e-07
-1.194081159846668e-07
-1.193666364758634e-07
-1.193169938167878e-07
-1.192617410014563e-07
-1.192110035776322e-07
-1.191714579345397e-07
-1.191399501144716e-07
-1.191078149343645e-07
-1.1907018210336e-07
-1.190302864481778e-07
-1.189952544202504e-07
-1.189687962173099e-07
-1.189483512384894e-07
-1.189286321195793e-07
-1.18907066906964e-07
-1.188857239781262e-07
-1.188686758778751e-07
-1.188581609198659e-07
-1.188532121336546e-07
-1.188512216183234e-07
-1.188503725822585e-07
-0.1165183101923902
-0.1195716428487734
-0.1200210957212557
-0.1200860959131818
-0.1200954759195944
-0.1200968552732939
-0.1200970674123193
-0.1200970840990161
-0.1200970731115353
-0.120097044082171
-0.1200970319921541
-0.1200970284707058
-0.1200970231248086
-0.1200970205634078
-0.1200970046634056
-0.1200969848577962
-0.1200969609999166
-0.1200969341870191
-0.1200969273731045
-0.1200969407748734
-0.1200969508501362
-0.1200969505556831
-0.1200969503685934
-0.1200969512201203
-0.1200969469065055
-0.1200969426194218
-0.1200969479773716
-0.1200969618528485
-0.1200969763025102
-0.1200969853322682
-0.1200969861872554
-0.1200969812107066
-0.1200969765162981
-0.120096972604825
-0.1200969641713091
-0.1200969542694183
-0.1200969558257186
-0.1200969720854204
-0.12009698953
-0.1200969987696938
-0.1200970086075119
-0.1200970289427913
-0.1200970525683102
-0.1200970674299099
-0.1200970779305042
-0.1200970987957935
-0.1200971311381698
-0.1200971584935175
-0.1200971662870516
-0.1200971408134245
-0.1200969521150496
-0.1200956188585108
-0.1200862882727161
-0.1200213320491091
-0.1195719130362398
-0.1165186119076593
-0.09886895936347681
-0.04784180629877243
-0.01027423531841799
-0.001566769843499881
-0.0002225096023792135
-3.129573391377935e-05
-4.39563773424814e-06
-6.172518087574723e-07
-1.200702743211883e-07
-1.200227059672544e-07
-1.199717112021366e-07
-1.199105878771802e-07
-1.198457908386127e-07
-1.19788433134979e-07
-1.197408945542896e-07
-1.196942836090925e-07
-1.196395735529547e-07
-1.195784755320706e-07
-1.195212460067474e-07
-1.194746573462468e-07
-1.194345296718768e-07
-1.193910032948711e-07
-1.193397927874426e-07
-1.192866163843255e-07
-1.192406005676008e-07
-1.192046988263477e-07
-1.191734367812656e-07
-1.19139446630037e-07
-1.191010430968396e-07
-1.190631100122102e-07
-1.190314223959126e-07
-1.190070358510499e-07
-1.189862116617268e-07
-1.189649698690698e-07
-1.189430091143809e-07
-1.189233341718955e-07
-1.189088108540253e-07
-1.188996087555404e-07
-1.188938054293938e-07
-1.188898223547405e-07
-1.18887594536908e-07
-0.114350916834894
-0.1192240383079816
-0.1199682203104496
-0.1200781483009278
-0.1200942879016182
-0.1200967125410268
-0.1200970851603429
-0.1200971263111112
-0.1200971196736414
-0.1200970896326701
-0.1200970710436788
-0.120097062225843
-0.1200970596519093
-0.120097063491058
-0.1200970477533305
-0.1200970219326147
-0.1200969970665066
-0.1200969759020478
-0.1200969680908139
-0.1200969685755055
-0.1200969654113746
-0.1200969594927428
-0.1200969534320028
-0.1200969414194787
-0.1200969252793223
-0.1200969197205383
-0.1200969295317107
-0.1200969419485481
-0.120096948324411
-0.1200969539678725
-0.1200969632011647
-0.1200969710309594
-0.120096972147065
-0.1200969680101335
-0.1200969648853326
-0.1200969698086255
-0.1200969853667689
-0.1200970059886085
-0.1200970240700693
-0.1200970396467756
-0.1200970570050287
-0.1200970732608367
-0.1200970811378128
-0.1200970842667907
-0.1200970977151463
-0.1200971278471851
-0.1200971610764967
-0.1200971797090234
-0.1200971788517855
-0.1200971347545889
-0.1200967970584052
-0.1200944293244003
-0.1200783456682131
-0.1199684668118989
-0.1192243258080639
-0.1143512394666036
-0.08915977534985994
-0.03520984789450842
-0.006765638026703579
-0.001016861904537938
-0.0001465170385295812
-2.085125763617361e-05
-2.964711725790266e-06
-4.188829051051872e-07
-1.20068724539141e-07
-1.200223501915837e-07
-1.199695069962335e-07
-1.19909176225486e-07
-1.19850427793373e-07
-1.198004214358112e-07
-1.197562949912394e-07
-1.197088440915141e-07
-1.196535619758216e-07
-1.19595805830394e-07
-1.195444139614818e-07
-1.195016723990882e-07
-1.194611882799647e-07
-1.194155385740598e-07
-1.193645637779509e-07
-1.193152281377938e-07
-1.192739235869044e-07
-1.19240085522949e-07
-1.192076479570158e-07
-1.191719164268493e-07
-1.191341342159451e-07
-1.190994143326292e-07
-1.190710933633293e-07
-1.190477667389048e-07
-1.190256099197705e-07
-1.190028143716434e-07
-1.189812699233191e-07
-1.189641439413545e-07
-1.189524197435923e-07
-1.189441483167318e-07
-1.189368996045185e-07
-1.189305699039818e-07
-1.189269048932798e-07
-0.1103863202015241
-0.1185491087133404
-0.1198632890857246
-0.1200618855568317
-0.120091764362039
-0.1200963434415827
-0.1200970597890279
-0.120097157706818
-0.1200971564752493
-0.1200971234029543
-0.1200971060997254
-0.1200971017142434
-0.1200970997610276
-0.1200970987375118
-0.1200970801495518
-0.1200970559867264
-0.1200970336501463
-0.1200970107237979
-0.1200969963427763
-0.1200969908706769
-0.1200969839847129
-0.1200969699157098
-0.1200969488689711
-0.1200969250902429
-0.1200969086601163
-0.1200969065854642
-0.1200969118389966
-0.1200969144234213
-0.1200969178260481
-0.1200969303185033
-0.1200969478877528
-0.1200969599509466
-0.1200969652550147
-0.1200969707320344
-0.1200969803339516
-0.1200969935819268
-0.1200970106718721
-0.1200970325897415
-0.1200970580754024
-0.1200970828789441
-0.1200971007895962
-0.1200971073185514
-0.1200971063823803
-0.1200971108117624
-0.1200971300356965
-0.1200971581953259
-0.1200971805603359
-0.1200971903889537
-0.1200971850720999
-0.120097097036008
-0.1200964265069816
-0.1200919069726476
-0.1200620861342364
-0.1198635473079931
-0.1185494173758474
-0.1103866578979973
-0.07523229830546957
-0.02369859123705967
-0.004177936591841992
-0.0006235733372004565
-9.070458921566132e-05
-1.306309031285911e-05
-1.880268615206431e-06
-2.689513714667941e-07
-1.20065763859051e-07
-1.200189722241488e-07
-1.199656300626167e-07
-1.199097997305992e-07
-1.198590068044651e-07
-1.198148945488993e-07
-1.197716619635035e-07
-1.197228666697102e-07
-1.196688393186112e-07
-1.196162269501668e-07
-1.195704513128514e-07
-1.195298619286194e-07
-1.19488026560643e-07
-1.194411670005521e-07
-1.193922628772887e-07
-1.193476054748986e-07
-1.193101001999648e-07
-1.192767299552522e-07
-1.192424556138963e-07
-1.192057825934388e-07
-1.191699677815761e-07
-1.191390801487051e-07
-1.191136309591519e-07
-1.190904541082043e-07
-1.190665759186997e-07
-1.19042623983488e-07
-1.190221597711961e-07
-1.190078495268581e-07
-1.189986395123626e-07
-1.189908661929311e-07
-1.18982060069278e-07
-1.189736370277591e-07
-1.189688120269346e-07
-0.1031955370414858
-0.1171950261755471
-0.1196435622307813
-0.1200270179427029
-0.1200862085094835
-0.1200954612714939
-0.1200969364603927
-0.1200971574406084
-0.120097179085934
-0.1200971555911385
-0.1200971423567363
-0.1200971372160691
-0.1200971311779603
-0.1200971282082641
-0.120097110278665
-0.1200970832406441
-0.1200970557311786
-0.1200970323867252
-0.1200970210709479
-0.1200970139719281
-0.1200969966793406
-0.1200969679644658
-0.1200969365901308
-0.1200969108193414
-0.120096895841946
-0.1200968916108614
-0.1200968924896815
-0.1200968955375962
-0.1200969044411246
-0.1200969204375778
-0.1200969380892775
-0.1200969543296772
-0.1200969717920651
-0.120096990119115
-0.1200970041328155
-0.1200970140115115
-0.1200970285900722
-0.1200970543722141
-0.1200970865632305
-0.1200971137087531
-0.1200971283502742
-0.1200971327410959
-0.1200971366095008
-0.1200971488521114
-0.1200971692312194
-0.1200971891615321
-0.120097201934765
-0.120097207166703
-0.1200971864911821
-0.1200969781299174
-0.1200955453511283
-0.1200863522563257
-0.1200272277137952
-0.1196438384998864
-0.1171953526817566
-0.103195870654373
-0.05746353530394729
-0.0145503791912034
-0.002408049018716998
-0.0003613934373226993
-5.311926669933206e-05
-7.790613623672416e-06
-1.135213576054625e-06
-1.654032605345277e-07
-1.200592882408633e-07
-1.200129892073363e-07
-1.199628872358143e-07
-1.199147848712837e-07
-1.198716075883163e-07
-1.198305443467037e-07
-1.197862854017728e-07
-1.197369777212481e-07
-1.196863923280235e-07
-1.196398891585602e-07
-1.195986699475904e-07
-1.195586986612499e-07
-1.195153823030679e-07
-1.194687125398938e-07
-1.19423250803952e-07
-1.193832132762062e-07
-1.193482146415442e-07
-1.193141983097819e-07
-1.192782220892856e-07
-1.192417135246899e-07
-1.192087819268453e-07
-1.191816621024087e-07
-1.191583204739794e-07
-1.191347337140754e-07
-1.191093245229898e-07
-1.190848555168747e-07
-1.190658192369229e-07
-1.190539909760301e-07
-1.190466083760042e-07
-1.190389786558671e-07
-1.190289576240142e-07
-1.190191703016043e-07
-1.190136976371511e-07
-0.09068858803172386
-0.1143509731420709
-0.1191577315601667
-0.119947842497091
-0.1200732725204238
-0.1200933089145759
-0.1200965847517308
-0.1200971107988253
-0.1200971888910924
-0.1200971787815463
-0.1200971696558252
-0.1200971671567139
-0.120097160984071
-0.120097152947193
-0.1200971289976475
-0.1200970977649683
-0.1200970713444389
-0.1200970533576986
-0.1200970420949481
-0.120097025699209
-0.1200969957528517
-0.1200969576708796
-0.1200969210577977
-0.1200968922888749
-0.1200968765617168
-0.1200968755569398
-0.1200968837473354
-0.1200968943471687
-0.1200969057653524
-0.120096919786093
-0.120096938898854
-0.1200969647037281
-0.1200969934350695
-0.1200970153658164
-0.1200970253364172
-0.1200970316524378
-0.1200970476861232
-0.1200970763487263
-0.1200971079566106
-0.1200971318460993
-0.120097145912447
-0.1200971557326697
-0.1200971680873015
-0.1200971854400689
-0.1200972046066477
-0.1200972204795905
-0.1200972304387684
-0.1200972278377522
-0.1200971544056486
-0.1200966413205566
-0.120093405840003
-0.1200734302232776
-0.1199480684821875
-0.1191580227044612
-0.1143513035350141
-0.09068889111067403
-0.03867081848358465
-0.008091835164324136
-0.001305522887550888
-0.0001979978026142045
-2.961037679745563e-05
-4.395801206850094e-06
-6.524576521021835e-07
-1.200900477360517e-07
-1.200509286022095e-07
-1.200074928928313e-07
-1.199643811345913e-07
-1.199247381332536e-07
-1.198866739987859e-07
-1.198459295282895e-07
-1.198004415438571e-07
-1.197526781035437e-07
-1.197073379709053e-07
-1.196666798110055e-07
-1.196283223171875e-07
-1.195878826529509e-07
-1.195437140557693e-07
-1.194987341795698e-07
-1.194574351531094e-07
-1.194213129797384e-07
-1.193875864883557e-07
-1.19352489540576e-07
-1.193155445250874e-07
-1.192802581299091e-07
-1.192505279945373e-07
-1.192265504510145e-07
-1.192045012120954e-07
-1.191803594488689e-07
-1.191540492949298e-07
-1.191297785857099e-07
-1.191122142635768e-07
-1.191021510046171e-07
-1.19095756038808e-07
-1.190880659950927e-07
-1.190774657194353e-07
-1.190672637946132e-07
-1.190617355399693e-07
-0.07136688087892987
-0.1083475373236406
-0.1180513444817973
-0.1197592899088401
-0.1200413546690356
-0.1200878859526257
-0.1200956423884047
-0.1200969500993445
-0.1200971710746384
-0.1200971931798711
-0.1200971955788741
-0.1200971955048604
-0.1200971834149164
-0.1200971659258454
-0.1200971391281371
-0.1200971105728903
-0.1200970878408723
-0.120097069840416
-0.1200970522982731
-0.1200970261413286
-0.1200969868605472
-0.1200969402979112
-0.1200968961006966
-0.1200968648492856
-0.120096855674268
-0.1200968668567837
-0.1200968856296248
-0.1200969012096044
-0.1200969134741615
-0.1200969293120083
-0.1200969538509743
-0.1200969855480517
-0.1200970155289506
-0.1200970345886367
-0.1200970439921117
-0.1200970547230447
-0.1200970751880537
-0.1200971029778385
-0.1200971296786692
-0.120097150184589
-0.1200971650710174
-0.1200971776696119
-0.1200971915512256
-0.1200972088160052
-0.120097228514855
-0.120097246440523
-0.1200972548674163
-0.1200972266863222
-0.1200970117241311
-0.1200957151845818
-0.1200880003161564
-0.1200415294571576
-0.1197595310502323
-0.1180516410645091
-0.1083478536868089
-0.07136712489667289
-0.02254976555402858
-0.004177940432684725
-0.0006629355145326693
-0.0001025747952387986
-1.561522228492344e-05
-2.361119086061808e-06
-3.547874122597664e-07
-1.20082854340105e-07
-1.200442190558507e-07
-1.200060690797296e-07
-1.199712272784403e-07
-1.199380415732515e-07
-1.199020932409369e-07
-1.198606899278368e-07
-1.198156637913258e-07
-1.19771747100426e-07
-1.197321998366175e-07
-1.196958810771038e-07
-1.196585956519264e-07
-1.196174014504487e-07
-1.19573628567302e-07
-1.195316208584804e-07
-1.194944916898868e-07
-1.194611877000518e-07
-1.194278152616641e-07
-1.193918601783522e-07
-1.193550137063043e-07
-1.193217336496318e-07
-1.1929494414282e-07
-1.192731192352825e-07
-1.192516360540139e-07
-1.192271412372035e-07
-1.192008039914171e-07
-1.191774151126007e-07
-1.191611810121041e-07
-1.191520566716387e-07
-1.191458742752108e-07
-1.191380598982438e-07
-1.191275756669492e-07
-1.191178442371854e-07
-1.19112767204418e-07
-0.04784167391138762
-0.09628117930498649
-0.1153933608067134
-0.1192859092220005
-0.1199585253439993
-0.1200733235358421
-0.1200930091468976
-0.1200964754739788
-0.1200970940563026
-0.1200971990621149
-0.1200972158134496
-0.1200972151169555
-0.1200971995977359
-0.1200971764707347
-0.1200971493965642
-0.120097122944288
-0.1200970998160293
-0.1200970800236406
-0.1200970569937677
-0.1200970208650853
-0.1200969691269364
-0.1200969114983104
-0.1200968629667594
-0.1200968374039247
-0.120096839760806
-0.1200968614004391
-0.1200968866578408
-0.1200969068413228
-0.1200969252850458
-0.1200969469827357
-0.1200969739475621
-0.1200970034240954
-0.1200970294428676
-0.1200970493906657
-0.1200970659843377
-0.1200970850909551
-0.1200971091612078
-0.1200971349845842
-0.1200971583770856
-0.1200971764261951
-0.1200971880469113
-0.1200971952859363
-0.1200972036070623
-0.120097218716355
-0.1200972405553409
-0.1200972603178785
-0.1200972570518127
-0.1200971545762513
-0.120096548832365
-0.12009310199088
-0.1200734560024143
-0.1199587134276105
-0.119286154173172
-0.1153936453214187
-0.09628145221134898
-0.04784184054044104
-0.01155523093961275
-0.001996782303517913
-0.0003196546044973371
-5.025871372302046e-05
-7.790693991748376e-06
-1.199883050722021e-06
-1.836518427249704e-07
-1.200738849930385e-07
-1.200409636328145e-07
-1.20010096340938e-07
-1.199819608348607e-07
-1.199522585569172e-07
-1.199169056195596e-07
-1.198760180683592e-07
-1.198339011889881e-07
-1.197951106706927e-07
-1.197604010963092e-07
-1.197263714399245e-07
-1.196890235130919e-07
-1.196477352342358e-07
-1.196058711992818e-07
-1.195675780652642e-07
-1.195339488202976e-07
-1.195022292527947e-07
-1.194687419768631e-07
-1.194326657711902e-07
-1.193970616869249e-07
-1.193661876552238e-07
-1.193416255800659e-07
-1.193208177968106e-07
-1.192993579855327e-07
-1.192749558288702e-07
-1.192495268392179e-07
-1.192275943600375e-07
-1.192124685343789e-07
-1.192035457349042e-07
-1.191969851278862e-07
-1.191890585013143e-07
-1.191792351397716e-07
-1.191705814760893e-07
-1.191662612315518e-07
-0.02637959207357805
-0.0752321294063613
-0.1091074779671678
-0.1180514281358459
-0.1197335410182036
-0.1200321231322807
-0.1200853821381356
-0.1200950366165718
-0.1200968258159482
-0.1200971644744448
-0.1200972250263249
-0.1200972313892335
-0.120097214945457
-0.1200971873309077
-0.1200971592224658
-0.1200971328469785
-0.1200971114149075
-0.1200970892487286
-0.1200970572296386
-0.1200970064022004
-0.120096942105453
-0.1200968782447743
-0.1200968321202282
-0.1200968144994206
-0.1200968240495947
-0.1200968496983365
-0.1200968793892489
-0.1200969096819585
-0.1200969372088904
-0.1200969639366106
-0.120096990587992
-0.1200970157443021
-0.1200970412541442
-0.1200970661347314
-0.1200970910505667
-0.1200971160214342
-0.1200971404823764
-0.1200971657406998
-0.120097188476415
-0.1200972031328632
-0.1200972076132943
-0.1200972063525052
-0.1200972096433354
-0.1200972242830686
-0.1200972462319891
-0.1200972582861909
-0.1200972105012283
-0.1200968837795869
-0.1200951191787688
-0.1200854883029401
-0.1200322708346579
-0.1197337390354869
-0.1180516615762128
-0.109107728059113
-0.07523233405876403
-0.02637968561047199
-0.005323823274365993
-0.0008999892801473382
-0.0001465179049957019
-2.343735925714525e-05
-3.700058951004741e-06
-5.840454438646118e-07
-1.200929476844689e-07
-1.200685798369077e-07
-1.200428203306271e-07
-1.200184738537481e-07
-1.199943146513688e-07
-1.199663124253361e-07
-1.199321341848356e-07
-1.198938137760421e-07
-1.198561517495766e-07
-1.198222568909322e-07
-1.197907404679729e-07
-1.197574594242971e-07
-1.197199021586234e-07
-1.196797027003015e-07
-1.196409812743258e-07
-1.19606472114605e-07
-1.195752627751686e-07
-1.195440468613865e-07
-1.195104366454421e-07
-1.194752486839772e-07
-1.194418626581016e-07
-1.194133770121784e-07
-1.193900616765473e-07
-1.193692232927882e-07
-1.193475308904846e-07
-1.19323833941854e-07
-1.193001476245396e-07
-1.192800282648329e-07
-1.19265719939452e-07
-1.19256436083092e-07
-1.192491497533164e-07
-1.192411659704205e-07
-1.19232296382011e-07
-1.192249601401071e-07
-1.192214701416462e-07
-0.01221402299338498
-0.04784172179506403
-0.09496238436714056
-0.114710354169549
-0.1190926386891131
-0.1199109986705169
-0.1200620447827213
-0.1200904351916265
-0.1200959103745289
-0.1200969957963127
-0.1200972082377576
-0.1200972425806974
-0.1200972251593597
-0.1200971967769918
-0.1200971688811969
-0.1200971472337528
-0.1200971242221135
-0.1200970968623644
-0.1200970484887384
-0.1200969865353366
-0.1200969153001565
-0.1200968508959035
-0.1200968059672287
-0.1200967888534988
-0.1200968016479816
-0.1200968286837161
-0.120096867261895
-0.1200969057359072
-0.1200969440128516
-0.1200969774443918
-0.1200970042168865
-0.1200970319089485
-0.1200970558661811
-0.120097083031191
-0.1200971133790154
-0.1200971401696454
-0.1200971637472722
-0.120097183162571
-0.1200972026716634
-0.1200972183060395
-0.120097221316557
-0.1200972175702871
-0.120097218358681
-0.1200972299281538
-0.1200972444852377
-0.120097223915241
-0.1200970266220785
-0.1200959668546431
-0.120090525933197
-0.1200621695812422
-0.1199111613056065
-0.1190928364882364
-0.1147105662121117
-0.09496258119407551
-0.04784184669209922
-0.01221406733945439
-0.002267043324243963
-0.0003842585955157511
-6.349216789983891e-05
-1.040338794805078e-05
-1.683154022669644e-06
-2.689654434602453e-07
-1.200884111009731e-07
-1.200701605021056e-07
-1.20050055199238e-07
-1.200291505581175e-07
-1.200071824196773e-07
-1.199815387032128e-07
-1.199500931558714e-07
-1.199150603665746e-07
-1.198815461730938e-07
-1.198518182363373e-07
-1.198227339500963e-07
-1.197896860134041e-07
-1.197520373931692e-07
-1.197136923689879e-07
-1.196788078541617e-07
-1.196478964733477e-07
-1.196181256079102e-07
-1.195866280897458e-07
-1.195531211018627e-07
-1.195197829351433e-07
-1.194892537299046e-07
-1.194627784221945e-07
-1.194396776781638e-07
-1.194180907386399e-07
-1.193963278040006e-07
-1.193740626498648e-07
-1.193526572756586e-07
-1.193342880834532e-07
-1.193203582395138e-07
-1.193103918481139e-07
-1.19302400458981e-07
-1.192945319487361e-07
-1.192866435434028e-07
-1.192804803747783e-07
-1.192776601844768e-07
-0.005019341328764026
-0.02369855251593466
-0.06957518524452486
-0.1060123882441777
-0.1171952375239708
-0.1195318217916327
-0.1199867989834392
-0.1200750831631648
-0.1200927264319727
-0.1200963291818929
-0.1200970846770655
-0.1200972213510219
-0.1200972334571874
-0.1200972035343134
-0.1200971843229213
-0.1200971587819495
-0.1200971439279785
-0.120097099079759
-0.1200970464294044
-0.1200969676536113
-0.1200968960311994
-0.1200968315460796
-0.1200967774988747
-0.1200967608100258
-0.1200967642942753
-0.1200968107159577
-0.1200968530757533
-0.1200969010458392
-0.1200969489170378
-0.1200969850346195
-0.1200970282228638
-0.1200970539318575
-0.1200970754447599
-0.1200970948115417
-0.120097121231464
-0.120097163506981
-0.1200971896841882
-0.1200971942570011
-0.1200971906764334
-0.1200972049248343
-0.1200972400069872
-0.120097258454216
-0.1200972536042734
-0.1200972374341845
-0.1200972014052453
-0.1200970590473658
-0.1200963353106595
-0.12009276887926
-0.1200751815274052
-0.1199869438137408
-0.1195319997585989
-0.1171954331579696
-0.10601257225899
-0.0695753137860675
-0.02369860735131693
-0.005019360290910093
-0.0008999888436605619
-0.0001558052462691776
-2.63436201002321e-05
-4.395767837913512e-06
-7.288732613066033e-07
-1.200937094589643e-07
-1.200886687367365e-07
-1.200796923421212e-07
-1.200608186469446e-07
-1.200390849896858e-07
-1.200212465605297e-07
-1.20001976052908e-07
-1.199731639353509e-07
-1.199380199154208e-07
-1.199070622917712e-07
-1.198831907732315e-07
-1.198583145094912e-07
-1.198248889800794e-07
-1.197854217833872e-07
-1.19748503287514e-07
-1.197184954161585e-07
-1.196919214664499e-07
-1.196630232044615e-07
-1.196302713440464e-07
-1.195967849696705e-07
-1.1956604829207e-07
-1.195387869948196e-07
-1.195137254838189e-07
-1.194898996817373e-07
-1.194673815456035e-07
-1.1944630251369e-07
-1.194262547616825e-07
-1.19407053609325e-07
-1.193896064676767e-07
-1.19375390380848e-07
-1.193649092264094e-07
-1.193569447770821e-07
-1.1934963820082e-07
-1.193423807746919e-07
-1.193366030842689e-07
-1.193342540647017e-07
