FiniteElementSpace
FiniteElementCollection: H1_2D_P1
VDim: 1
Ordering: 0

-3.168666501852686e-07
-3.168666314497793e-07
-3.168666141320791e-07
-3.168666005666603e-07
-3.168665905411599e-07
-3.168665834611787e-07
-3.168665738487597e-07
-3.168665594182064e-07
-3.168665437910895e-07
-3.168665314132923e-07
-3.168665213320255e-07
-3.168665104782837e-07
-3.168664987569322e-07
-3.168664894562587e-07
-3.16866484029597e-07
-3.168664803912498e-07
-3.168664764526356e-07
-3.168664715947129e-07
-3.168664663992156e-07
-3.168664618903013e-07
-3.168664588464333e-07
-3.168664574445334e-07
-3.16866456877014e-07
-3.168664558656171e-07
-3.168664538525334e-07
-3.168664511446577e-07
-3.168664484448059e-07
-3.168664462730281e-07
-3.16866444969782e-07
-3.168664449091034e-07
-3.168664464356486e-07
-3.168664497999627e-07
-3.16866454949541e-07
-3.168664614550488e-07
-3.168664686537245e-07
-3.168664764347992e-07
-3.168664851590747e-07
-3.168664947673714e-07
-3.168665045677272e-07
-3.168665143379976e-07
-3.168665245147759e-07
-3.168665350932601e-07
-3.168665454606589e-07
-3.168665554979174e-07
-3.168665658157841e-07
-3.168665765415226e-07
-3.168665870906351e-07
-3.168665973340276e-07
-3.168666078000203e-07
-3.168666186336976e-07
-3.168666293899651e-07
-3.168666399873368e-07
-3.168666509619176e-07
-3.168666624297126e-07
-3.168666739126402e-07
-3.168666853426534e-07
-3.168666972096783e-07
-3.168667096069509e-07
-3.168667220235266e-07
-3.168667343546303e-07
-3.168667471298414e-07
-3.168667604623555e-07
-3.168667738007194e-07
-3.168667870279902e-07
-3.168668007044861e-07
-3.168668149717762e-07
-3.168668292542811e-07
-3.168668433843375e-07
-3.168668579005799e-07
-3.168668729017531e-07
-3.168668877479071e-07
-3.168669022639672e-07
-3.168669170359816e-07
-3.168669322064335e-07
-3.168669471544141e-07
-3.168669617599011e-07
-3.168669767293018e-07
-3.168669922902773e-07
-3.168670078109675e-07
-3.168670231204183e-07
-3.16867038880301e-07
-3.168670552577083e-07
-3.168670715236516e-07
-3.16867087415658e-07
-3.168671035277903e-07
-3.168671199290539e-07
-3.168671357375337e-07
-3.168671504994563e-07
-3.168671646727112e-07
-3.168671783127433e-07
-3.168671906236189e-07
-3.168672011349634e-07
-3.168672102270875e-07
-3.168672180288923e-07
-3.168672239381399e-07
-3.168672272659301e-07
-3.16867227735101e-07
-3.168666501852686e-07
-3.168666306644246e-07
-3.168666127907498e-07
-3.168666001576201e-07
-3.168665922685525e-07
-3.168665855374328e-07
-3.168665737049387e-07
-3.168665576077256e-07
-3.168665426812463e-07
-3.168665320219626e-07
-3.168665215694966e-07
-3.168665092359898e-07
-3.168664974039589e-07
-3.168664891048814e-07
-3.168664845698796e-07
-3.168664809858283e-07
-3.168664766647047e-07
-3.168664715533409e-07
-3.168664661655497e-07
-3.1686646169253e-07
-3.168664590851938e-07
-3.168664581253706e-07
-3.168664576499303e-07
-3.168664563201976e-07
-3.168664538890934e-07
-3.168664509205597e-07
-3.168664481188723e-07
-3.168664458950109e-07
-3.168664445128061e-07
-3.168664443995942e-07
-3.168664458879019e-07
-3.168664494249587e-07
-3.168664548645104e-07
-3.168664614421601e-07
-3.168664683997113e-07
-3.1686647615072e-07
-3.16866485162617e-07
-3.168664948514464e-07
-3.168665043867934e-07
-3.168665141000151e-07
-3.16866524556203e-07
-3.168665351579634e-07
-3.168665452204663e-07
-3.168665551827082e-07
-3.168665657598382e-07
-3.168665765511594e-07
-3.168665868287794e-07
-3.16866596984161e-07
-3.168666076790811e-07
-3.168666185182069e-07
-3.168666290054774e-07
-3.168666395449169e-07
-3.168666507454164e-07
-3.16866662250635e-07
-3.168666734751732e-07
-3.168666848600205e-07
-3.168666969951772e-07
-3.168667094459044e-07
-3.168667215976647e-07
-3.168667338910306e-07
-3.168667469673351e-07
-3.168667603916782e-07
-3.168667734711926e-07
-3.168667866686233e-07
-3.168668006847964e-07
-3.168668150727459e-07
-3.168668291118343e-07
-3.168668432353097e-07
-3.168668581190144e-07
-3.16866873248176e-07
-3.168668878239457e-07
-3.168669023122637e-07
-3.168669174517737e-07
-3.16866932725967e-07
-3.168669473471332e-07
-3.168669618784908e-07
-3.16866977206777e-07
-3.168669928813954e-07
-3.168670080769635e-07
-3.168670233241398e-07
-3.168670394813955e-07
-3.168670560148302e-07
-3.168670719871841e-07
-3.168670878506048e-07
-3.168671044284533e-07
-3.168671210826106e-07
-3.168671366890108e-07
-3.168671514342044e-07
-3.168671660416478e-07
-3.168671799479394e-07
-3.168671921189116e-07
-3.168672025519375e-07
-3.168672119382678e-07
-3.168672200219166e-07
-3.168672259932845e-07
-3.168672293642145e-07
-3.168672301755533e-07
-3.168666501852686e-07
-3.168666340500221e-07
-3.168666190961589e-07
-3.168666054854648e-07
-3.168665932560334e-07
-3.168665822668176e-07
-3.168665702564005e-07
-3.168665565683371e-07
-3.168665425187867e-07
-3.168665305991901e-07
-3.168665198224059e-07
-3.168665097854786e-07
-3.168665009059498e-07
-3.168664933106123e-07
-3.16866487236966e-07
-3.16866481994835e-07
-3.168664773588738e-07
-3.16866473383689e-07
-3.168664697145047e-07
-3.168664664761799e-07
-3.168664638819349e-07
-3.168664616513589e-07
-3.168664593503638e-07
-3.168664565257819e-07
-3.168664533319683e-07
-3.168664502487694e-07
-3.168664477070191e-07
-3.168664459301518e-07
-3.168664450169026e-07
-3.168664452725319e-07
-3.168664469794709e-07
-3.168664505946937e-07
-3.168664559402354e-07
-3.168664623028934e-07
-3.168664690894638e-07
-3.168664767397251e-07
-3.168664855573413e-07
-3.168664949294152e-07
-3.168665042119357e-07
-3.168665137633021e-07
-3.168665240007979e-07
-3.168665343438724e-07
-3.168665442947113e-07
-3.168665542617924e-07
-3.168665647263375e-07
-3.168665752888279e-07
-3.168665854289184e-07
-3.168665955368984e-07
-3.168666061002034e-07
-3.168666167305036e-07
-3.168666271279764e-07
-3.168666376917596e-07
-3.168666488325611e-07
-3.168666602130534e-07
-3.168666714437821e-07
-3.168666829498272e-07
-3.168666951207301e-07
-3.168667075362442e-07
-3.168667198093444e-07
-3.168667323806732e-07
-3.168667456587083e-07
-3.168667592102261e-07
-3.168667725801055e-07
-3.168667862267396e-07
-3.168668005942121e-07
-3.168668152164981e-07
-3.168668296173004e-07
-3.168668442293737e-07
-3.16866859459321e-07
-3.168668747826887e-07
-3.16866889668387e-07
-3.168669045868722e-07
-3.168669199983249e-07
-3.168669353811827e-07
-3.168669502420198e-07
-3.168669651577352e-07
-3.168669807159478e-07
-3.168669964545639e-07
-3.16867011864307e-07
-3.168670275126662e-07
-3.168670439628049e-07
-3.16867060665039e-07
-3.168670769990051e-07
-3.168670934443302e-07
-3.168671105065248e-07
-3.168671274959113e-07
-3.168671435772222e-07
-3.168671589629698e-07
-3.168671740823338e-07
-3.168671883053642e-07
-3.168672008499335e-07
-3.168672117697087e-07
-3.168672215488621e-07
-3.168672298445021e-07
-3.168672360010561e-07
-3.168672396665634e-07
-3.168672407676611e-07
-3.168666501852686e-07
-3.168666375205083e-07
-3.16866623617761e-07
-3.16866607962179e-07
-3.1686659292946e-07
-3.16866580867051e-07
-3.168665692389675e-07
-3.168665559558433e-07
-3.16866541906082e-07
-3.168665306245442e-07
-3.168665218477831e-07
-3.168665142800954e-07
-3.168665066303283e-07
-3.168664982895178e-07
-3.168664904308466e-07
-3.168664840207531e-07
-3.168664797856362e-07
-3.168664774394085e-07
-3.168664754668715e-07
-3.168664729035214e-07
-3.168664695683158e-07
-3.168664655701347e-07
-3.168664612595237e-07
-3.168664568796516e-07
-3.168664528881991e-07
-3.168664496896909e-07
-3.168664474621427e-07
-3.168664461703432e-07
-3.168664457264504e-07
-3.16866446325722e-07
-3.168664482164767e-07
-3.168664518646986e-07
-3.168664571171534e-07
-3.1686646330325e-07
-3.168664698877208e-07
-3.168664773384052e-07
-3.168664859304295e-07
-3.168664950307056e-07
-3.168665040323625e-07
-3.168665133414252e-07
-3.168665233671832e-07
-3.16866533500492e-07
-3.16866543245412e-07
-3.168665530158777e-07
-3.168665632741721e-07
-3.168665736143632e-07
-3.168665835497422e-07
-3.168665934917943e-07
-3.16866603901459e-07
-3.168666143664112e-07
-3.168666246076598e-07
-3.168666350542148e-07
-3.168666461196826e-07
-3.168666574632814e-07
-3.168666687045634e-07
-3.168666802673882e-07
-3.168666925258895e-07
-3.168667050655813e-07
-3.168667175248835e-07
-3.168667303431725e-07
-3.168667439018975e-07
-3.168667577620071e-07
-3.168667714905805e-07
-3.168667855492e-07
-3.168668003599574e-07
-3.168668154530797e-07
-3.168668303623121e-07
-3.168668454984434e-07
-3.168668612246927e-07
-3.168668770084306e-07
-3.168668923408758e-07
-3.168669076877562e-07
-3.168669234826265e-07
-3.168669392128687e-07
-3.168669544194903e-07
-3.168669696748803e-07
-3.168669855333475e-07
-3.168670015417799e-07
-3.168670172435486e-07
-3.168670332328132e-07
-3.168670500671527e-07
-3.168670672157643e-07
-3.168670840975528e-07
-3.168671011876913e-07
-3.168671189448731e-07
-3.168671366578357e-07
-3.168671534988124e-07
-3.168671696574651e-07
-3.168671855059958e-07
-3.168672003912967e-07
-3.168672135520121e-07
-3.1686722505185e-07
-3.16867235350333e-07
-3.168672440886234e-07
-3.168672506056831e-07
-3.168672545163536e-07
-3.168672560441309e-07
-3.168666501852686e-07
-3.168666390081069e-07
-3.168666252280452e-07
-3.168666083895677e-07
-3.168665918056145e-07
-3.168665785256503e-07
-3.168665663900387e-07
-3.168665535152417e-07
-3.168665408265569e-07
-3.168665315138723e-07
-3.168665245815909e-07
-3.168665179813462e-07
-3.168665101703168e-07
-3.168665008960021e-07
-3.168664921052207e-07
-3.168664856154652e-07
-3.168664824052724e-07
-3.168664815981652e-07
-3.168664806763706e-07
-3.168664780142426e-07
-3.168664735276085e-07
-3.168664678519945e-07
-3.168664619600181e-07
-3.168664565001624e-07
-3.168664520266954e-07
-3.168664487950847e-07
-3.168664467670942e-07
-3.168664457706822e-07
-3.168664456244977e-07
-3.168664464679566e-07
-3.168664484949404e-07
-3.168664521500632e-07
-3.168664573179259e-07
-3.168664633805073e-07
-3.168664698354163e-07
-3.168664771387062e-07
-3.168664855522328e-07
-3.168664944573334e-07
-3.168665033009112e-07
-3.168665124960382e-07
-3.168665223885629e-07
-3.168665323200717e-07
-3.168665418223517e-07
-3.168665513550745e-07
-3.168665613860569e-07
-3.168665715161894e-07
-3.168665812700737e-07
-3.168665910632505e-07
-3.16866601327814e-07
-3.168666116337059e-07
-3.168666217130695e-07
-3.168666320334113e-07
-3.168666430434276e-07
-3.1686665439712e-07
-3.168666656890805e-07
-3.168666773354493e-07
-3.168666897324003e-07
-3.16866702475393e-07
-3.16866715167862e-07
-3.168667282341351e-07
-3.168667420672423e-07
-3.168667562332427e-07
-3.168667702763563e-07
-3.168667846647071e-07
-3.16866799884651e-07
-3.168668154906209e-07
-3.168668309590705e-07
-3.168668466502222e-07
-3.168668629326409e-07
-3.168668792726951e-07
-3.168668951138705e-07
-3.168669108999488e-07
-3.168669271110522e-07
-3.168669432665698e-07
-3.168669588686488e-07
-3.168669744576796e-07
-3.168669906166167e-07
-3.168670069181069e-07
-3.168670228846929e-07
-3.168670391372049e-07
-3.168670563352576e-07
-3.168670740065183e-07
-3.168670915167412e-07
-3.168671092990938e-07
-3.168671278549196e-07
-3.168671464860718e-07
-3.168671642787793e-07
-3.168671813407959e-07
-3.168671980515281e-07
-3.168672137674068e-07
-3.168672276922172e-07
-3.168672398607275e-07
-3.168672507689668e-07
-3.168672600996701e-07
-3.168672671780392e-07
-3.168672714281889e-07
-3.168672727425907e-07
-3.168666501852686e-07
-3.168666398074355e-07
-3.168666263801194e-07
-3.168666085758294e-07
-3.168665901885608e-07
-3.168665747262518e-07
-3.168665613291383e-07
-3.168665488650087e-07
-3.168665378878306e-07
-3.16866530121491e-07
-3.168665236912767e-07
-3.168665168304905e-07
-3.168665087659409e-07
-3.168664996353771e-07
-3.168664912378653e-07
-3.16866485592796e-07
-3.168664836923703e-07
-3.168664840116414e-07
-3.168664834299542e-07
-3.168664801924515e-07
-3.16866474678327e-07
-3.168664679819486e-07
-3.168664614362191e-07
-3.168664556821589e-07
-3.168664510875704e-07
-3.168664477893143e-07
-3.168664456735138e-07
-3.168664446597118e-07
-3.168664446147917e-07
-3.16866445619478e-07
-3.168664477441415e-07
-3.168664513944983e-07
-3.1686645652587e-07
-3.168664625583976e-07
-3.168664690002401e-07
-3.168664762388348e-07
-3.168664845304157e-07
-3.168664933344709e-07
-3.168665021742651e-07
-3.1686651137715e-07
-3.168665211598695e-07
-3.168665308827855e-07
-3.168665401742728e-07
-3.168665495334682e-07
-3.168665593872841e-07
-3.168665693463206e-07
-3.168665789259537e-07
-3.168665885632871e-07
-3.168665986754193e-07
-3.168666088122461e-07
-3.168666187262622e-07
-3.168666289501254e-07
-3.168666399672552e-07
-3.168666513851588e-07
-3.168666627733466e-07
-3.168666745713185e-07
-3.168666871909453e-07
-3.168667001882123e-07
-3.168667130679693e-07
-3.168667263105855e-07
-3.168667403752495e-07
-3.168667547664084e-07
-3.168667689775581e-07
-3.168667835651301e-07
-3.1686679914661e-07
-3.16866815247474e-07
-3.168668312287629e-07
-3.168668474591247e-07
-3.168668643563959e-07
-3.168668813069992e-07
-3.168668976453639e-07
-3.16866913863455e-07
-3.168669305509925e-07
-3.168669471928245e-07
-3.168669631805855e-07
-3.168669790841735e-07
-3.168669955605128e-07
-3.168670121246888e-07
-3.168670282206957e-07
-3.168670446237425e-07
-3.168670621963475e-07
-3.16867080429452e-07
-3.168670985412006e-07
-3.168671170212049e-07
-3.168671365140325e-07
-3.168671562361274e-07
-3.16867175078137e-07
-3.168671931100778e-07
-3.168672108026981e-07
-3.168672274665565e-07
-3.168672422083579e-07
-3.168672550402307e-07
-3.168672665897687e-07
-3.168672766454715e-07
-3.168672845860003e-07
-3.168672894361577e-07
-3.168672904674428e-07
-3.168666501852686e-07
-3.16866640599412e-07
-3.168666275486707e-07
-3.168666090465537e-07
-3.168665887729624e-07
-3.168665709798224e-07
-3.168665557171026e-07
-3.168665431396623e-07
-3.168665329672712e-07
-3.168665251141734e-07
-3.168665176245294e-07
-3.168665102583871e-07
-3.168665031100648e-07
-3.168664957032226e-07
-3.168664889596964e-07
-3.168664849177956e-07
-3.168664845749488e-07
-3.168664857660434e-07
-3.168664851087378e-07
-3.168664811595407e-07
-3.168664749269494e-07
-3.168664677822332e-07
-3.168664611112557e-07
-3.168664553523692e-07
-3.168664506738869e-07
-3.168664471920511e-07
-3.168664448249387e-07
-3.168664436944264e-07
-3.168664437654465e-07
-3.168664449923427e-07
-3.168664472532475e-07
-3.16866450921908e-07
-3.168664560475687e-07
-3.168664620730418e-07
-3.168664684717602e-07
-3.16866475563961e-07
-3.168664836279633e-07
-3.168664922046267e-07
-3.168665008356942e-07
-3.168665097643521e-07
-3.168665191716347e-07
-3.168665285035328e-07
-3.168665374557836e-07
-3.168665465265997e-07
-3.168665560985366e-07
-3.16866565791602e-07
-3.168665751107801e-07
-3.168665845131421e-07
-3.168665944061375e-07
-3.16866604325964e-07
-3.168666140815748e-07
-3.168666242746651e-07
-3.16866635378879e-07
-3.168666469268379e-07
-3.168666585099053e-07
-3.168666706339007e-07
-3.168666836649137e-07
-3.168666970480223e-07
-3.168667102277588e-07
-3.168667237940797e-07
-3.168667382344542e-07
-3.168667529239221e-07
-3.168667673692808e-07
-3.168667823117242e-07
-3.168667984590926e-07
-3.168668152290226e-07
-3.168668319102608e-07
-3.168668489553225e-07
-3.168668667842326e-07
-3.168668846110227e-07
-3.168669017007457e-07
-3.168669186820136e-07
-3.168669362106728e-07
-3.168669536413523e-07
-3.168669702902134e-07
-3.168669868405715e-07
-3.168670039720492e-07
-3.168670210574043e-07
-3.168670375449808e-07
-3.168670544865187e-07
-3.168670728865206e-07
-3.168670920738317e-07
-3.168671111763473e-07
-3.168671308575244e-07
-3.16867151842278e-07
-3.168671731165979e-07
-3.168671933789606e-07
-3.168672127466324e-07
-3.168672317574684e-07
-3.168672495869177e-07
-3.168672652271963e-07
-3.168672787082619e-07
-3.168672908078611e-07
-3.168673013689105e-07
-3.168673098244078e-07
-3.168673152865436e-07
-3.16867316831136e-07
-3.168666501852686e-07
-3.168666399888674e-07
-3.16866625992481e-07
-3.168666071562391e-07
-3.168665866105388e-07
-3.168665665142971e-07
-3.168665497092344e-07
-3.168665368023265e-07
-3.168665261118701e-07
-3.168665161771398e-07
-3.168665069369894e-07
-3.168665010924722e-07
-3.168664974433305e-07
-3.168664927728367e-07
-3.168664875805154e-07
-3.168664851583029e-07
-3.168664867050358e-07
-3.168664889075135e-07
-3.168664878507267e-07
-3.168664829657129e-07
-3.168664760665236e-07
-3.168664686056238e-07
-3.168664615776464e-07
-3.168664554725324e-07
-3.168664506217797e-07
-3.168664470404749e-07
-3.168664445442277e-07
-3.168664434249818e-07
-3.168664438251447e-07
-3.168664454600345e-07
-3.168664479016951e-07
-3.168664515506802e-07
-3.168664566554052e-07
-3.168664626552408e-07
-3.168664689732545e-07
-3.168664758487496e-07
-3.168664835541379e-07
-3.168664914890967e-07
-3.168664993088389e-07
-3.168665074563771e-07
-3.168665162004085e-07
-3.168665248737677e-07
-3.168665331211069e-07
-3.168665415863632e-07
-3.168665506819757e-07
-3.168665599172497e-07
-3.168665687417327e-07
-3.16866577748563e-07
-3.168665873794441e-07
-3.168665970591311e-07
-3.168666066017837e-07
-3.168666167661585e-07
-3.168666280648214e-07
-3.168666398748681e-07
-3.168666517473689e-07
-3.168666643731273e-07
-3.168666781041609e-07
-3.168666921441374e-07
-3.168667058421642e-07
-3.168667200254054e-07
-3.168667352388268e-07
-3.168667505880312e-07
-3.168667655213406e-07
-3.16866781139044e-07
-3.168667983284993e-07
-3.168668162367373e-07
-3.168668339841074e-07
-3.168668522771976e-07
-3.168668716293698e-07
-3.168668909108449e-07
-3.168669092036335e-07
-3.168669274505723e-07
-3.168669464783117e-07
-3.168669653271272e-07
-3.168669831219867e-07
-3.168670008528109e-07
-3.16867019343475e-07
-3.16867037652693e-07
-3.16867055127954e-07
-3.168670732917479e-07
-3.168670933982179e-07
-3.168671144220944e-07
-3.168671352713722e-07
-3.168671569458348e-07
-3.168671803485561e-07
-3.168672040223075e-07
-3.168672263127239e-07
-3.16867247505631e-07
-3.16867268341553e-07
-3.168672877082231e-07
-3.168673043515298e-07
-3.168673184026659e-07
-3.168673307438243e-07
-3.168673409441712e-07
-3.168673483208733e-07
-3.168673529032697e-07
-3.168673548895681e-07
-3.168666501852686e-07
-3.168666372175497e-07
-3.168666222626982e-07
-3.168666078756707e-07
-3.168665856235554e-07
-3.168665627604235e-07
-3.168665444474868e-07
-3.168665323026908e-07
-3.168665191996843e-07
-3.168665027784513e-07
-3.168664936454694e-07
-3.168664945812196e-07
-3.168664973470225e-07
-3.168664934858514e-07
-3.168664858217508e-07
-3.168664840530171e-07
-3.168664893099609e-07
-3.168664932104984e-07
-3.168664908561229e-07
-3.168664840985969e-07
-3.168664769910186e-07
-3.168664695769144e-07
-3.168664615272111e-07
-3.168664548052877e-07
-3.168664495353996e-07
-3.168664465782793e-07
-3.168664439116355e-07
-3.168664431382426e-07
-3.1686644346783e-07
-3.16866446014985e-07
-3.168664485057095e-07
-3.16866452267804e-07
-3.168664569142061e-07
-3.168664634376788e-07
-3.168664699131066e-07
-3.168664770820613e-07
-3.16866484318598e-07
-3.168664913043158e-07
-3.168664975695602e-07
-3.168665044630384e-07
-3.168665126800183e-07
-3.168665207746789e-07
-3.168665277759587e-07
-3.168665350718832e-07
-3.168665438509026e-07
-3.168665527121465e-07
-3.168665605799444e-07
-3.168665687402659e-07
-3.168665783961545e-07
-3.168665881606805e-07
-3.168665969703352e-07
-3.168666067057328e-07
-3.168666187182265e-07
-3.168666312690725e-07
-3.168666430435545e-07
-3.168666558247359e-07
-3.168666710319362e-07
-3.16866686352473e-07
-3.168667001568294e-07
-3.168667147234824e-07
-3.168667317790217e-07
-3.16866748670689e-07
-3.168667635650316e-07
-3.168667795133215e-07
-3.168667988990357e-07
-3.16866818937984e-07
-3.168668372948867e-07
-3.168668565665776e-07
-3.168668787584602e-07
-3.168669006224007e-07
-3.168669196494333e-07
-3.168669388655901e-07
-3.168669607919387e-07
-3.16866982283663e-07
-3.168670007813749e-07
-3.168670194433638e-07
-3.168670408662349e-07
-3.168670617296669e-07
-3.168670797061563e-07
-3.168670988156561e-07
-3.168671223595187e-07
-3.168671468460139e-07
-3.168671691617482e-07
-3.16867192652938e-07
-3.16867220120131e-07
-3.168672478039602e-07
-3.168672718687544e-07
-3.168672945560657e-07
-3.168673181707921e-07
-3.168673400972898e-07
-3.168673572961623e-07
-3.168673713270769e-07
-3.168673840373266e-07
-3.16867392899955e-07
-3.168673957731346e-07
-3.168673957158311e-07
-3.16867394828854e-07
