FiniteElementSpace
FiniteElementCollection: H1_2D_P1
VDim: 1
Ordering: 0

-3.168666501852686e-07
-3.168666413253604e-07
-3.168666234197735e-07
-3.168665983561171e-07
-3.168665659383712e-07
-3.168665326178132e-07
-3.168665059286285e-07
-3.168664891611361e-07
-3.168664737797117e-07
-3.168664548550356e-07
-3.168664426058424e-07
-7.927650344544924e-07
-1.923068106171412e-06
-4.440810993527403e-06
-9.762148619095858e-06
-2.055478665428085e-05
-4.11989718425001e-05
-7.812395685348791e-05
-0.0001401504277279806
-0.0002393167070261465
-0.0003865737364605719
-0.0005870737465502749
-0.0008433791922059372
-0.001146134791381246
-0.001455594763069389
-0.001749095878878628
-0.001976748344151979
-0.002101383265266443
-0.002101383271495521
-0.001976748361897433
-0.001749095907515645
-0.001455594800310418
-0.001146134831322537
-0.0008433792271174726
-0.0005870737733778481
-0.0003865737565006206
-0.0002393167211606694
-0.0001401504372299322
-7.812396245934329e-05
-4.119897499156739e-05
-2.055478820816543e-05
-9.762149315478744e-06
-4.440811274466604e-06
-1.923068236989555e-06
-7.927650947509001e-07
-3.168664665269004e-07
-3.168664715516428e-07
-3.168664779545175e-07
-3.168664841325943e-07
-3.168664899927925e-07
-3.168664980212055e-07
-3.168665084140597e-07
-3.168665196152419e-07
-3.168665306696014e-07
-3.168665445538315e-07
-3.168665646763201e-07
-3.16866589415489e-07
-3.16866612319424e-07
-3.168666355667417e-07
-3.168666613487702e-07
-3.168666912410836e-07
-3.168667171573244e-07
-3.168667381484991e-07
-3.168667600273086e-07
-3.168667872275585e-07
-3.168668156230878e-07
-3.168668463369576e-07
-3.168668820824967e-07
-3.168669235813231e-07
-3.168669590968462e-07
-3.168669925889035e-07
-3.168670287341599e-07
-3.168670701556588e-07
-3.168671040959527e-07
-3.168671297367088e-07
-3.168671573989773e-07
-3.168671966834033e-07
-3.16867245405279e-07
-3.168672876382772e-07
-3.168673189995837e-07
-3.16867347294864e-07
-3.168673904674396e-07
-3.16867451220191e-07
-3.168675200354133e-07
-3.168675844011694e-07
-3.168676309814871e-07
-3.168676687379382e-07
-3.168677081359903e-07
-3.168677581746708e-07
-3.168678062986722e-07
-3.168678386657573e-07
-3.168678547336304e-07
-3.168678611268273e-07
-3.168678690211439e-07
-3.168678774604221e-07
-3.168678820926923e-07
-3.168678836926884e-07
-3.168666501852686e-07
-3.168666339048117e-07
-3.168666095986202e-07
-3.168665824276775e-07
-3.16866550554926e-07
-3.168665210357826e-07
-3.168664970750753e-07
-3.168664810999067e-07
-3.168664643542402e-07
-6.714056178691798e-07
-1.819456101691841e-06
-4.693698393487673e-06
-1.15977885012304e-05
-2.744826236889146e-05
-6.1837007425532e-05
-0.0001326024475674197
-0.0002706335795266744
-0.0005223990708879443
-0.0009535053363859308
-0.001645246136259833
-0.002682905703204869
-0.004133790823743668
-0.005981396239677366
-0.008130031873800422
-0.01032515629070381
-0.01241030405857416
-0.01404644590287774
-0.01489608136031586
-0.01489608141414413
-0.01404644606309165
-0.01241030431029223
-0.01032515659502475
-0.008130032181522778
-0.005981396509158936
-0.004133791036930701
-0.002682905858321513
-0.001645246240766516
-0.0009535054010002114
-0.0005223991076067688
-0.0002706335987841615
-0.0001326024569424538
-6.183701165279343e-05
-2.744826411864167e-05
-1.159778916907365e-05
-4.693698644115981e-06
-1.819456186548796e-06
-6.714056396375832e-07
-3.168664645274512e-07
-3.168664709771778e-07
-3.168664781585052e-07
-3.16866486320451e-07
-3.1686649708099e-07
-3.168665086475997e-07
-3.168665202811211e-07
-3.168665347578106e-07
-3.168665547426545e-07
-3.168665798281506e-07
-3.168666035740841e-07
-3.168666276046134e-07
-3.168666529082355e-07
-3.168666826468798e-07
-3.168667097322074e-07
-3.168667327206016e-07
-3.168667560630753e-07
-3.168667848680005e-07
-3.16866814952577e-07
-3.168668473070231e-07
-3.168668829717732e-07
-3.168669251393796e-07
-3.168669619319358e-07
-3.168669971430101e-07
-3.16867033337349e-07
-3.168670751766175e-07
-3.168671113462593e-07
-3.16867140320025e-07
-3.168671701734011e-07
-3.168672096483228e-07
-3.168672577635354e-07
-3.168673051586245e-07
-3.168673376830736e-07
-3.168673712071453e-07
-3.168674131987133e-07
-3.168674756440623e-07
-3.168675424967893e-07
-3.168676065973755e-07
-3.16867655189426e-07
-3.168676964942951e-07
-3.168677374294469e-07
-3.16867787435242e-07
-3.168678348748816e-07
-3.168678738715468e-07
-3.168678987895922e-07
-3.168679152782188e-07
-3.168679267031602e-07
-3.168679365268333e-07
-3.168679418190962e-07
-3.168679422371768e-07
-3.168666501852686e-07
-3.168666264501631e-07
-3.168665994081236e-07
-3.168665669242199e-07
-3.168665346203567e-07
-3.168665079897439e-07
-3.168664851740632e-07
-4.36419971393077e-07
-1.305037248673991e-06
-3.761001782261648e-06
-1.038174589537292e-05
-2.744826283769269e-05
-6.950515309150564e-05
-0.0001675181081453566
-0.000386573726175819
-0.0008433791551407739
-0.001749095753778052
-0.00344450802264811
-0.006353431362298667
-0.01102313228920786
-0.01785056490868933
-0.02710770234874848
-0.03838993386357513
-0.05055781288768418
-0.06252672125780019
-0.07300042175490888
-0.08088232808492417
-0.08464467170779195
-0.0846446720360747
-0.08088232905514876
-0.07300042330128825
-0.06252672318846489
-0.05055781490134435
-0.03838993568563843
-0.027107703822432
-0.01785056599769312
-0.01102313302290357
-0.006353431808547128
-0.003444508270061446
-0.001749095879602144
-0.0008433792144360442
-0.0003865737518765892
-0.000167518118162736
-6.950515665353087e-05
-2.7448263972921e-05
-1.038174620874074e-05
-3.761001842381591e-06
-1.305037245896396e-06
-4.364199595797067e-07
-3.168664654930858e-07
-3.168664741433732e-07
-3.16866484020609e-07
-3.168664956663396e-07
-3.16866508789372e-07
-3.168665246853234e-07
-3.168665446364399e-07
-3.168665677657193e-07
-3.168665925625983e-07
-3.16866617081737e-07
-3.168666433338698e-07
-3.168666709451386e-07
-3.168666985784555e-07
-3.168667249565562e-07
-3.168667522760724e-07
-3.168667823749097e-07
-3.168668152297846e-07
-3.168668497769209e-07
-3.168668870733551e-07
-3.168669255681462e-07
-3.168669645157494e-07
-3.168670017604078e-07
-3.168670404727301e-07
-3.168670795354111e-07
-3.168671172094112e-07
-3.168671521032411e-07
-3.168671883804002e-07
-3.168672303354218e-07
-3.168672755296018e-07
-3.168673186774669e-07
-3.168673594763879e-07
-3.168674034241503e-07
-3.168674548339796e-07
-3.168675119142944e-07
-3.168675719054678e-07
-3.168676285461606e-07
-3.168676810177314e-07
-3.168677277528118e-07
-3.168677747882988e-07
-3.168678216480389e-07
-3.168678648677669e-07
-3.168678992103106e-07
-3.168679241582685e-07
-3.168679437160564e-07
-3.168679589634549e-07
-3.1686796933199e-07
-3.168679747078056e-07
-3.168679756538577e-07
-3.168666501852686e-07
-3.16866618014304e-07
-3.168665830020154e-07
-3.168665482196808e-07
-3.168665167029201e-07
-3.168664908721537e-07
-7.096401587171592e-07
-2.270669482611208e-06
-6.959167799527148e-06
-2.055478781355386e-05
-5.814705499614483e-05
-0.0001584969488003255
-0.0004110782756989203
-0.001013832016022604
-0.002374541764963516
-0.00526833430337287
-0.01102313215440064
-0.0213496103413692
-0.03838993256806422
-0.06252671829249853
-0.09289820139318895
-0.1262265736863261
-0.156970807874451
-0.1835684232048224
-0.20346905254167
-0.2177936040022589
-0.226771391343312
-0.2310716502009159
-0.2310716511649446
-0.2267713942170562
-0.2177936088247286
-0.2034690591097428
-0.1835684308753268
-0.156970815673694
-0.1262265808347972
-0.09289820726908959
-0.06252672257532507
-0.03838993531580341
-0.02134961188556882
-0.01102313294196636
-0.005268334664893456
-0.002374541915998956
-0.00101383207255461
-0.0004110782945072359
-0.0001584969541538183
-5.814705617927901e-05
-2.055478791732895e-05
-6.959167711619616e-06
-2.270669407342994e-06
-7.09640118028163e-07
-3.168664616580338e-07
-3.168664714710221e-07
-3.168664831907358e-07
-3.168664966657175e-07
-3.168665125812314e-07
-3.168665319220629e-07
-3.168665545283106e-07
-3.168665790331852e-07
-3.168666040482855e-07
-3.168666303780444e-07
-3.168666585967545e-07
-3.168666874969895e-07
-3.168667164050401e-07
-3.168667466535703e-07
-3.168667798100116e-07
-3.168668148836225e-07
-3.168668507781027e-07
-3.168668880789954e-07
-3.168669272761744e-07
-3.168669668350741e-07
-3.168670053811035e-07
-3.168670442195717e-07
-3.168670842708798e-07
-3.168671242142029e-07
-3.168671632883124e-07
-3.168672039933105e-07
-3.168672484941087e-07
-3.168672946363533e-07
-3.168673403064501e-07
-3.168673866608411e-07
-3.168674367202924e-07
-3.168674899282737e-07
-3.168675441519736e-07
-3.168675992588606e-07
-3.168676549779087e-07
-3.168677092722912e-07
-3.168677600094445e-07
-3.168678085131981e-07
-3.16867855829716e-07
-3.168678990956204e-07
-3.168679355122608e-07
-3.168679644652842e-07
-3.168679877524199e-07
-3.168680054205103e-07
-3.168680172845827e-07
-3.168680240379085e-07
-3.16868026216211e-07
-3.168666501852686e-07
-3.168666088634463e-07
-3.168665693738456e-07
-3.168665320666387e-07
-3.168664998781376e-07
-1.04570784487316e-06
-3.536535834972044e-06
-1.159778945254327e-05
-3.665334339687349e-05
-0.0001109369980495919
-0.0003234551698667224
-0.0008967581426148661
-0.002374541807510646
-0.005981396076489043
-0.01404644494829961
-0.03048747642399027
-0.05949561282101398
-0.1020296356493812
-0.1516126242250934
-0.1984940127329817
-0.2352405206318403
-0.260857443202337
-0.2774262429071475
-0.2878712982139506
-0.2943873030204296
-0.2983836454461384
-0.3006985117687957
-0.3017061084095909
-0.3017061097293965
-0.3006985157314924
-0.2983836522808689
-0.2943873128717859
-0.2878713107612794
-0.2774262572853365
-0.2608574585012471
-0.2352405358992141
-0.198494026566862
-0.1516126351737342
-0.1020296430354861
-0.05949561702882961
-0.03048747845958499
-0.01404644579459307
-0.005981396380837342
-0.002374541900798369
-0.0008967581656991497
-0.0003234551733766264
-0.0001109369974361962
-3.66533425328979e-05
-1.15977889476361e-05
-3.536535602986633e-06
-1.045707749174398e-06
-3.168664589837504e-07
-3.16866469220679e-07
-3.168664824082807e-07
-3.168664972495499e-07
-3.16866515595456e-07
-3.168665377469619e-07
-3.168665622665969e-07
-3.168665877686114e-07
-3.168666148453771e-07
-3.168666442275723e-07
-3.168666748660538e-07
-3.168667061214252e-07
-3.168667392249228e-07
-3.168667750225383e-07
-3.168668122713489e-07
-3.168668498036909e-07
-3.168668886597903e-07
-3.168669292961262e-07
-3.16866969780542e-07
-3.168670088171625e-07
-3.168670481997008e-07
-3.168670897224839e-07
-3.168671324724091e-07
-3.168671753780667e-07
-3.168672200532939e-07
-3.168672677322078e-07
-3.168673168004599e-07
-3.168673657277311e-07
-3.168674160946462e-07
-3.168674691950802e-07
-3.168675235068623e-07
-3.168675773243789e-07
-3.168676321143348e-07
-3.168676888845932e-07
-3.168677451182197e-07
-3.1686779842592e-07
-3.168678494532787e-07
-3.168678991495119e-07
-3.168679448191438e-07
-3.168679835799709e-07
-3.168680149670997e-07
-3.168680403408832e-07
-3.168680599850079e-07
-3.168680736483329e-07
-3.168680817750977e-07
-3.168680853276107e-07
-3.168666501852686e-07
-3.168666023567713e-07
-3.168665553262004e-07
-3.696111565695788e-07
-1.379355110937231e-06
-4.960987161158572e-06
-1.730155780616446e-05
-5.814705868884932e-05
-0.0001894450889193354
-0.000587073763383283
-0.0017490958431109
-0.004958824042053504
-0.01324314568221848
-0.0322257590660964
-0.06960052165503564
-0.1262265706786968
-0.1882960163009778
-0.2392748519008208
-0.2722734739851594
-0.2912458030719203
-0.3017060883828392
-0.3074245917777251
-0.3106644819806899
-0.3125005035007977
-0.3135656696324058
-0.3142161038481096
-0.3145633542289031
-0.3147261968840998
-0.3147261982673565
-0.314563358399188
-0.3142161110420553
-0.313565680249857
-0.3125005174995573
-0.3106644986186633
-0.3074246102154303
-0.3017061081183552
-0.2912458234295376
-0.272273493706313
-0.239274869219272
-0.1882960294747396
-0.1262265788816546
-0.06960052561161048
-0.03222576054027641
-0.01324314611154473
-0.004958824127959214
-0.001749095844687601
-0.0005870737535059577
-0.0001894450821607151
-5.814705544594591e-05
-1.730155646281237e-05
-4.960986654311903e-06
-1.379354929313992e-06
-3.696110898296058e-07
-3.168664672512295e-07
-3.168664815748658e-07
-3.168664987467407e-07
-3.168665204372818e-07
-3.16866544729759e-07
-3.168665704081504e-07
-3.168665983319132e-07
-3.168666289422714e-07
-3.1686666125855e-07
-3.168666946805021e-07
-3.168667305892722e-07
-3.168667690111754e-07
-3.168668083209815e-07
-3.16866847923255e-07
-3.168668892896607e-07
-3.168669320909451e-07
-3.168669735079831e-07
-3.168670122489505e-07
-3.168670514351224e-07
-3.168670940164542e-07
-3.168671395690889e-07
-3.168671867668294e-07
-3.168672357725375e-07
-3.168672867377677e-07
-3.168673381444355e-07
-3.168673896689841e-07
-3.168674429505861e-07
-3.168674983697355e-07
-3.168675537727825e-07
-3.168676088834386e-07
-3.168676654466996e-07
-3.168677241393118e-07
-3.168677822412687e-07
-3.168678385376417e-07
-3.168678938667905e-07
-3.168679476272821e-07
-3.168679957023593e-07
-3.168680352149047e-07
-3.168680665094726e-07
-3.168680920964656e-07
-3.168681126677654e-07
-3.168681283330557e-07
-3.168681384452807e-07
-3.168681435884487e-07
-3.168666501852686e-07
-3.168665894215337e-07
-4.129063008215446e-07
-1.628678894380521e-06
-6.22948141982285e-06
-2.310407557126267e-05
-8.257173732279563e-05
-0.0002860314843642309
-0.0009535054173581419
-0.003030928722789496
-0.009164038815465046
-0.02547609917602346
-0.06252671972180412
-0.1262265729904266
-0.1984940134936709
-0.2540302988387713
-0.2858664694474744
-0.3017060836724856
-0.3092099145339625
-0.3127825695560804
-0.3145633343176212
-0.3154804757617758
-0.3159751831505935
-0.3162498183600432
-0.3164101166324961
-0.3165006992471407
-0.3165528075564391
-0.3165751171356645
-0.3165751185167473
-0.3165528117134567
-0.3165007061883433
-0.3164101270368098
-0.3162498325813007
-0.3159752005603416
-0.31548049521278
-0.3145633549344772
-0.3127825910702113
-0.3092099366581874
-0.3017061054823521
-0.285866489333548
-0.2540303148604632
-0.198494023989371
-0.1262265780521693
-0.06252672128123771
-0.02547609938177562
-0.009164038722594116
-0.003030928633079659
-0.000953505369970168
-0.000286031464280975
-8.257172975794859e-05
-2.3104072881489e-05
-6.229480501349639e-06
-1.628678583770879e-06
-4.129061928419871e-07
-3.168664653572423e-07
-3.168664826401194e-07
-3.168665037848135e-07
-3.16866527861309e-07
-3.168665535150508e-07
-3.168665820368308e-07
-3.168666133683549e-07
-3.168666469102782e-07
-3.168666827618888e-07
-3.168667215559518e-07
-3.168667623098794e-07
-3.168668028909854e-07
-3.168668452857677e-07
-3.168668904870375e-07
-3.168669362915148e-07
-3.168669779802432e-07
-3.168670144741005e-07
-3.168670513516167e-07
-3.168670943401155e-07
-3.168671436328867e-07
-3.168671967315897e-07
-3.168672503106811e-07
-3.16867302640775e-07
-3.168673551984964e-07
-3.168674091231071e-07
-3.168674652303334e-07
-3.168675213613326e-07
-3.168675775194065e-07
-3.16867635238851e-07
-3.168676949302642e-07
-3.168677539900757e-07
-3.16867813508436e-07
-3.168678747739916e-07
-3.168679376953608e-07
-3.168679965177857e-07
-3.168680454703237e-07
-3.168680824737152e-07
-3.168681101933508e-07
-3.16868134330664e-07
-3.168681562065874e-07
-3.168681755793115e-07
-3.168681889670305e-07
-3.168681952161283e-07
-3.168666501852686e-07
-4.129063479306401e-07
-1.721426995526817e-06
-6.959169034975303e-06
-2.744826765871789e-05
-0.0001049618353420517
-0.000386573780610262
-0.001369095625524499
-0.004667225036009745
-0.01489608150509223
-0.04296778181226812
-0.102029641138294
-0.183568422008813
-0.2505505382378143
-0.2878712897471754
-0.3044561419366905
-0.3114690547387389
-0.3143881970485448
-0.3156700509899572
-0.3162498066456558
-0.3165266900413325
-0.3166662258303052
-0.3167402215384382
-0.3167802566458299
-0.316803478761446
-0.3168166151860169
-0.3168237258336393
-0.3168270137864804
-0.3168270152281132
-0.3168237300681289
-0.3168166216778592
-0.3168034885074455
-0.3167802706182333
-0.3167402394125386
-0.3166662460766259
-0.3165267108419939
-0.3162498278270493
-0.3156700727367448
-0.3143882191718748
-0.3114690759561942
-0.3044561603501047
-0.2878713036323199
-0.2505505466412518
-0.1835684250629896
-0.1020296409237487
-0.0429677808350554
-0.01489608084538381
-0.004667224728621173
-0.001369095506911632
-0.0003865737389801511
-0.0001049618215180713
-2.744826313882838e-05
-6.959167555966977e-06
-1.721426507974401e-06
-4.129061864525123e-07
-3.16866463367389e-07
-3.168664859836819e-07
-3.168665099016155e-07
-3.168665356243411e-07
-3.168665642317765e-07
-3.168665957773958e-07
-3.168666297584999e-07
-3.168666690827829e-07
-3.16866710895602e-07
-3.168667538040649e-07
-3.168667947503222e-07
-3.168668411403861e-07
-3.168668916807747e-07
-3.168669413809302e-07
-3.1686698238536e-07
-3.168670144376605e-07
-3.168670475505924e-07
-3.168670921045984e-07
-3.168671479163099e-07
-3.168672073787912e-07
-3.168672641837811e-07
-3.16867315747584e-07
-3.168673715070093e-07
-3.168674289106083e-07
-3.168674874732815e-07
-3.168675419659536e-07
-3.168676010219331e-07
-3.168676616075173e-07
-3.168677230571358e-07
-3.168677800627147e-07
-3.168678434163549e-07
-3.168679125506977e-07
-3.168679836363496e-07
-3.168680448886094e-07
-3.16868090479628e-07
-3.168681209912247e-07
-3.168681456036795e-07
-3.16868171048055e-07
-3.168681975488968e-07
-3.168682207707042e-07
-3.168682362943506e-07
-3.168682431678571e-07
-3.696113149955127e-07
-1.628679239540861e-06
-6.959169655093797e-06
-2.901122439416482e-05
-0.0001179757209354565
-0.0004619912673462576
-0.001749096027619929
-0.006353432202561194
-0.02134961290093624
-0.06252672410827226
-0.1414368489007256
-0.2267713888206132
-0.2797049407905982
-0.3026538623466681
-0.3114690602587799
-0.3147261732334271
-0.3159751737731996
-0.3164726785996474
-0.3166816069510475
-0.3167736402096884
-0.3168165947577349
-0.3168376199412203
-0.3168485049103842
-0.3168544303376478
-0.3168577863623539
-0.3168596432437496
-0.3168606906090273
-0.3168611365204123
-0.3168611386586405
-0.3168606952259908
-0.3168596491541122
-0.3168577945749948
-0.3168544436553412
-0.3168485237096072
-0.3168376409904341
-0.3168166154736639
-0.316773660040065
-0.3166816274358792
-0.3164726999173049
-0.3159751945229782
-0.3147261913126602
-0.311469073834081
-0.3026538705489158
-0.2797049431040389
-0.2267713857790702
-0.1414368436827479
-0.0625267202969499
-0.02134961113422188
-0.006353431542776389
-0.001749095808934079
-0.0004619911977934489
-0.0001179756993067154
-2.901121750305461e-05
-6.959167458835846e-06
-1.628678527924292e-06
-3.696110760174777e-07
-3.168664657238146e-07
-3.16866488276768e-07
-3.168665137179734e-07
-3.168665438968892e-07
-3.168665748369957e-07
-3.168666092307034e-07
-3.168666509337338e-07
-3.168666996800326e-07
-3.168667418804971e-07
-3.168667836780833e-07
-3.168668318119261e-07
-3.168668914005808e-07
-3.168669481489453e-07
-3.168669886845891e-07
-3.168670133795836e-07
-3.168670407282425e-07
-3.168670876945748e-07
-3.168671542372369e-07
-3.168672234181145e-07
-3.168672792439064e-07
-3.168673308044009e-07
-3.168673879373292e-07
-3.168674560210302e-07
-3.168675129885877e-07
-3.16867566589593e-07
-3.168676262759166e-07
-3.168676969414578e-07
-3.168677556995952e-07
-3.168678114131083e-07
-3.168678751199089e-07
-3.168679558233839e-07
-3.168680355389942e-07
-3.168680958237505e-07
-3.168681324979283e-07
-3.168681544452635e-07
-3.16868180320253e-07
-3.168682128079379e-07
-3.168682444450191e-07
-3.168682707987742e-07
-3.168682872960482e-07
-3.168682937374097e-07
