FiniteElementSpace
FiniteElementCollection: H1_2D_P1
VDim: 1
Ordering: 0

-0.01324315403136299
-0.06252675234182126
-0.1835685054293185
-0.2797050526426404
-0.3092100398276949
-0.3153748668514567
-0.3165752056242597
-0.3168080529175988
-0.3168545207161564
-0.3168639954686279
-0.3168659784628566
-0.3168664059026484
-0.3168664993556833
-0.3168665186202397
-0.3168665203722764
-0.3168665170338538
-0.3168665115727034
-0.3168665057921654
-0.3168665005115083
-0.3168664956272718
-0.3168664909895544
-0.3168664862169737
-0.3168664815863115
-0.3168664777850127
-0.3168664756354289
-0.3168664752830158
-0.3168664748230091
-0.3168664741293427
-0.3168664730083343
-0.3168664723558013
-0.3168664712986784
-0.3168664701219994
-0.3168664689299925
-0.3168664673242201
-0.3168664651919146
-0.3168664627302141
-0.3168664601200639
-0.3168664573975408
-0.3168664545373137
-0.3168664515899941
-0.3168664483436124
-0.3168664440059764
-0.316866435437808
-0.3168664096426735
-0.3168663088526432
-0.3168658726238733
-0.3168638792977775
-0.3168543950581636
-0.3168079206218259
-0.3165750677222048
-0.3153747228749043
-0.3092098901638362
-0.2797049059104261
-0.1835683999606298
-0.06252671249898817
-0.0132431442079311
-0.002374541553927914
-0.0004110782346447404
-6.950514655078818e-05
-1.159778730775147e-05
-1.923067874448917e-06
-3.168664205955434e-07
-3.168664974287721e-07
-3.168665742492262e-07
-3.168666294837838e-07
-3.168666892989519e-07
-3.168667726687277e-07
-3.168668946097076e-07
-3.168670350098337e-07
-3.168671554114935e-07
-3.168672451429666e-07
-3.168673245883306e-07
-3.168674366873504e-07
-3.168675864353629e-07
-3.168677486676572e-07
-3.168678945239205e-07
-3.168679960679755e-07
-3.168680717664818e-07
-3.168681432175776e-07
-3.16868227082907e-07
-3.168682943282926e-07
-3.168683506157526e-07
-3.168684036693173e-07
-3.168684576258823e-07
-3.168685028457984e-07
-3.168685471130205e-07
-3.168685988452391e-07
-3.168686538793506e-07
-3.168686970159591e-07
-3.168687277712454e-07
-3.16868752265732e-07
-3.168687791761831e-07
-3.168688051372553e-07
-3.168688239211246e-07
-3.168688338810387e-07
-3.168688374857694e-07
-3.168688380520987e-07
-0.004958827113629935
-0.02547611154857217
-0.1020296828242103
-0.2267714688614609
-0.2943873993012641
-0.312170950070312
-0.3159071826489381
-0.3166663270292928
-0.316823801147405
-0.3168571347386566
-0.3168643747977574
-0.3168660158262803
-0.3168663987109476
-0.3168664901560347
-0.3168665105642168
-0.3168665122814755
-0.3168665084979712
-0.316866503359917
-0.3168664984786529
-0.3168664939489754
-0.3168664895741365
-0.316866485206846
-0.3168664810132026
-0.3168664775288385
-0.3168664754898973
-0.3168664748950494
-0.3168664746867309
-0.3168664738538078
-0.3168664727862579
-0.316866471576599
-0.3168664705449772
-0.3168664692875616
-0.3168664679983469
-0.3168664663224415
-0.3168664641652895
-0.3168664617313282
-0.3168664591464745
-0.3168664564476538
-0.3168664535177056
-0.3168664501724535
-0.3168664455431475
-0.3168664362500163
-0.3168664091406459
-0.3168663112226289
-0.3168659212416672
-0.3168642721710436
-0.3168570227730715
-0.3168236800365048
-0.3166661992749536
-0.3159070499854582
-0.3121708137127604
-0.2943872642806997
-0.2267713568599456
-0.102029627514254
-0.02547609593332441
-0.004958823438761237
-0.0008967580394488971
-0.000158496931943239
-2.744826017204416e-05
-4.693697916439244e-06
-7.927649514140377e-07
-3.168664365512648e-07
-3.168665206266429e-07
-3.168665921380394e-07
-3.168666576866838e-07
-3.168667209320009e-07
-3.168668060894896e-07
-3.168669226195298e-07
-3.168670562744803e-07
-3.168671864763131e-07
-3.168672764678101e-07
-3.168673638895283e-07
-3.168674667279119e-07
-3.168676161557647e-07
-3.168677706131379e-07
-3.168679111259624e-07
-3.168680109181343e-07
-3.168680891850003e-07
-3.168681598307627e-07
-3.168682429387384e-07
-3.168683091501847e-07
-3.168683665302845e-07
-3.168684195519197e-07
-3.168684738523249e-07
-3.168685194999534e-07
-3.168685640558839e-07
-3.168686141388592e-07
-3.16868666823056e-07
-3.168687098462453e-07
-3.168687409424802e-07
-3.168687661941934e-07
-3.168687913796668e-07
-3.168688162770065e-07
-3.168688345252749e-07
-3.168688445523807e-07
-3.168688483109904e-07
-3.168688489907336e-07
-0.001749096904881936
-0.009164042717814586
-0.04296779717536049
-0.1414368927684198
-0.2540303913446533
-0.3017061899611813
-0.3135657572759931
-0.3161519848578588
-0.3167080462085827
-0.3168301097794169
-0.3168578485870597
-0.31686436784766
-0.3168659641459453
-0.3168663696889106
-0.316866473894958
-0.3168664991112764
-0.3168665025268669
-0.3168665000476466
-0.3168664961666351
-0.3168664922207576
-0.3168664884212506
-0.3168664847495086
-0.3168664814701836
-0.3168664787190581
-0.3168664768346514
-0.3168664756089258
-0.3168664745216377
-0.3168664735424666
-0.3168664726616303
-0.3168664716894235
-0.3168664704025507
-0.3168664688097069
-0.3168664671081323
-0.3168664652106762
-0.3168664630225462
-0.3168664606068697
-0.3168664580498471
-0.3168664551260526
-0.3168664515351428
-0.3168664460411374
-0.3168664344085153
-0.3168664011747089
-0.3168662896047667
-0.3168658773799272
-0.3168642746034381
-0.3168577484493492
-0.316830002122429
-0.3167079309724482
-0.3161518629016997
-0.3135656305860758
-0.3017060627674893
-0.2540302792170932
-0.1414368265413955
-0.04296777543804158
-0.00916403753776667
-0.00174909561333454
-0.0003234551302432696
-5.814704842550486e-05
-1.038174480093699e-05
-1.819455929730983e-06
-3.168664277554533e-07
-3.168664860702055e-07
-3.168665550750132e-07
-3.168666232967429e-07
-3.168666950068665e-07
-3.16866774303518e-07
-3.168668668131475e-07
-3.168669736751579e-07
-3.168670893740427e-07
-3.168672026916042e-07
-3.168673082100198e-07
-3.168674139615593e-07
-3.168675345936632e-07
-3.168676674465935e-07
-3.168678009031784e-07
-3.168679173908911e-07
-3.168680165083315e-07
-3.168681009679863e-07
-3.168681800156798e-07
-3.168682515418249e-07
-3.168683181772638e-07
-3.168683793828391e-07
-3.16868436225475e-07
-3.168684880396952e-07
-3.168685373548217e-07
-3.168685867152706e-07
-3.168686361973172e-07
-3.168686818453401e-07
-3.168687216593929e-07
-3.168687550722995e-07
-3.168687837096961e-07
-3.168688088652497e-07
-3.168688303355073e-07
-3.168688468275368e-07
-3.168688570825229e-07
-3.168688617592232e-07
-3.168688628714614e-07
-0.0005870741115343683
-0.003030929890958882
-0.01489608619856176
-0.06252674109785103
-0.1730164912049935
-0.2696161618033662
-0.305307444067531
-0.3142161787566674
-0.3162498965195105
-0.3167193150430558
-0.3168301027078398
-0.3168571195784207
-0.3168639720262351
-0.3168657973195049
-0.3168662987723254
-0.3168664413132212
-0.3168664813042519
-0.3168664909327129
-0.3168664914498062
-0.3168664893266126
-0.3168664865656551
-0.3168664835578049
-0.3168664808027043
-0.3168664785662682
-0.3168664768624238
-0.3168664754620322
-0.3168664741674804
-0.3168664732497756
-0.3168664724250665
-0.3168664713616517
-0.3168664698696124
-0.3168664680344929
-0.3168664660508405
-0.3168664639204019
-0.3168664616220622
-0.3168664590597339
-0.3168664559401594
-0.3168664515253
-0.3168664438584928
-0.3168664265259104
-0.316866378460754
-0.3168662277594958
-0.3168657184404214
-0.3168638861783521
-0.3168570274026757
-0.3168300043936033
-0.316719210565189
-0.3162497859591902
-0.3142160628534238
-0.3053073258445154
-0.2696160525089417
-0.1730164177536658
-0.06252671310900684
-0.01489607906152987
-0.003030928258007307
-0.0005870736791816921
-0.0001109369831786843
-2.05547852709415e-05
-3.761001358527395e-06
-6.714055588009057e-07
-3.168664582140789e-07
-3.168665216115062e-07
-3.168665881933878e-07
-3.168666611408237e-07
-3.16866742655702e-07
-3.168668303118197e-07
-3.168669224687562e-07
-3.168670228356961e-07
-3.168671322167824e-07
-3.16867245635796e-07
-3.168673579266074e-07
-3.168674726337624e-07
-3.168675935298471e-07
-3.168677162423675e-07
-3.168678312005677e-07
-3.168679353050072e-07
-3.168680304462454e-07
-3.168681169271509e-07
-3.168681932489941e-07
-3.168682625338702e-07
-3.168683288345055e-07
-3.168683924837779e-07
-3.168684508891433e-07
-3.168685051241241e-07
-3.168685581704335e-07
-3.168686100246103e-07
-3.168686583432357e-07
-3.168687019184833e-07
-3.168687411741065e-07
-3.168687755558762e-07
-3.16868804305658e-07
-3.168688280017646e-07
-3.168688476871109e-07
-3.168688629187414e-07
-3.168688730029628e-07
-3.16868878160705e-07
-3.168688796087853e-07
-0.0001894451983100279
-0.0009535057526053754
-0.004667226338965145
-0.02134961795598557
-0.08088234947908479
-0.193433187150889
-0.2774263192493007
-0.3067844457138483
-0.3143882863123145
-0.3162498898080289
-0.3167080314321705
-0.3168237767856024
-0.3168544875111025
-0.3168629587981761
-0.3168654069145984
-0.3168661418436161
-0.3168663734642893
-0.3168664488961592
-0.3168664732215822
-0.3168664804603964
-0.316866481609209
-0.3168664805329693
-0.3168664789317865
-0.3168664775122066
-0.3168664762944976
-0.3168664750928804
-0.3168664738739259
-0.3168664728662741
-0.3168664718014668
-0.3168664704690375
-0.3168664687205128
-0.3168664667006363
-0.3168664645016827
-0.3168664619754089
-0.3168664589348543
-0.3168664548406244
-0.3168664481325741
-0.3168664346840186
-0.3168664034945788
-0.3168663206202726
-0.3168660812022659
-0.3168653383404728
-0.3168628824663691
-0.3168544040591917
-0.316823686885526
-0.3167079355348046
-0.3162497883155234
-0.31438817989636
-0.3067843367134793
-0.2774262160696999
-0.1934331118955127
-0.08088231654143542
-0.02134960880729637
-0.004667224197581983
-0.0009535052568862523
-0.0001894450590316859
-3.665333797958441e-05
-6.959166841994176e-06
-1.30503708823993e-06
-3.168664368334278e-07
-3.168664884577016e-07
-3.168665508109834e-07
-3.168666225793648e-07
-3.16866703918472e-07
-3.168667932580674e-07
-3.168668866384805e-07
-3.168669815622095e-07
-3.168670824492004e-07
-3.168671921357535e-07
-3.168673058649111e-07
-3.168674194833888e-07
-3.168675344763164e-07
-3.168676520457021e-07
-3.168677663083404e-07
-3.168678708626607e-07
-3.168679666496964e-07
-3.16868056894202e-07
-3.168681397585091e-07
-3.168682135403566e-07
-3.168682816361033e-07
-3.168683487060848e-07
-3.168684136594599e-07
-3.16868474226455e-07
-3.168685311518566e-07
-3.168685866251932e-07
-3.168686394425651e-07
-3.168686874563756e-07
-3.16868730406019e-07
-3.168687690562122e-07
-3.168688025727948e-07
-3.16868830122365e-07
-3.168688524432288e-07
-3.16868870866031e-07
-3.168688851931564e-07
-3.168688949024234e-07
-3.16868900238926e-07
-3.168689020831096e-07
-5.814709124084348e-05
-0.0002860315760304672
-0.001369095963033656
-0.006353433505765883
-0.02710771039102807
-0.09289822875175918
-0.2034691022374358
-0.2797050090389508
-0.3067844400823536
-0.3142161656135202
-0.3161519626313588
-0.3166662950466124
-0.316808011873221
-0.316848561154103
-0.3168607226395369
-0.3168645205748741
-0.3168657760378562
-0.3168662124617296
-0.3168663735723783
-0.3168664347051134
-0.316866459150942
-0.316866468593729
-0.3168664721559013
-0.316866473463742
-0.3168664736871524
-0.3168664731527607
-0.316866472173706
-0.3168664710776564
-0.3168664697526831
-0.3168664680274069
-0.3168664658207908
-0.3168664631329937
-0.3168664596988028
-0.3168664547700621
-0.3168664469630867
-0.3168664328223197
-0.3168664033109332
-0.3168663365393341
-0.3168661690933232
-0.3168657257280704
-0.3168644629353936
-0.3168606574386957
-0.3168484884620026
-0.3168079320384089
-0.3166662085364499
-0.3161518699540473
-0.3142160676034171
-0.3067843390219781
-0.2797049124624081
-0.2034690289688319
-0.09289819392065508
-0.02710769978703472
-0.006353430892219711
-0.001369095359245077
-0.0002860314318462595
-5.814704857006115e-05
-1.159778754618443e-05
-2.270669130889868e-06
-4.364199102808793e-07
-3.168664568021499e-07
-3.168665106974009e-07
-3.168665791070484e-07
-3.168666575537442e-07
-3.168667444012494e-07
-3.168668393564264e-07
-3.168669386484419e-07
-3.168670408618682e-07
-3.16867147368101e-07
-3.168672590315486e-07
-3.168673711817064e-07
-3.168674813220394e-07
-3.168675933117344e-07
-3.16867707115705e-07
-3.168678161638833e-07
-3.16867913619827e-07
-3.168680022278167e-07
-3.168680866817586e-07
-3.168681656312717e-07
-3.16868237311542e-07
-3.168683050457667e-07
-3.168683731449845e-07
-3.168684401144281e-07
-3.16868503301058e-07
-3.168685625977997e-07
-3.168686197176164e-07
-3.168686730116144e-07
-3.168687210603866e-07
-3.168687633600749e-07
-3.168688007387244e-07
-3.168688323752398e-07
-3.168688583651237e-07
-3.168688794735097e-07
-3.168688969443776e-07
-3.168689103113272e-07
-3.168689196432678e-07
-3.168689251269112e-07
-3.16868927487904e-07
-1.730156714054636e-05
-8.257176131260467e-05
-0.0003865738640220946
-0.001749096333180876
-0.007610687853605379
-0.03048748563145905
-0.09740444297627701
-0.2034690987829528
-0.2774263090196783
-0.3053074250627917
-0.3135657287281703
-0.3159071446155992
-0.3165751577556801
-0.3167736991738662
-0.3168352704346603
-0.316855391446052
-0.3168623201721101
-0.3168648124988667
-0.3168657659736354
-0.3168661511734742
-0.3168663176286845
-0.3168663917250489
-0.316866427138807
-0.3168664450594912
-0.3168664541748378
-0.3168664582016473
-0.3168664596331569
-0.3168664593657127
-0.3168664578224323
-0.3168664548702978
-0.3168664500202033
-0.3168664427164117
-0.316866430531422
-0.3168664092561442
-0.3168663699341487
-0.3168662915368356
-0.3168661205225509
-0.3168657303605286
-0.3168647713322506
-0.3168622728159153
-0.3168553373910649
-0.3168352092196237
-0.316773630607015
-0.3165750819112749
-0.3159070618659256
-0.3135656399456794
-0.3053073326137177
-0.2774262200706131
-0.2034690303548087
-0.09740440883952081
-0.03048747453978701
-0.007610684974316424
-0.001749095639188515
-0.0003865736992655166
-8.257172072193795e-05
-1.730155446692701e-05
-3.536535178461264e-06
-7.096400310949073e-07
-3.168664318325528e-07
-3.168664725040947e-07
-3.168665313754953e-07
-3.168666059458326e-07
-3.168666883688795e-07
-3.168667750647465e-07
-3.168668741209548e-07
-3.168669821499518e-07
-3.168670981595319e-07
-3.168672141796106e-07
-3.168673256905792e-07
-3.16867430597938e-07
-3.168675323800023e-07
-3.168676414718704e-07
-3.168677549821204e-07
-3.168678617888823e-07
-3.168679533239125e-07
-3.168680351837074e-07
-3.168681141384559e-07
-3.168681896244848e-07
-3.168682599882335e-07
-3.168683282107585e-07
-3.168683983710913e-07
-3.168684683585715e-07
-3.168685350027413e-07
-3.16868595924051e-07
-3.168686539777435e-07
-3.168687076601478e-07
-3.168687564424988e-07
-3.168687977125558e-07
-3.168688325265685e-07
-3.168688615769894e-07
-3.168688863256762e-07
-3.168689065320573e-07
-3.168689227345117e-07
-3.168689350479373e-07
-3.168689445716535e-07
-3.168689508295326e-07
-3.168689533962362e-07
-4.960989720963631e-06
-2.310408140867575e-05
-0.0001049618540477785
-0.0004619913326057288
-0.001976748797397163
-0.008130033885631041
-0.03048748513217903
-0.09289822555290259
-0.1934331762272851
-0.2696161394439827
-0.3017061562812333
-0.3121709061113636
-0.3153748112618167
-0.3163752366243403
-0.3166948107305798
-0.3168035080601254
-0.3168419227388662
-0.3168562350021822
-0.3168619355318045
-0.3168643230938787
-0.3168653772643216
-0.3168658683701082
-0.3168661140711588
-0.3168662423579479
-0.3168663111468251
-0.3168663474963351
-0.3168663666768139
-0.3168663743841748
-0.3168663726522382
-0.3168663614286881
-0.3168663386676382
-0.3168662990221099
-0.316866227324082
-0.3168660960037532
-0.3168658467852959
-0.3168653517183768
-0.3168642933295832
-0.3168619013047315
-0.3168561958614891
-0.3168418780693537
-0.3168034572726041
-0.3166947533094928
-0.3163751722232391
-0.3153747397470755
-0.3121708279379529
-0.3017060738827531
-0.2696160602622333
-0.1934331159315917
-0.09289819514379256
-0.03048747473571327
-0.008130031012975275
-0.00197674807383129
-0.0004619911560201208
-0.0001049618111154719
-2.310407040073455e-05
-4.960986086860397e-06
-1.045707619880419e-06
-3.168664174656329e-07
-3.16866434180727e-07
-3.168664788377708e-07
-3.168665454257548e-07
-3.168666236885165e-07
-3.168667084707781e-07
-3.168667961511385e-07
-3.168669055061268e-07
-3.168670309562376e-07
-3.168671633462789e-07
-3.168672841242751e-07
-3.168673857066033e-07
-3.168674746482168e-07
-3.168675722557814e-07
-3.168676867573334e-07
-3.168678071683663e-07
-3.168679133260085e-07
-3.168679987721738e-07
-3.168680738298311e-07
-3.16868148310537e-07
-3.168682214336327e-07
-3.168682906073803e-07
-3.168683589345274e-07
-3.168684317845008e-07
-3.168685048792956e-07
-3.168685739473447e-07
-3.168686345677277e-07
-3.168686936979758e-07
-3.168687488299838e-07
-3.168687981023826e-07
-3.168688369892073e-07
-3.168688684258573e-07
-3.168688956729921e-07
-3.168689192747397e-07
-3.168689380582782e-07
-3.168689524230522e-07
-3.168689640061236e-07
-3.168689733406335e-07
-3.168689794904733e-07
-3.16868981736625e-07
-1.379355780909455e-06
-6.22948247481885e-06
-2.744827055012155e-05
-0.0001179757315189088
-0.0004912690952797874
-0.001976748766575891
-0.007610687601237456
-0.02710770895112522
-0.08088234331649916
-0.1730164731751541
-0.2540303570620205
-0.2943873498477088
-0.3092099753737403
-0.3142161398577971
-0.3159071251205691
-0.3165007245643786
-0.3167192707191157
-0.3168034981211397
-0.3168376515986938
-0.3168523606890401
-0.3168590795247724
-0.3168623028132822
-0.3168639253994504
-0.3168647978894295
-0.3168652720770978
-0.3168655392441099
-0.3168656853630125
-0.3168657483551511
-0.3168657466342806
-0.3168656799742832
-0.3168655300934884
-0.3168652595195553
-0.3168647825501584
-0.3168639077910437
-0.3168622824074001
-0.3168590553047945
-0.3168523321541959
-0.3168376188064197
-0.3168034610393716
-0.3167192285580366
-0.3165006764123453
-0.3159070705548857
-0.3142160792764533
-0.30920990902631
-0.2943872797138226
-0.2540302901456905
-0.1730164237742275
-0.08088231873324687
-0.02710770032935592
-0.007610685082944216
-0.001976748092217127
-0.0004912689227724337
-0.0001179756892356761
-2.744826044906877e-05
-6.229479814868598e-06
-1.379354766872491e-06
-3.168664112527853e-07
-3.16866392552544e-07
-3.168664113604696e-07
-3.16866465829883e-07
-3.168665405438849e-07
-3.168666210396628e-07
-3.168667117587114e-07
-3.16866813133315e-07
-3.168669454851801e-07
-3.168670961506191e-07
-3.168672482727614e-07
-3.168673607995977e-07
-3.168674356409662e-07
-3.168675033575173e-07
-3.168676090771102e-07
-3.168677464271863e-07
-3.168678801196847e-07
-3.16867986344705e-07
-3.168680611334007e-07
-3.168681254511445e-07
-3.168681987848158e-07
-3.16868273656054e-07
-3.168683385636986e-07
-3.168684035506099e-07
-3.168684791785163e-07
-3.168685596708101e-07
-3.16868627002454e-07
-3.168686858629528e-07
-3.168687428700243e-07
-3.168688029878159e-07
-3.168688518234352e-07
-3.1686888645853e-07
-3.168689134240172e-07
-3.1686893947548e-07
-3.168689628083537e-07
-3.168689792975857e-07
-3.168689911636665e-07
-3.168690016148957e-07
-3.168690107508388e-07
-3.168690148448275e-07
-3.168690167894742e-07
