FiniteElementSpace
FiniteElementCollection: H1_2D_P1
VDim: 1
Ordering: 0

-1.200969096346183e-07
-1.200935119812215e-07
-1.200911101777478e-07
-1.200904744321859e-07
-1.200908031540917e-07
-1.200910365941876e-07
-1.200904663031406e-07
-1.200897898502148e-07
-1.200898861275086e-07
-1.200917098456455e-07
-1.200944097400726e-07
-3.004673228262597e-07
-7.288702214225542e-07
-1.683133571543869e-06
-3.699997560829755e-06
-7.790555515407107e-06
-1.561497793997552e-05
-2.961004205859229e-05
-5.311891746914902e-05
-9.07043086627935e-05
-0.0001465167852611624
-0.0002225091215526169
-0.0003196525338346874
-0.0004344012479010881
-0.0005516910446558131
-0.0006629321932917922
-0.000749215681418872
-0.0007964539338610519
-0.0007964537271576005
-0.000749215198613801
-0.0006629317250521619
-0.0005516908073997395
-0.00043440127089428
-0.0003196527159042867
-0.0002225093493306974
-0.0001465169947377441
-9.070447746541431e-05
-5.31190413917661e-05
-2.961012459324598e-05
-1.561502937212678e-05
-7.79058800650203e-06
-3.700022151270159e-06
-1.683156602372038e-06
-7.288933812983072e-07
-3.004900891313117e-07
-1.201167589727564e-07
-1.201444501324941e-07
-1.201812707642741e-07
-1.202178990013155e-07
-1.202550306361799e-07
-1.202926499497238e-07
-1.203300656564774e-07
-1.203664797720047e-07
-1.204002964396507e-07
-1.204304557351809e-07
-1.204570128622939e-07
-1.20480987393962e-07
-1.205029118248666e-07
-1.205217050060536e-07
-1.205356577039825e-07
-1.205443026669226e-07
-1.205488305118082e-07
-1.205508315100105e-07
-1.20550770257764e-07
-1.205475152717947e-07
-1.205394925573514e-07
-1.205264486460713e-07
-1.205098706989759e-07
-1.204916491680298e-07
-1.204725260228148e-07
-1.204517203081854e-07
-1.204278385379166e-07
-1.204003225407813e-07
-1.203702774523112e-07
-1.203398142828821e-07
-1.20310359431237e-07
-1.20281525154577e-07
-1.202516730283161e-07
-1.202196640485589e-07
-1.201861516264263e-07
-1.201531928675647e-07
-1.201225365255044e-07
-1.200942290258335e-07
-1.200668736223457e-07
-1.200392337802986e-07
-1.200115784894677e-07
-1.199855277429496e-07
-1.199626703027049e-07
-1.199432958707559e-07
-1.199263199661384e-07
-1.199103794727714e-07
-1.198951459366096e-07
-1.198817322594194e-07
-1.19871765274248e-07
-1.198659305448446e-07
-1.198633927928831e-07
-1.198628033802315e-07
-1.200969096346183e-07
-1.200940227718305e-07
-1.200920777496729e-07
-1.200918996522903e-07
-1.200926601150583e-07
-1.200934152348261e-07
-1.200934095698197e-07
-1.20093447482353e-07
-1.200944431859543e-07
-2.544695134824512e-07
-6.895963276936254e-07
-1.77897551437334e-06
-4.395726727608941e-06
-1.040328625532313e-05
-2.34371113215266e-05
-5.025820956769124e-05
-0.0001025739343635812
-0.0001979965603847285
-0.0003613918322990711
-0.0006235712328797463
-0.001016858687537535
-0.001566764447888821
-0.002267032876630428
-0.003081396191851838
-0.003913379667135937
-0.004703680611828948
-0.00532380195073087
-0.005645826062513918
-0.005645826152286438
-0.005323802359380445
-0.004703681567140639
-0.003913381185960126
-0.003081398002395909
-0.002267034573414822
-0.001566765763138224
-0.001016859558011111
-0.0006235717490579987
-0.000361392121397229
-0.0001979967191588436
-0.000102574025341065
-5.025826276664243e-05
-2.343714707383284e-05
-1.040331511436435e-05
-4.395753790856817e-06
-1.779001695639631e-06
-6.896208190822883e-07
-2.544920488882461e-07
-1.201228689102703e-07
-1.201587793566362e-07
-1.201988961582735e-07
-1.202381460230186e-07
-1.20277307669268e-07
-1.203145948529046e-07
-1.203492318872568e-07
-1.203808745016033e-07
-1.204094591921209e-07
-1.204350626166171e-07
-1.204575951433801e-07
-1.204764240584141e-07
-1.204907289924464e-07
-1.205003415411437e-07
-1.205059572006015e-07
-1.205085911323742e-07
-1.205086628668683e-07
-1.205053672740778e-07
-1.204973252749258e-07
-1.204842115363146e-07
-1.204674440197082e-07
-1.204490117132955e-07
-1.204297558001453e-07
-1.204088277458092e-07
-1.203847413525566e-07
-1.203570578274911e-07
-1.203271307080238e-07
-1.202970770543496e-07
-1.202679295393781e-07
-1.202388692798615e-07
-1.202083177032077e-07
-1.201757429933733e-07
-1.201423877546729e-07
-1.201102579225381e-07
-1.200804029840124e-07
-1.200521646340934e-07
-1.200240876653027e-07
-1.199955492345462e-07
-1.199675173329012e-07
-1.19941795468025e-07
-1.199195733886634e-07
-1.199006081539022e-07
-1.198836238834956e-07
-1.198674736995876e-07
-1.198521290845133e-07
-1.198387547001356e-07
-1.198287773908062e-07
-1.198226927968987e-07
-1.198197759594245e-07
-1.198189110912044e-07
-1.200969096346183e-07
-1.200949835231756e-07
-1.200937743526653e-07
-1.200935072909963e-07
-1.200939729624329e-07
-1.200946629241582e-07
-1.200953258897011e-07
-1.654080615228183e-07
-4.946251242983069e-07
-1.42546842875082e-06
-3.934821336259159e-06
-1.040326938378418e-05
-2.634342348622524e-05
-6.349172248489922e-05
-0.0001465169133464441
-0.0003196526572342256
-0.0006629320772485021
-0.001305517243093648
-0.00240804000877717
-0.004177921877582725
-0.006765613924010639
-0.01027419799044743
-0.01455032154520761
-0.01916211912814576
-0.02369850569158686
-0.02766818906345651
-0.03065554710502541
-0.03208153311267903
-0.03208153723063847
-0.03065555844255287
-0.02766820489511605
-0.02369852282617493
-0.01916213476518838
-0.01455033381285986
-0.01027420612895343
-0.006765618375670176
-0.004177923817705342
-0.002408040674062696
-0.001305517473413866
-0.0006629322162101411
-0.0003196527640408616
-0.0001465169823716539
-6.3491764357978e-05
-2.634345544728101e-05
-1.040329819820629e-05
-3.934846598947138e-06
-1.425490261666127e-06
-4.946448085999833e-07
-1.654277029659886e-07
-1.201386766844297e-07
-1.201819395187591e-07
-1.202225759969507e-07
-1.202597751833515e-07
-1.202944400831858e-07
-1.203278147243522e-07
-1.203595275562119e-07
-1.203872961884223e-07
-1.204095671765335e-07
-1.204269184378068e-07
-1.204408676224355e-07
-1.204519295644149e-07
-1.204594112741171e-07
-1.204627291897536e-07
-1.204621038104546e-07
-1.204578205809118e-07
-1.204495532748376e-07
-1.204370068064093e-07
-1.204209122878459e-07
-1.204027235512739e-07
-1.203831974665924e-07
-1.203616877859574e-07
-1.20337171907635e-07
-1.203098271472702e-07
-1.202811894360437e-07
-1.20252605556607e-07
-1.202238123600042e-07
-1.201934069974113e-07
-1.201607477877327e-07
-1.201271188325681e-07
-1.200947994853621e-07
-1.200650036113076e-07
-1.200368587466164e-07
-1.200084548131337e-07
-1.199788544974013e-07
-1.1994908043113e-07
-1.199212431390169e-07
-1.198968075248401e-07
-1.198756522421692e-07
-1.198565968378997e-07
-1.19838656218648e-07
-1.198218263293004e-07
-1.198068935008291e-07
-1.197946808778541e-07
-1.197854676054857e-07
-1.197790016703519e-07
-1.197749560795864e-07
-1.197733289504484e-07
-1.200969096346183e-07
-1.200957049580929e-07
-1.200949179437692e-07
-1.200947938413781e-07
-1.200951933104685e-07
-1.200959305951416e-07
-2.689624370267321e-07
-8.606131271693101e-07
-2.637616414741683e-06
-7.79053965617074e-06
-2.20385219785659e-05
-6.00725164515265e-05
-0.00015580436102323
-0.0003842565087576217
-0.0008999847756531792
-0.001996773272926164
-0.004177923423914431
-0.008091804843108338
-0.01455032675556995
-0.0236985059207638
-0.03520972056482976
-0.04784163717278971
-0.05949413177830757
-0.06957500427287738
-0.07711762995620278
-0.08254684775473886
-0.08594956936382434
-0.0875794425507659
-0.08757945569451624
-0.08594960626893131
-0.08254690147828127
-0.07711769098248439
-0.0695750631673744
-0.05949418086201551
-0.04784167232862589
-0.03520974098959463
-0.02369851494086167
-0.01455032951426733
-0.008091805435135073
-0.004177923694498297
-0.001996773548827663
-0.0008999849849806934
-0.0003842566356672567
-0.0001558044407342156
-6.007256917301183e-05
-2.203855281666298e-05
-7.790556537268983e-06
-2.637629948331641e-06
-8.606296902139245e-07
-2.689816030323494e-07
-1.201257565275975e-07
-1.201675023446005e-07
-1.202061065785275e-07
-1.202419325196029e-07
-1.202776691254569e-07
-1.2031123983694e-07
-1.203395031529068e-07
-1.203613576885154e-07
-1.203787583442707e-07
-1.203937399638938e-07
-1.204059523097597e-07
-1.204136527225223e-07
-1.204162721254297e-07
-1.204149079951855e-07
-1.204104796271577e-07
-1.204025212171918e-07
-1.203902950979235e-07
-1.203743904338773e-07
-1.203563595418672e-07
-1.203368788316549e-07
-1.203150813120305e-07
-1.202900884535899e-07
-1.202626833823292e-07
-1.202347616174472e-07
-1.202071103551163e-07
-1.201783721557715e-07
-1.201467188077375e-07
-1.201124162633865e-07
-1.200782291765665e-07
-1.200470057609318e-07
-1.200189833833429e-07
-1.199916991280297e-07
-1.199625863821297e-07
-1.199315645327295e-07
-1.199010996112688e-07
-1.198739076920198e-07
-1.19850721795289e-07
-1.19830172678502e-07
-1.198105535160925e-07
-1.197915249116349e-07
-1.197742102728129e-07
-1.197599014454882e-07
-1.197488450390464e-07
-1.197402518809395e-07
-1.197333441681291e-07
-1.197283189181758e-07
-1.197260596229488e-07
-1.200969096346183e-07
-1.200961715053774e-07
-1.200957207959701e-07
-1.20095762865302e-07
-1.200962233720586e-07
-3.963367125222544e-07
-1.340393514163723e-06
-4.395716090252034e-06
-1.389210637897896e-05
-4.204661226571837e-05
-0.0001225938857324222
-0.0003398835707566152
-0.0008999840431963261
-0.002267032266795184
-0.005323799610384493
-0.01155518395655457
-0.02254968033998513
-0.03867067847410108
-0.05746332942274474
-0.075232028942343
-0.08915946252271542
-0.09886862915589402
-0.1051484361037835
-0.1091072641948275
-0.1115769322178153
-0.113091617186075
-0.1139690022259775
-0.1143509143394111
-0.1143509311602728
-0.113969050078746
-0.1130916885715686
-0.1115770163907006
-0.1091073501246989
-0.1051485148782038
-0.09886869401672704
-0.08915950813261997
-0.07523205349779466
-0.0574633378425151
-0.03867068007636661
-0.02254968146793384
-0.01155518564917868
-0.005323801037684984
-0.002267033113938039
-0.0008999844689137073
-0.0003398837700934038
-0.0001225939644397203
-4.204663330039904e-05
-1.389211288113506e-05
-4.395728099268299e-06
-1.340412710321484e-06
-3.963571909066455e-07
-1.201171249405164e-07
-1.201542970763089e-07
-1.201929456836887e-07
-1.202291632471092e-07
-1.202629264920534e-07
-1.202915628679268e-07
-1.203147251094151e-07
-1.20333873023328e-07
-1.203499386040839e-07
-1.203618742239504e-07
-1.20368325320315e-07
-1.203697922417049e-07
-1.203681370166362e-07
-1.203641592453276e-07
-1.203567128187254e-07
-1.20344585198412e-07
-1.203284750967635e-07
-1.203103218955762e-07
-1.202909428079236e-07
-1.202692383054549e-07
-1.202440535549147e-07
-1.202161746505257e-07
-1.201877361323083e-07
-1.201597287792378e-07
-1.201308274767021e-07
-1.200991630397527e-07
-1.200649891033256e-07
-1.200310150286176e-07
-1.199998841731039e-07
-1.199715860784909e-07
-1.199436585489266e-07
-1.199139223400907e-07
-1.198828049128188e-07
-1.198529182973783e-07
-1.198265445265468e-07
-1.1980372033804e-07
-1.197827202263791e-07
-1.197621580968947e-07
-1.197424421810576e-07
-1.197252431032442e-07
-1.197117426234432e-07
-1.197015275309422e-07
-1.196931686394067e-07
-1.196857908976907e-07
-1.196800852137661e-07
-1.196774349875471e-07
-1.200969096346183e-07
-1.200964652714007e-07
-1.20096300675099e-07
-1.400873107805271e-07
-5.227936012095391e-07
-1.880279720938269e-06
-6.557520515961051e-06
-2.203851144461214e-05
-7.1802224315525e-05
-0.0002225088410777198
-0.0006629309313801406
-0.001879461681404923
-0.005019333618915437
-0.01221400826306169
-0.02637956916295686
-0.04784164626946937
-0.07136685346649173
-0.09068855991133615
-0.1031955020851012
-0.1103862738169377
-0.1143508598830528
-0.1165182478205547
-0.1177462121520329
-0.118442095391891
-0.1188458176632053
-0.1190923548541883
-0.1192239846716032
-0.1192857222070589
-0.1192857378903025
-0.119224029541897
-0.1190924224145642
-0.1188458980268423
-0.1184421779061573
-0.1177462881701381
-0.1165183113837275
-0.1143509067371077
-0.1103863018408709
-0.1031955142651728
-0.0906885652969321
-0.07136686111845161
-0.04784165725548221
-0.02637957858894318
-0.01221401364249756
-0.005019336026246705
-0.001879462621204262
-0.0006629312565232697
-0.0002225089240318844
-7.180223534071683e-05
-2.203852037243906e-05
-6.557539942908599e-06
-1.880302421242553e-06
-5.228137324542893e-07
-1.401052038934118e-07
-1.201444216356163e-07
-1.201823661972527e-07
-1.202164527577108e-07
-1.202463376607466e-07
-1.20271033661824e-07
-1.202913443388856e-07
-1.203076886061864e-07
-1.203191303042664e-07
-1.203247736746971e-07
-1.203255935586022e-07
-1.203237059210095e-07
-1.203198195963871e-07
-1.203124112691183e-07
-1.202999389404909e-07
-1.202831944089019e-07
-1.202646035554718e-07
-1.202453464969931e-07
-1.202240801932677e-07
-1.201989408845086e-07
-1.201702436856357e-07
-1.20140441864856e-07
-1.201114283722078e-07
-1.200825604867512e-07
-1.20051796187083e-07
-1.200184873034e-07
-1.199844681986845e-07
-1.199522393956671e-07
-1.199224576949254e-07
-1.198935854102339e-07
-1.198639327213871e-07
-1.198336779782508e-07
-1.198046968186984e-07
-1.197786009539343e-07
-1.197552580504991e-07
-1.197333190283054e-07
-1.197120021679825e-07
-1.196921278641161e-07
-1.196753491230981e-07
-1.196624734830243e-07
-1.196526536148687e-07
-1.196442631549773e-07
-1.1963655675849e-07
-1.196305377851797e-07
-1.196277524889426e-07
-1.200969096346183e-07
-1.200966246312841e-07
-1.564968568642974e-07
-6.172906415286243e-07
-2.36105579453087e-06
-8.756751854827893e-06
-3.129579020447572e-05
-0.0001084097577166033
-0.0003613913251512924
-0.001148762671602767
-0.003473294141638146
-0.009655786474141314
-0.0236984792703568
-0.04784160741315992
-0.07523198758207378
-0.0962810419728901
-0.1083474227840992
-0.1143508750850499
-0.1171949374538388
-0.1185490222176156
-0.1192239539494209
-0.1195715624185388
-0.119759065626408
-0.1198631608673043
-0.119923922700931
-0.1199582641853969
-0.1199780271771928
-0.1199864980595974
-0.1199865123004621
-0.1199780673782866
-0.1199583235838519
-0.1199239921652766
-0.1198632309769684
-0.1197591285681424
-0.1195716132423879
-0.1192239906646931
-0.1185490455299647
-0.1171949515798905
-0.1143508882272881
-0.108347443651889
-0.09628107260060739
-0.0752320196649069
-0.04784163011585235
-0.02369849030710373
-0.009655790592943464
-0.003473295401278129
-0.001148762943275927
-0.00036139132872375
-0.0001084097384115009
-3.129579655779066e-05
-8.756770634051029e-06
-2.361074484987897e-06
-6.173067190378232e-07
-1.565120135736112e-07
-1.201380379037365e-07
-1.201743318475177e-07
-1.20204900870119e-07
-1.20229992416081e-07
-1.202502779046113e-07
-1.202667498824561e-07
-1.202785781604526e-07
-1.202844300463725e-07
-1.202848943357152e-07
-1.202822779925813e-07
-1.202777715058402e-07
-1.202699499737358e-07
-1.202569049312046e-07
-1.202392239358813e-07
-1.202197299827482e-07
-1.202001844115949e-07
-1.201792249358208e-07
-1.201542440605929e-07
-1.201248681243384e-07
-1.200937258755985e-07
-1.200636386723221e-07
-1.200346980441147e-07
-1.200046298275002e-07
-1.199717964731989e-07
-1.199372405742689e-07
-1.199036035025239e-07
-1.19872452130255e-07
-1.198430939424181e-07
-1.198139248606642e-07
-1.19784472539547e-07
-1.197558390952692e-07
-1.19729344855988e-07
-1.197051668493535e-07
-1.196825094242078e-07
-1.196609371405995e-07
-1.196412238157088e-07
-1.196247284307676e-07
-1.196119957988058e-07
-1.19602121260216e-07
-1.19593601905189e-07
-1.19585844469956e-07
-1.19579895215705e-07
-1.195771973705673e-07
-1.200969096346183e-07
-1.564969801195638e-07
-6.524434020762727e-07
-2.637616741066531e-06
-1.0403257349358e-05
-3.978193396284639e-05
-0.0001465166290800737
-0.0005189055734553574
-0.001768940854457663
-0.005645814840386069
-0.01628536734824031
-0.0386706117834487
-0.06957492541452399
-0.09496208447971551
-0.1091071967671418
-0.1153931230890874
-0.1180511470672613
-0.1191575655089618
-0.1196434198149521
-0.1198631632082969
-0.1199681106310247
-0.1200210001442464
-0.1200490487947427
-0.1200642261207893
-0.1200730314837431
-0.1200780162236122
-0.1200807212509882
-0.1200819806727826
-0.1200819942669943
-0.1200807588337444
-0.1200780702006738
-0.1200730932350525
-0.1200642872710694
-0.1200491016183274
-0.1200210397486795
-0.119968137183329
-0.1198631810863495
-0.1196434351821261
-0.1191575852716422
-0.1180511775114116
-0.1153931659577095
-0.109107246191463
-0.09496212896991733
-0.06957495486124655
-0.03867062477700874
-0.01628537072439945
-0.005645814950178497
-0.001768940420583809
-0.0005189052960225615
-0.000146516530235644
-3.978191601380854e-05
-1.040326114877864e-05
-2.637625576837155e-06
-6.524551103526187e-07
-1.565103823625576e-07
-1.201359063484764e-07
-1.20167804499571e-07
-1.201921442541701e-07
-1.202118448021541e-07
-1.202284269219105e-07
-1.202410513601416e-07
-1.202473831337486e-07
-1.202473021882468e-07
-1.202435072212736e-07
-1.202381120986222e-07
-1.202299776762631e-07
-1.202165580216726e-07
-1.201977847446564e-07
-1.201766959078247e-07
-1.201559129742818e-07
-1.201345739344319e-07
-1.201096728779874e-07
-1.200800545352276e-07
-1.200480669129736e-07
-1.200169761269174e-07
-1.199874433893333e-07
-1.199572327391006e-07
-1.199242304970198e-07
-1.19889078061123e-07
-1.198545441207064e-07
-1.198226940882354e-07
-1.197931632875315e-07
-1.197641763801851e-07
-1.197347862752997e-07
-1.197057889648638e-07
-1.196786317235325e-07
-1.196538866088315e-07
-1.196310355285949e-07
-1.196095752987306e-07
-1.195899742781657e-07
-1.195733461137934e-07
-1.195602550968412e-07
-1.195500366079765e-07
-1.195414289657594e-07
-1.195338852262053e-07
-1.195282669768201e-07
-1.195257777176924e-07
-1.400878782004816e-07
-6.172909955397533e-07
-2.637616693845369e-06
-1.099563673409825e-05
-4.471436371297541e-05
-0.0001751008503560778
-0.0006629307895338015
-0.002408035966780128
-0.008091789784110102
-0.02369846833215497
-0.05360646849849569
-0.0859494160205168
-0.106011964866962
-0.1147099460543734
-0.1180510624719348
-0.119285591499646
-0.1197590148985773
-0.1199476039540109
-0.1200268115739857
-0.1200617092400174
-0.1200780011341184
-0.1200859768916408
-0.1200901060261317
-0.120092353930065
-0.1200936285646211
-0.120094337717505
-0.1200947444111193
-0.1200949271165383
-0.1200949417978714
-0.1200947843865549
-0.1200943938276698
-0.1200936912702509
-0.1200924141865794
-0.1200901551507719
-0.1200860102691543
-0.1200780219094468
-0.1200617254307069
-0.1200268299087793
-0.1199476283992332
-0.1197590486916275
-0.1192856356573408
-0.1180511123554648
-0.1147099924884987
-0.1060119989526608
-0.08594943215621045
-0.05360646875466195
-0.02369846264649308
-0.008091785499319342
-0.002408034013709334
-0.0006629301349419956
-0.0001751006695919495
-4.471431639774295e-05
-1.099562608649763e-05
-2.637621647928004e-06
-6.173026676256614e-07
-1.40100675358702e-07
-1.201348358746113e-07
-1.201592574220222e-07
-1.201777456905684e-07
-1.20193950937598e-07
-1.202068207503876e-07
-1.202132039657458e-07
-1.202122796174488e-07
-1.202071563216624e-07
-1.202009364664387e-07
-1.201927763920845e-07
-1.20179303581612e-07
-1.201594522160419e-07
-1.20136246996328e-07
-1.201133060974503e-07
-1.200907326833008e-07
-1.20065563774884e-07
-1.200359041838277e-07
-1.200034165926007e-07
-1.199713135260493e-07
-1.199406789294354e-07
-1.199096507624252e-07
-1.198761530428545e-07
-1.198406561603845e-07
-1.198057985539904e-07
-1.197736214237134e-07
-1.197437360717815e-07
-1.197142849113542e-07
-1.196842745880967e-07
-1.196546109140644e-07
-1.196269733018991e-07
-1.196020953717399e-07
-1.195793811932443e-07
-1.195580417051014e-07
-1.195382702165165e-07
-1.195211356082531e-07
-1.1950742443218e-07
-1.19496793533526e-07
-1.194881698906048e-07
-1.194809404824719e-07
-1.194756963912007e-07
-1.194734056452271e-07
-5.227952088899655e-07
-2.361056475579722e-06
-1.040325516770911e-05
-4.471435615324897e-05
-0.0001861974869053088
-0.0007492140496202797
-0.002884552071463738
-0.01027418395468006
-0.03065549071475866
-0.06557556166079226
-0.09628091403698506
-0.1115767653263569
-0.1171947570462507
-0.1190921863414874
-0.119733125022878
-0.1199581439531061
-0.1200410123438632
-0.1200729674296056
-0.1200859380297532
-0.120091534249184
-0.1200940969030692
-0.1200953286806287
-0.1200959495097266
-0.1200962854790251
-0.1200964724571653
-0.1200965838367449
-0.12009665318796
-0.1200966947680397
-0.1200967120981739
-0.1200966999481019
-0.1200966485504428
-0.1200965438708147
-0.1200963536496271
-0.1200960052232135
-0.1200953676648693
-0.1200941238401756
-0.1200915581270186
-0.1200859639977009
-0.1200729963327929
-0.1200410455996338
-0.1199581827502536
-0.1197331651080351
-0.1190922187247308
-0.1171947734392769
-0.1115767610555327
-0.09628088873173596
-0.06557552702846391
-0.03065546579704747
-0.01027417319952959
-0.002884548693289007
-0.000749213163202134
-0.0001861972577163114
-4.471429185011173e-05
-1.04032463002678e-05
-2.361067575627465e-06
-5.228085644406283e-07
-1.201094458048502e-07
-1.201313888992293e-07
-1.201489165518895e-07
-1.201639311764973e-07
-1.201762319555835e-07
-1.201821467460566e-07
-1.201801357887195e-07
-1.201734667311388e-07
-1.201661267340821e-07
-1.201577084590532e-07
-1.201441995752554e-07
-1.201234882212843e-07
-1.200982929179639e-07
-1.200729730994795e-07
-1.200486437856838e-07
-1.20022684760075e-07
-1.199927076720922e-07
-1.199596588701569e-07
-1.199264787513676e-07
-1.198945460931074e-07
-1.198624765402534e-07
-1.198284217676803e-07
-1.197927063612047e-07
-1.197576339308132e-07
-1.197249842123505e-07
-1.196943235742136e-07
-1.196639486777129e-07
-1.196331071486898e-07
-1.196029027406704e-07
-1.195750736972336e-07
-1.195502441041095e-07
-1.195275951974434e-07
-1.195061226855917e-07
-1.194859355241442e-07
-1.194681983841506e-07
-1.194539145671255e-07
-1.194429471993782e-07
-1.194342980667896e-07
-1.194272615252308e-07
-1.194222272787559e-07
-1.194200226700278e-07
-1.880284762907304e-06
-8.756752531040167e-06
-3.978191901379013e-05
-0.0001751007854471446
-0.0007492138972524455
-0.003081390699883487
-0.01155516298301397
-0.03520966895150202
-0.07331376517108935
-0.1021881357842658
-0.1143506897637021
-0.1183169804055092
-0.1195313190192423
-0.1199105158520509
-0.1200316667507619
-0.1200728971573196
-0.1200874913524372
-0.1200929473144306
-0.1200951339227145
-0.1200960599728247
-0.1200964760243166
-0.120096673546523
-0.1200967744416239
-0.1200968314334489
-0.1200968697368475
-0.1200968997605979
-0.1200969263855272
-0.1200969509486495
-0.1200969710848333
-0.1200969810393039
-0.1200969766297387
-0.1200969573966623
-0.1200969197642707
-0.1200968529589748
-0.1200967359873946
-0.1200965251637132
-0.1200961029480905
-0.1200951738659157
-0.1200929833477851
-0.1200875241276076
-0.1200729278990295
-0.1200316909397064
-0.1199105247560098
-0.1195313057471267
-0.1183169418306787
-0.1143506251407361
-0.1021880510566298
-0.07331368612261707
-0.03520962472942801
-0.01155514772327616
-0.003081386704417926
-0.0007492129080687824
-0.0001751005210950953
-3.978186036511137e-05
-8.756758444021199e-06
-1.880299842302556e-06
-3.963512139959682e-07
-1.201095435081679e-07
-1.201253863104369e-07
-1.201387293074046e-07
-1.201500343888006e-07
-1.201551273557207e-07
-1.201517893224331e-07
-1.201431045439163e-07
-1.201337938637343e-07
-1.20124163794446e-07
-1.201100960372921e-07
-1.200887165922104e-07
-1.200621738188589e-07
-1.200349825300953e-07
-1.200088730716508e-07
-1.199816455538246e-07
-1.199508001686435e-07
-1.19916874160561e-07
-1.198825677604761e-07
-1.19849403003578e-07
-1.19816327512514e-07
-1.197816563388504e-07
-1.197455448000988e-07
-1.197099545528865e-07
-1.196764582995659e-07
-1.19644720170832e-07
-1.196133410993294e-07
-1.195818281162556e-07
-1.195513196508624e-07
-1.195233821450467e-07
-1.194984208030898e-07
-1.194754980411768e-07
-1.194536237808488e-07
-1.194329900591967e-07
-1.194148374609161e-07
-1.19400210025653e-07
-1.193889885883465e-07
-1.193801799193396e-07
-1.193730620283507e-07
-1.19367979000059e-07
-1.193657206551558e-07
-6.557536882472713e-06
-3.129578778756697e-05
-0.0001465165484671127
-0.0006629304521354126
-0.002884550940156608
-0.01155516073402603
-0.03691757914516171
-0.07711750575294897
-0.1051482890649494
-0.1157156178849304
-0.1188456350154437
-0.1197330730643865
-0.1199862728835663
-0.1200615425357944
-0.1200849029240213
-0.1200925570361842
-0.1200952132164011
-0.120096185983433
-0.1200965704216387
-0.1200967347047987
-0.1200968131106807
-0.1200968539780164
-0.1200968787396568
-0.1200968994963063
-0.1200969230988926
-0.1200969498258108
-0.1200969770433726
-0.1200970034426146
-0.1200970269449325
-0.120097041563887
-0.1200970434156073
-0.1200970353838049
-0.1200970203220173
-0.1200969953809782
-0.1200969561610161
-0.1200968992447982
-0.1200968080127629
-0.1200966311208405
-0.1200962318988463
-0.1200952447747285
-0.1200925757076151
-0.1200849052089061
-0.1200615212858343
-0.1199862242493146
-0.1197329966089886
-0.1188455316104837
-0.1157154895788265
-0.1051481516344127
-0.07711739579049653
-0.03691752604205897
-0.01155514428885804
-0.00288454675859961
-0.0006629293484400908
-0.000146516283940796
-3.129575088250187e-05
-6.557541248056413e-06
-1.340410721085864e-06
-2.689710979218061e-07
-1.201072193052233e-07
-1.201189954327733e-07
-1.201288358303954e-07
-1.201328703125954e-07
-1.201280480042289e-07
-1.201170217884715e-07
-1.201049087523131e-07
-1.200928711222004e-07
-1.200772725043949e-07
-1.20054999156097e-07
-1.200275775220945e-07
-1.19999112044868e-07
-1.199714014187115e-07
-1.19942580558656e-07
-1.199103697364181e-07
-1.198752597546001e-07
-1.198398051928279e-07
-1.198055128949902e-07
-1.197714549080785e-07
-1.197360084017791e-07
-1.196991849382029e-07
-1.196627097529077e-07
-1.196280857448864e-07
-1.195951866597806e-07
-1.195629291824728e-07
-1.195309521924704e-07
-1.195002265883845e-07
-1.194720172306436e-07
-1.194465655409558e-07
-1.19423025743816e-07
-1.194006304904379e-07
-1.193797042631928e-07
-1.193614247829816e-07
-1.193466630427144e-07
-1.193351820669711e-07
-1.193260106485884e-07
-1.19318537726941e-07
-1.193132032063809e-07
-1.193108040989035e-07
-2.203856404006048e-05
-0.0001084097481076619
-0.0005189052624105394
-0.002408034402655207
-0.01027417827993142
-0.03520965461409314
-0.0771174905818692
-0.1060119284479533
-0.1162754129587902
-0.1190921516737574
-0.1198258566773976
-0.1200208057315422
-0.1200745303442961
-0.1200899173010191
-0.1200945480442797
-0.1200960103956804
-0.1200965107058851
-0.1200966991923715
-0.1200967787346072
-0.1200968163441441
-0.1200968395145587
-0.1200968581270145
-0.1200968754988331
-0.1200968964650165
-0.1200969259324399
-0.1200969610315069
-0.120096995554028
-0.12009702777656
-0.1200970559676295
-0.1200970736847511
-0.1200970765181207
-0.1200970692928988
-0.120097057502786
-0.1200970383834217
-0.1200970086325862
-0.1200969710385263
-0.1200969261117154
-0.1200968625151923
-0.120096753298651
-0.1200965367154257
-0.1200960121148927
-0.1200945244821003
-0.1200898647497431
-0.1200744477252754
-0.1200206947887695
-0.1198257215764223
-0.1190919947361893
-0.1162752410922508
-0.1060117641959962
-0.077117370297105
-0.03520960094337186
-0.01027416185208326
-0.002408030084193582
-0.00051890419507201
-0.0001084095127071666
-2.203850149143657e-05
-4.395727974502036e-06
-8.606182946754189e-07
-1.654109638450388e-07
-1.201046088035546e-07
-1.201126300153023e-07
-1.201152253564527e-07
-1.201088634719974e-07
-1.200956327468168e-07
-1.200805407720497e-07
-1.200653696552132e-07
-1.200472761312884e-07
-1.200234404645072e-07
-1.199949783347778e-07
-1.199653364517659e-07
-1.199360189547223e-07
-1.199053845920151e-07
-1.198715260885875e-07
-1.19835054449739e-07
-1.197983875936231e-07
-1.197629168478965e-07
-1.197277614450689e-07
-1.196913590760409e-07
-1.196536188711242e-07
-1.19616079479143e-07
-1.19580224282597e-07
-1.195461679884973e-07
-1.195131140655057e-07
-1.194807320636126e-07
-1.194497130069533e-07
-1.19420994254018e-07
-1.193947558798708e-07
-1.193704080938417e-07
-1.193475048609514e-07
-1.19326457750536e-07
-1.193082318185083e-07
-1.192933907971557e-07
-1.192815557148221e-07
-1.192718585420947e-07
-1.19263903149686e-07
-1.192582760195871e-07
-1.192557456089445e-07
-7.180239021319863e-05
-0.000361391240939948
-0.001768939600620356
-0.008091783739203254
-0.03065546916145729
-0.07331372197859841
-0.1051482443622238
-0.1162753865455747
-0.119157364557273
-0.1198629534676664
-0.120036609980914
-0.1200804902386253
-0.1200921417555179
-0.1200953686657605
-0.1200963157736285
-0.1200966136517936
-0.1200967195440535
-0.1200967665378234
-0.1200967906749735
-0.1200968045034789
-0.1200968186636901
-0.1200968369340429
-0.1200968572323359
-0.1200968834779086
-0.1200969204797971
-0.1200969642077158
-0.1200970062434795
-0.12009704431715
-0.1200970787240035
-0.1200971007095956
-0.1200971051323601
-0.1200970986263511
-0.1200970867672489
-0.120097066614171
-0.1200970341345061
-0.1200969934180458
-0.1200969483941465
-0.120096894359531
-0.1200968262987463
-0.120096738858834
-0.1200965985240497
-0.120096270578461
-0.1200952918540543
-0.120092033201099
-0.1200803551504542
-0.1200364548635575
-0.1198627809905938
-0.119157175198264
-0.1162751931790318
-0.10514806988958
-0.07331360007849241
-0.03065541585127447
-0.008091768350235706
-0.001768935900512079
-0.0003613903617164554
-7.180208014236298e-05
-1.389208741648385e-05
-2.637609120298681e-06
-4.94622497574378e-07
-1.200963137528062e-07
-1.201010944399887e-07
-1.20101405833354e-07
-1.200931830740712e-07
-1.200781019482693e-07
-1.200605070521311e-07
-1.200422412522317e-07
-1.200211851793219e-07
-1.199951372361169e-07
-1.199650851567186e-07
-1.199338675556436e-07
-1.199026642756648e-07
-1.198700660431436e-07
-1.198345058750373e-07
-1.197965860740544e-07
-1.19758482347951e-07
-1.197215233782556e-07
-1.196850347840357e-07
-1.196476036518507e-07
-1.196089757343559e-07
-1.195703854675533e-07
-1.195332494292379e-07
-1.194979620902665e-07
-1.194640580106262e-07
-1.194312255044468e-07
-1.19399829120407e-07
-1.193704640311198e-07
-1.193432987566761e-07
-1.193180729285517e-07
-1.192946816165233e-07
-1.192735585628874e-07
-1.192553653822605e-07
-1.192403361462439e-07
-1.192280237717227e-07
-1.192177631237555e-07
-1.192094044179333e-07
-1.192036192939848e-07
-1.192010535571102e-07
-0.0002225093315454399
-0.001148762607271533
-0.005645810928362784
-0.0236984490063429
-0.06557550520158532
-0.1021880559599835
-0.1157155423543289
-0.1190920927613084
-0.1198629221302777
-0.12004085708963
-0.1200828625881594
-0.1200931158248886
-0.1200957263203618
-0.1200964334494142
-0.1200966410490973
-0.1200967097881792
-0.1200967405046898
-0.1200967586597681
-0.120096771052189
-0.1200967808059194
-0.1200967948979687
-0.1200968151752826
-0.1200968398501635
-0.1200968703588588
-0.1200969131301428
-0.1200969636532712
-0.1200970108774621
-0.120097056632138
-0.1200970970674016
-0.120097124526522
-0.1200971332236306
-0.1200971268024925
-0.1200971139001283
-0.1200970890113315
-0.1200970492809739
-0.1200970015192436
-0.1200969492126776
-0.1200968902384219
-0.1200968231969801
-0.1200967547114596
-0.1200966848509295
-0.1200965814033865
-0.1200963409399601
-0.1200956015139675
-0.1200929661347129
-0.1200826953421238
-0.1200406727911188
-0.1198627212189695
-0.1190918839912908
-0.1157153365751429
-0.1021878747663758
-0.0655753858233061
-0.02369840160281502
-0.005645798365020604
-0.001148759339938714
-0.0002225082380600558
-4.204649457688275e-05
-7.790504033715215e-06
-1.425456118743156e-06
-2.544676908503214e-07
-1.200946437915249e-07
-1.200912031197373e-07
-1.200804207686212e-07
-1.200635422481863e-07
-1.200438853016056e-07
-1.200227753710325e-07
-1.199987420273541e-07
-1.199702860201258e-07
-1.199382077912034e-07
-1.199047962518188e-07
-1.198712787228429e-07
-1.198367525024852e-07
-1.197997356943968e-07
-1.19760296224049e-07
-1.197202166518018e-07
-1.196811617647276e-07
-1.196431229893559e-07
-1.196048583457644e-07
-1.195655953587188e-07
-1.195259682390553e-07
-1.194873423397295e-07
-1.19450595846065e-07
-1.194157462239342e-07
-1.193824994701913e-07
-1.1935078993401e-07
-1.193207710363944e-07
-1.192925900347189e-07
-1.192663884889774e-07
-1.192424506851259e-07
-1.192211813948101e-07
-1.192028646604978e-07
-1.191874437773118e-07
-1.191745518886155e-07
-1.191638275582357e-07
-1.191553120938144e-07
-1.191496013792753e-07
-1.191471274250053e-07
-0.0006629322865154027
-0.003473293451228768
-0.01628535681574701
-0.05360642259068827
-0.09628082180630412
-0.1143505766740709
-0.1188455268104088
-0.1198257672292792
-0.120036540426881
-0.1200828253661159
-0.1200933596143317
-0.1200958476393032
-0.1200964643693029
-0.1200966364391619
-0.1200966921385965
-0.1200967147147923
-0.1200967267690683
-0.1200967447929459
-0.1200967530147842
-0.1200967612237402
-0.1200967771762927
-0.1200968004643678
-0.12009682327352
-0.1200968555781008
-0.1200969046781624
-0.1200969561245356
-0.1200970132015608
-0.1200970659101074
-0.120097115766625
-0.1200971494003067
-0.1200971567214155
-0.1200971524710452
-0.120097133219949
-0.1200971012907907
-0.1200970561407653
-0.1200969996036976
-0.1200969426314205
-0.120096878630157
-0.1200968070942033
-0.1200967393271
-0.1200966796789889
-0.1200966204596252
-0.1200965316442093
-0.1200963290731294
-0.1200956836215586
-0.1200931789346474
-0.1200826311948956
-0.1200363321675379
-0.1198255474496982
-0.1188453125031167
-0.1143503705649467
-0.09628063677717515
-0.05360630821425937
-0.01628531681026182
-0.003473283142438419
-0.0006629288569251299
-0.0001225934977347241
-2.203843556592715e-05
-3.934799808003646e-06
-6.895927319044134e-07
-1.200940527492024e-07
-1.200855702228087e-07
-1.200715872957251e-07
-1.200528267204106e-07
-1.200306403299619e-07
-1.200060099442505e-07
-1.199791226494471e-07
-1.199488444939933e-07
-1.199144902493744e-07
-1.198777524597065e-07
-1.198413019209928e-07
-1.198054894844994e-07
-1.197679143726312e-07
-1.197267490777747e-07
-1.196834577808395e-07
-1.196413604633025e-07
-1.196019618829792e-07
-1.19563665654236e-07
-1.195241534462532e-07
-1.194831439287965e-07
-1.194424166495047e-07
-1.194038519641458e-07
-1.193681070552857e-07
-1.193347724298424e-07
-1.193030582024326e-07
-1.192723856865114e-07
-1.192428776841397e-07
-1.192154001479021e-07
-1.191908670432869e-07
-1.191694964535473e-07
-1.191509129622963e-07
-1.191348198457794e-07
-1.191212531820116e-07
-1.191102836502572e-07
-1.191019233175307e-07
-1.190964758120183e-07
-1.190941245789102e-07
-0.001879465104362051
-0.009655786660412349
-0.03867059162006062
-0.08594934124046852
-0.1115766467743443
-0.1183168432372045
-0.1197329365405318
-0.1200206804265477
-0.1200803904254779
-0.1200930403573021
-0.1200958152415939
-0.1200964524303417
-0.1200966187516689
-0.1200966637572383
-0.1200966933815559
-0.1200967016045218
-0.1200967210118653
-0.1200967286836932
-0.1200967495043285
-0.1200967510678371
-0.1200967690460031
-0.1200967890966985
-0.1200968080343561
-0.1200968455334656
-0.1200968803949929
-0.1200969524095931
-0.1200970087692701
-0.1200970739561222
-0.120097141088996
-0.120097171876646
-0.1200971829267898
-0.1200971621263895
-0.1200971413389272
-0.120097107272847
-0.1200970504793428
-0.1200969966956002
-0.1200969318699989
-0.1200968630138728
-0.1200967904082192
-0.120096714777399
-0.1200966550791746
-0.1200966010901905
-0.1200965438132301
-0.1200964661351464
-0.1200962796198139
-0.1200956220160362
-0.1200928434841918
-0.120080175062855
-0.1200204678298944
-0.1197327265280599
-0.1183166267229841
-0.1115764218907295
-0.08594914166110285
-0.03867048044250408
-0.009655753116993444
-0.001879455572444656
-0.0003398824492293416
-6.007231213168374e-05
-1.04032632841747e-05
-1.778983472234207e-06
-3.00464183392708e-07
-1.200839322475625e-07
-1.200681644538436e-07
-1.200489386801484e-07
-1.200211760636369e-07
-1.199900600989195e-07
-1.199618895424303e-07
-1.199324467052195e-07
-1.198947195738218e-07
-1.198511841951369e-07
-1.198108614117596e-07
-1.197764926262308e-07
-1.197408647265668e-07
-1.196968419017837e-07
-1.196470824705866e-07
-1.196006553544386e-07
-1.195617045523579e-07
-1.195255060190313e-07
-1.19485801298011e-07
-1.194420206937938e-07
-1.193980492506596e-07
-1.193573136122861e-07
-1.193209725121132e-07
-1.192884117548843e-07
-1.192575047396712e-07
-1.192259592975034e-07
-1.191939809539571e-07
-1.191645188248547e-07
-1.19139843078451e-07
-1.191190612066289e-07
-1.191000574704812e-07
-1.190826435533618e-07
-1.190682995137764e-07
-1.190575983872496e-07
-1.190496610584632e-07
-1.190441750915479e-07
-1.190420079310022e-07
