MFEM mesh v1.0

#
# MFEM Geometry Types (see mesh/geom.hpp):
#
# POINT       = 0
# SEGMENT     = 1
# TRIANGLE    = 2
# SQUARE      = 3
# TETRAHEDRON = 4
# CUBE        = 5
# PRISM       = 6
#

dimension
2

elements
768
1 3 0 1 98 97
1 3 1 2 99 98
1 3 2 3 100 99
1 3 3 4 101 100
1 3 4 5 102 101
1 3 5 6 103 102
1 3 6 7 104 103
1 3 7 8 105 104
1 3 8 9 106 105
1 3 9 10 107 106
1 3 10 11 108 107
1 3 11 12 109 108
1 3 12 13 110 109
1 3 13 14 111 110
1 3 14 15 112 111
1 3 15 16 113 112
1 3 16 17 114 113
1 3 17 18 115 114
1 3 18 19 116 115
1 3 19 20 117 116
1 3 20 21 118 117
1 3 21 22 119 118
1 3 22 23 120 119
1 3 23 24 121 120
1 3 24 25 122 121
1 3 25 26 123 122
1 3 26 27 124 123
1 3 27 28 125 124
1 3 28 29 126 125
1 3 29 30 127 126
1 3 30 31 128 127
1 3 31 32 129 128
1 3 32 33 130 129
1 3 33 34 131 130
1 3 34 35 132 131
1 3 35 36 133 132
1 3 36 37 134 133
1 3 37 38 135 134
1 3 38 39 136 135
1 3 39 40 137 136
1 3 40 41 138 137
1 3 41 42 139 138
1 3 42 43 140 139
1 3 43 44 141 140
1 3 44 45 142 141
1 3 45 46 143 142
1 3 46 47 144 143
1 3 47 48 145 144
1 3 48 49 146 145
1 3 49 50 147 146
1 3 50 51 148 147
1 3 51 52 149 148
1 3 52 53 150 149
1 3 53 54 151 150
1 3 54 55 152 151
1 3 55 56 153 152
1 3 56 57 154 153
1 3 57 58 155 154
1 3 58 59 156 155
1 3 59 60 157 156
1 3 60 61 158 157
1 3 61 62 159 158
1 3 62 63 160 159
1 3 63 64 161 160
1 3 64 65 162 161
1 3 65 66 163 162
1 3 66 67 164 163
1 3 67 68 165 164
1 3 68 69 166 165
1 3 69 70 167 166
1 3 70 71 168 167
1 3 71 72 169 168
1 3 72 73 170 169
1 3 73 74 171 170
1 3 74 75 172 171
1 3 75 76 173 172
1 3 76 77 174 173
1 3 77 78 175 174
1 3 78 79 176 175
1 3 79 80 177 176
1 3 80 81 178 177
1 3 81 82 179 178
1 3 82 83 180 179
1 3 83 84 181 180
1 3 84 85 182 181
1 3 85 86 183 182
1 3 86 87 184 183
1 3 87 88 185 184
1 3 88 89 186 185
1 3 89 90 187 186
1 3 90 91 188 187
1 3 91 92 189 188
1 3 92 93 190 189
1 3 93 94 191 190
1 3 94 95 192 191
1 3 95 96 193 192
1 3 97 98 195 194
1 3 98 99 196 195
1 3 99 100 197 196
1 3 100 101 198 197
1 3 101 102 199 198
1 3 102 103 200 199
1 3 103 104 201 200
1 3 104 105 202 201
1 3 105 106 203 202
1 3 106 107 204 203
1 3 107 108 205 204
1 3 108 109 206 205
1 3 109 110 207 206
1 3 110 111 208 207
1 3 111 112 209 208
1 3 112 113 210 209
1 3 113 114 211 210
1 3 114 115 212 211
1 3 115 116 213 212
1 3 116 117 214 213
1 3 117 118 215 214
1 3 118 119 216 215
1 3 119 120 217 216
1 3 120 121 218 217
1 3 121 122 219 218
1 3 122 123 220 219
1 3 123 124 221 220
1 3 124 125 222 221
1 3 125 126 223 222
1 3 126 127 224 223
1 3 127 128 225 224
1 3 128 129 226 225
1 3 129 130 227 226
1 3 130 131 228 227
1 3 131 132 229 228
1 3 132 133 230 229
1 3 133 134 231 230
1 3 134 135 232 231
1 3 135 136 233 232
1 3 136 137 234 233
1 3 137 138 235 234
1 3 138 139 236 235
1 3 139 140 237 236
1 3 140 141 238 237
1 3 141 142 239 238
1 3 142 143 240 239
1 3 143 144 241 240
1 3 144 145 242 241
1 3 145 146 243 242
1 3 146 147 244 243
1 3 147 148 245 244
1 3 148 149 246 245
1 3 149 150 247 246
1 3 150 151 248 247
1 3 151 152 249 248
1 3 152 153 250 249
1 3 153 154 251 250
1 3 154 155 252 251
1 3 155 156 253 252
1 3 156 157 254 253
1 3 157 158 255 254
1 3 158 159 256 255
1 3 159 160 257 256
1 3 160 161 258 257
1 3 161 162 259 258
1 3 162 163 260 259
1 3 163 164 261 260
1 3 164 165 262 261
1 3 165 166 263 262
1 3 166 167 264 263
1 3 167 168 265 264
1 3 168 169 266 265
1 3 169 170 267 266
1 3 170 171 268 267
1 3 171 172 269 268
1 3 172 173 270 269
1 3 173 174 271 270
1 3 174 175 272 271
1 3 175 176 273 272
1 3 176 177 274 273
1 3 177 178 275 274
1 3 178 179 276 275
1 3 179 180 277 276
1 3 180 181 278 277
1 3 181 182 279 278
1 3 182 183 280 279
1 3 183 184 281 280
1 3 184 185 282 281
1 3 185 186 283 282
1 3 186 187 284 283
1 3 187 188 285 284
1 3 188 189 286 285
1 3 189 190 287 286
1 3 190 191 288 287
1 3 191 192 289 288
1 3 192 193 290 289
1 3 194 195 292 291
1 3 195 196 293 292
1 3 196 197 294 293
1 3 197 198 295 294
1 3 198 199 296 295
1 3 199 200 297 296
1 3 200 201 298 297
1 3 201 202 299 298
1 3 202 203 300 299
1 3 203 204 301 300
1 3 204 205 302 301
1 3 205 206 303 302
1 3 206 207 304 303
1 3 207 208 305 304
1 3 208 209 306 305
1 3 209 210 307 306
1 3 210 211 308 307
1 3 211 212 309 308
1 3 212 213 310 309
1 3 213 214 311 310
1 3 214 215 312 311
1 3 215 216 313 312
1 3 216 217 314 313
1 3 217 218 315 314
1 3 218 219 316 315
1 3 219 220 317 316
1 3 220 221 318 317
1 3 221 222 319 318
1 3 222 223 320 319
1 3 223 224 321 320
1 3 224 225 322 321
1 3 225 226 323 322
1 3 226 227 324 323
1 3 227 228 325 324
1 3 228 229 326 325
1 3 229 230 327 326
1 3 230 231 328 327
1 3 231 232 329 328
1 3 232 233 330 329
1 3 233 234 331 330
1 3 234 235 332 331
1 3 235 236 333 332
1 3 236 237 334 333
1 3 237 238 335 334
1 3 238 239 336 335
1 3 239 240 337 336
1 3 240 241 338 337
1 3 241 242 339 338
1 3 242 243 340 339
1 3 243 244 341 340
1 3 244 245 342 341
1 3 245 246 343 342
1 3 246 247 344 343
1 3 247 248 345 344
1 3 248 249 346 345
1 3 249 250 347 346
1 3 250 251 348 347
1 3 251 252 349 348
1 3 252 253 350 349
1 3 253 254 351 350
1 3 254 255 352 351
1 3 255 256 353 352
1 3 256 257 354 353
1 3 257 258 355 354
1 3 258 259 356 355
1 3 259 260 357 356
1 3 260 261 358 357
1 3 261 262 359 358
1 3 262 263 360 359
1 3 263 264 361 360
1 3 264 265 362 361
1 3 265 266 363 362
1 3 266 267 364 363
1 3 267 268 365 364
1 3 268 269 366 365
1 3 269 270 367 366
1 3 270 271 368 367
1 3 271 272 369 368
1 3 272 273 370 369
1 3 273 274 371 370
1 3 274 275 372 371
1 3 275 276 373 372
1 3 276 277 374 373
1 3 277 278 375 374
1 3 278 279 376 375
1 3 279 280 377 376
1 3 280 281 378 377
1 3 281 282 379 378
1 3 282 283 380 379
1 3 283 284 381 380
1 3 284 285 382 381
1 3 285 286 383 382
1 3 286 287 384 383
1 3 287 288 385 384
1 3 288 289 386 385
1 3 289 290 387 386
1 3 291 292 389 388
1 3 292 293 390 389
1 3 293 294 391 390
1 3 294 295 392 391
1 3 295 296 393 392
1 3 296 297 394 393
1 3 297 298 395 394
1 3 298 299 396 395
1 3 299 300 397 396
1 3 300 301 398 397
1 3 301 302 399 398
1 3 302 303 400 399
1 3 303 304 401 400
1 3 304 305 402 401
1 3 305 306 403 402
1 3 306 307 404 403
1 3 307 308 405 404
1 3 308 309 406 405
1 3 309 310 407 406
1 3 310 311 408 407
1 3 311 312 409 408
1 3 312 313 410 409
1 3 313 314 411 410
1 3 314 315 412 411
1 3 315 316 413 412
1 3 316 317 414 413
1 3 317 318 415 414
1 3 318 319 416 415
1 3 319 320 417 416
1 3 320 321 418 417
1 3 321 322 419 418
1 3 322 323 420 419
1 3 323 324 421 420
1 3 324 325 422 421
1 3 325 326 423 422
1 3 326 327 424 423
1 3 327 328 425 424
1 3 328 329 426 425
1 3 329 330 427 426
1 3 330 331 428 427
1 3 331 332 429 428
1 3 332 333 430 429
1 3 333 334 431 430
1 3 334 335 432 431
1 3 335 336 433 432
1 3 336 337 434 433
1 3 337 338 435 434
1 3 338 339 436 435
1 3 339 340 437 436
1 3 340 341 438 437
1 3 341 342 439 438
1 3 342 343 440 439
1 3 343 344 441 440
1 3 344 345 442 441
1 3 345 346 443 442
1 3 346 347 444 443
1 3 347 348 445 444
1 3 348 349 446 445
1 3 349 350 447 446
1 3 350 351 448 447
1 3 351 352 449 448
1 3 352 353 450 449
1 3 353 354 451 450
1 3 354 355 452 451
1 3 355 356 453 452
1 3 356 357 454 453
1 3 357 358 455 454
1 3 358 359 456 455
1 3 359 360 457 456
1 3 360 361 458 457
1 3 361 362 459 458
1 3 362 363 460 459
1 3 363 364 461 460
1 3 364 365 462 461
1 3 365 366 463 462
1 3 366 367 464 463
1 3 367 368 465 464
1 3 368 369 466 465
1 3 369 370 467 466
1 3 370 371 468 467
1 3 371 372 469 468
1 3 372 373 470 469
1 3 373 374 471 470
1 3 374 375 472 471
1 3 375 376 473 472
1 3 376 377 474 473
1 3 377 378 475 474
1 3 378 379 476 475
1 3 379 380 477 476
1 3 380 381 478 477
1 3 381 382 479 478
1 3 382 383 480 479
1 3 383 384 481 480
1 3 384 385 482 481
1 3 385 386 483 482
1 3 386 387 484 483
1 3 388 389 486 485
1 3 389 390 487 486
1 3 390 391 488 487
1 3 391 392 489 488
1 3 392 393 490 489
1 3 393 394 491 490
1 3 394 395 492 491
1 3 395 396 493 492
1 3 396 397 494 493
1 3 397 398 495 494
1 3 398 399 496 495
1 3 399 400 497 496
1 3 400 401 498 497
1 3 401 402 499 498
1 3 402 403 500 499
1 3 403 404 501 500
1 3 404 405 502 501
1 3 405 406 503 502
1 3 406 407 504 503
1 3 407 408 505 504
1 3 408 409 506 505
1 3 409 410 507 506
1 3 410 411 508 507
1 3 411 412 509 508
1 3 412 413 510 509
1 3 413 414 511 510
1 3 414 415 512 511
1 3 415 416 513 512
1 3 416 417 514 513
1 3 417 418 515 514
1 3 418 419 516 515
1 3 419 420 517 516
1 3 420 421 518 517
1 3 421 422 519 518
1 3 422 423 520 519
1 3 423 424 521 520
1 3 424 425 522 521
1 3 425 426 523 522
1 3 426 427 524 523
1 3 427 428 525 524
1 3 428 429 526 525
1 3 429 430 527 526
1 3 430 431 528 527
1 3 431 432 529 528
1 3 432 433 530 529
1 3 433 434 531 530
1 3 434 435 532 531
1 3 435 436 533 532
1 3 436 437 534 533
1 3 437 438 535 534
1 3 438 439 536 535
1 3 439 440 537 536
1 3 440 441 538 537
1 3 441 442 539 538
1 3 442 443 540 539
1 3 443 444 541 540
1 3 444 445 542 541
1 3 445 446 543 542
1 3 446 447 544 543
1 3 447 448 545 544
1 3 448 449 546 545
1 3 449 450 547 546
1 3 450 451 548 547
1 3 451 452 549 548
1 3 452 453 550 549
1 3 453 454 551 550
1 3 454 455 552 551
1 3 455 456 553 552
1 3 456 457 554 553
1 3 457 458 555 554
1 3 458 459 556 555
1 3 459 460 557 556
1 3 460 461 558 557
1 3 461 462 559 558
1 3 462 463 560 559
1 3 463 464 561 560
1 3 464 465 562 561
1 3 465 466 563 562
1 3 466 467 564 563
1 3 467 468 565 564
1 3 468 469 566 565
1 3 469 470 567 566
1 3 470 471 568 567
1 3 471 472 569 568
1 3 472 473 570 569
1 3 473 474 571 570
1 3 474 475 572 571
1 3 475 476 573 572
1 3 476 477 574 573
1 3 477 478 575 574
1 3 478 479 576 575
1 3 479 480 577 576
1 3 480 481 578 577
1 3 481 482 579 578
1 3 482 483 580 579
1 3 483 484 581 580
1 3 485 486 583 582
1 3 486 487 584 583
1 3 487 488 585 584
1 3 488 489 586 585
1 3 489 490 587 586
1 3 490 491 588 587
1 3 491 492 589 588
1 3 492 493 590 589
1 3 493 494 591 590
1 3 494 495 592 591
1 3 495 496 593 592
1 3 496 497 594 593
1 3 497 498 595 594
1 3 498 499 596 595
1 3 499 500 597 596
1 3 500 501 598 597
1 3 501 502 599 598
1 3 502 503 600 599
1 3 503 504 601 600
1 3 504 505 602 601
1 3 505 506 603 602
1 3 506 507 604 603
1 3 507 508 605 604
1 3 508 509 606 605
1 3 509 510 607 606
1 3 510 511 608 607
1 3 511 512 609 608
1 3 512 513 610 609
1 3 513 514 611 610
1 3 514 515 612 611
1 3 515 516 613 612
1 3 516 517 614 613
1 3 517 518 615 614
1 3 518 519 616 615
1 3 519 520 617 616
1 3 520 521 618 617
1 3 521 522 619 618
1 3 522 523 620 619
1 3 523 524 621 620
1 3 524 525 622 621
1 3 525 526 623 622
1 3 526 527 624 623
1 3 527 528 625 624
1 3 528 529 626 625
1 3 529 530 627 626
1 3 530 531 628 627
1 3 531 532 629 628
1 3 532 533 630 629
1 3 533 534 631 630
1 3 534 535 632 631
1 3 535 536 633 632
1 3 536 537 634 633
1 3 537 538 635 634
1 3 538 539 636 635
1 3 539 540 637 636
1 3 540 541 638 637
1 3 541 542 639 638
1 3 542 543 640 639
1 3 543 544 641 640
1 3 544 545 642 641
1 3 545 546 643 642
1 3 546 547 644 643
1 3 547 548 645 644
1 3 548 549 646 645
1 3 549 550 647 646
1 3 550 551 648 647
1 3 551 552 649 648
1 3 552 553 650 649
1 3 553 554 651 650
1 3 554 555 652 651
1 3 555 556 653 652
1 3 556 557 654 653
1 3 557 558 655 654
1 3 558 559 656 655
1 3 559 560 657 656
1 3 560 561 658 657
1 3 561 562 659 658
1 3 562 563 660 659
1 3 563 564 661 660
1 3 564 565 662 661
1 3 565 566 663 662
1 3 566 567 664 663
1 3 567 568 665 664
1 3 568 569 666 665
1 3 569 570 667 666
1 3 570 571 668 667
1 3 571 572 669 668
1 3 572 573 670 669
1 3 573 574 671 670
1 3 574 575 672 671
1 3 575 576 673 672
1 3 576 577 674 673
1 3 577 578 675 674
1 3 578 579 676 675
1 3 579 580 677 676
1 3 580 581 678 677
1 3 582 583 680 679
1 3 583 584 681 680
1 3 584 585 682 681
1 3 585 586 683 682
1 3 586 587 684 683
1 3 587 588 685 684
1 3 588 589 686 685
1 3 589 590 687 686
1 3 590 591 688 687
1 3 591 592 689 688
1 3 592 593 690 689
1 3 593 594 691 690
1 3 594 595 692 691
1 3 595 596 693 692
1 3 596 597 694 693
1 3 597 598 695 694
1 3 598 599 696 695
1 3 599 600 697 696
1 3 600 601 698 697
1 3 601 602 699 698
1 3 602 603 700 699
1 3 603 604 701 700
1 3 604 605 702 701
1 3 605 606 703 702
1 3 606 607 704 703
1 3 607 608 705 704
1 3 608 609 706 705
1 3 609 610 707 706
1 3 610 611 708 707
1 3 611 612 709 708
1 3 612 613 710 709
1 3 613 614 711 710
1 3 614 615 712 711
1 3 615 616 713 712
1 3 616 617 714 713
1 3 617 618 715 714
1 3 618 619 716 715
1 3 619 620 717 716
1 3 620 621 718 717
1 3 621 622 719 718
1 3 622 623 720 719
1 3 623 624 721 720
1 3 624 625 722 721
1 3 625 626 723 722
1 3 626 627 724 723
1 3 627 628 725 724
1 3 628 629 726 725
1 3 629 630 727 726
1 3 630 631 728 727
1 3 631 632 729 728
1 3 632 633 730 729
1 3 633 634 731 730
1 3 634 635 732 731
1 3 635 636 733 732
1 3 636 637 734 733
1 3 637 638 735 734
1 3 638 639 736 735
1 3 639 640 737 736
1 3 640 641 738 737
1 3 641 642 739 738
1 3 642 643 740 739
1 3 643 644 741 740
1 3 644 645 742 741
1 3 645 646 743 742
1 3 646 647 744 743
1 3 647 648 745 744
1 3 648 649 746 745
1 3 649 650 747 746
1 3 650 651 748 747
1 3 651 652 749 748
1 3 652 653 750 749
1 3 653 654 751 750
1 3 654 655 752 751
1 3 655 656 753 752
1 3 656 657 754 753
1 3 657 658 755 754
1 3 658 659 756 755
1 3 659 660 757 756
1 3 660 661 758 757
1 3 661 662 759 758
1 3 662 663 760 759
1 3 663 664 761 760
1 3 664 665 762 761
1 3 665 666 763 762
1 3 666 667 764 763
1 3 667 668 765 764
1 3 668 669 766 765
1 3 669 670 767 766
1 3 670 671 768 767
1 3 671 672 769 768
1 3 672 673 770 769
1 3 673 674 771 770
1 3 674 675 772 771
1 3 675 676 773 772
1 3 676 677 774 773
1 3 677 678 775 774
1 3 679 680 777 776
1 3 680 681 778 777
1 3 681 682 779 778
1 3 682 683 780 779
1 3 683 684 781 780
1 3 684 685 782 781
1 3 685 686 783 782
1 3 686 687 784 783
1 3 687 688 785 784
1 3 688 689 786 785
1 3 689 690 787 786
1 3 690 691 788 787
1 3 691 692 789 788
1 3 692 693 790 789
1 3 693 694 791 790
1 3 694 695 792 791
1 3 695 696 793 792
1 3 696 697 794 793
1 3 697 698 795 794
1 3 698 699 796 795
1 3 699 700 797 796
1 3 700 701 798 797
1 3 701 702 799 798
1 3 702 703 800 799
1 3 703 704 801 800
1 3 704 705 802 801
1 3 705 706 803 802
1 3 706 707 804 803
1 3 707 708 805 804
1 3 708 709 806 805
1 3 709 710 807 806
1 3 710 711 808 807
1 3 711 712 809 808
1 3 712 713 810 809
1 3 713 714 811 810
1 3 714 715 812 811
1 3 715 716 813 812
1 3 716 717 814 813
1 3 717 718 815 814
1 3 718 719 816 815
1 3 719 720 817 816
1 3 720 721 818 817
1 3 721 722 819 818
1 3 722 723 820 819
1 3 723 724 821 820
1 3 724 725 822 821
1 3 725 726 823 822
1 3 726 727 824 823
1 3 727 728 825 824
1 3 728 729 826 825
1 3 729 730 827 826
1 3 730 731 828 827
1 3 731 732 829 828
1 3 732 733 830 829
1 3 733 734 831 830
1 3 734 735 832 831
1 3 735 736 833 832
1 3 736 737 834 833
1 3 737 738 835 834
1 3 738 739 836 835
1 3 739 740 837 836
1 3 740 741 838 837
1 3 741 742 839 838
1 3 742 743 840 839
1 3 743 744 841 840
1 3 744 745 842 841
1 3 745 746 843 842
1 3 746 747 844 843
1 3 747 748 845 844
1 3 748 749 846 845
1 3 749 750 847 846
1 3 750 751 848 847
1 3 751 752 849 848
1 3 752 753 850 849
1 3 753 754 851 850
1 3 754 755 852 851
1 3 755 756 853 852
1 3 756 757 854 853
1 3 757 758 855 854
1 3 758 759 856 855
1 3 759 760 857 856
1 3 760 761 858 857
1 3 761 762 859 858
1 3 762 763 860 859
1 3 763 764 861 860
1 3 764 765 862 861
1 3 765 766 863 862
1 3 766 767 864 863
1 3 767 768 865 864
1 3 768 769 866 865
1 3 769 770 867 866
1 3 770 771 868 867
1 3 771 772 869 868
1 3 772 773 870 869
1 3 773 774 871 870
1 3 774 775 872 871

boundary
208
1 1 97 0
3 1 96 193
1 1 194 97
3 1 193 290
1 1 291 194
3 1 290 387
1 1 388 291
3 1 387 484
1 1 485 388
3 1 484 581
1 1 582 485
3 1 581 678
1 1 679 582
3 1 678 775
1 1 776 679
3 1 775 872
11 1 0 1
11 1 1 2
11 1 2 3
11 1 3 4
11 1 4 5
11 1 5 6
11 1 6 7
11 1 7 8
11 1 8 9
11 1 9 10
11 1 10 11
11 1 11 12
11 1 12 13
11 1 13 14
11 1 14 15
11 1 15 16
11 1 16 17
11 1 17 18
11 1 18 19
11 1 19 20
11 1 20 21
11 1 21 22
11 1 22 23
11 1 23 24
11 1 24 25
11 1 25 26
11 1 26 27
11 1 27 28
11 1 28 29
11 1 29 30
11 1 30 31
11 1 31 32
11 1 32 33
11 1 33 34
11 1 34 35
11 1 35 36
11 1 36 37
11 1 37 38
11 1 38 39
11 1 39 40
11 1 40 41
11 1 41 42
11 1 42 43
11 1 43 44
11 1 44 45
11 1 45 46
11 1 46 47
11 1 47 48
11 1 48 49
11 1 49 50
11 1 50 51
11 1 51 52
11 1 52 53
11 1 53 54
11 1 54 55
11 1 55 56
11 1 56 57
11 1 57 58
11 1 58 59
11 1 59 60
11 1 60 61
11 1 61 62
11 1 62 63
11 1 63 64
11 1 64 65
11 1 65 66
11 1 66 67
11 1 67 68
11 1 68 69
11 1 69 70
11 1 70 71
11 1 71 72
11 1 72 73
11 1 73 74
11 1 74 75
11 1 75 76
11 1 76 77
11 1 77 78
11 1 78 79
11 1 79 80
11 1 80 81
11 1 81 82
11 1 82 83
11 1 83 84
11 1 84 85
11 1 85 86
11 1 86 87
11 1 87 88
11 1 88 89
11 1 89 90
11 1 90 91
11 1 91 92
11 1 92 93
11 1 93 94
11 1 94 95
11 1 95 96
11 1 777 776
11 1 778 777
11 1 779 778
11 1 780 779
11 1 781 780
11 1 782 781
11 1 783 782
11 1 784 783
11 1 785 784
11 1 786 785
11 1 787 786
11 1 788 787
11 1 789 788
11 1 790 789
11 1 791 790
11 1 792 791
11 1 793 792
11 1 794 793
11 1 795 794
11 1 796 795
11 1 797 796
11 1 798 797
11 1 799 798
11 1 800 799
11 1 801 800
11 1 802 801
11 1 803 802
11 1 804 803
11 1 805 804
11 1 806 805
11 1 807 806
11 1 808 807
11 1 809 808
11 1 810 809
11 1 811 810
11 1 812 811
11 1 813 812
11 1 814 813
11 1 815 814
11 1 816 815
11 1 817 816
11 1 818 817
11 1 819 818
11 1 820 819
11 1 821 820
11 1 822 821
11 1 823 822
11 1 824 823
11 1 825 824
11 1 826 825
11 1 827 826
11 1 828 827
11 1 829 828
11 1 830 829
11 1 831 830
11 1 832 831
11 1 833 832
11 1 834 833
11 1 835 834
11 1 836 835
11 1 837 836
11 1 838 837
11 1 839 838
11 1 840 839
11 1 841 840
11 1 842 841
11 1 843 842
11 1 844 843
11 1 845 844
11 1 846 845
11 1 847 846
11 1 848 847
11 1 849 848
11 1 850 849
11 1 851 850
11 1 852 851
11 1 853 852
11 1 854 853
11 1 855 854
11 1 856 855
11 1 857 856
11 1 858 857
11 1 859 858
11 1 860 859
11 1 861 860
11 1 862 861
11 1 863 862
11 1 864 863
11 1 865 864
11 1 866 865
11 1 867 866
11 1 868 867
11 1 869 868
11 1 870 869
11 1 871 870
11 1 872 871

vertices
873
2
0 0.00156
3.25e-05 0.00156
6.499999999999999e-05 0.00156
9.75e-05 0.00156
0.00013 0.00156
0.0001625 0.00156
0.000195 0.00156
0.0002275 0.00156
0.00026 0.00156
0.0002925 0.00156
0.000325 0.00156
0.0003575 0.00156
0.00039 0.00156
0.0004225 0.00156
0.000455 0.00156
0.0004875 0.00156
0.00052 0.00156
0.0005525 0.00156
0.000585 0.00156
0.0006175 0.00156
0.00065 0.00156
0.0006824999999999999 0.00156
0.000715 0.00156
0.0007475 0.00156
0.00078 0.00156
0.0008125 0.00156
0.000845 0.00156
0.0008775 0.00156
0.00091 0.00156
0.0009425 0.00156
0.000975 0.00156
0.0010075 0.00156
0.00104 0.00156
0.0010725 0.00156
0.001105 0.00156
0.0011375 0.00156
0.00117 0.00156
0.0012025 0.00156
0.001235 0.00156
0.0012675 0.00156
0.0013 0.00156
0.0013325 0.00156
0.001365 0.00156
0.0013975 0.00156
0.00143 0.00156
0.0014625 0.00156
0.001495 0.00156
0.0015275 0.00156
0.00156 0.00156
0.0015925 0.00156
0.001625 0.00156
0.0016575 0.00156
0.00169 0.00156
0.0017225 0.00156
0.001755 0.00156
0.0017875 0.00156
0.00182 0.00156
0.0018525 0.00156
0.001885 0.00156
0.0019175 0.00156
0.00195 0.00156
0.0019825 0.00156
0.002015 0.00156
0.0020475 0.00156
0.00208 0.00156
0.0021125 0.00156
0.002145 0.00156
0.0021775 0.00156
0.00221 0.00156
0.0022425 0.00156
0.002275 0.00156
0.0023075 0.00156
0.00234 0.00156
0.0023725 0.00156
0.002405 0.00156
0.0024375 0.00156
0.00247 0.00156
0.0025025 0.00156
0.002535 0.00156
0.0025675 0.00156
0.0026 0.00156
0.0026325 0.00156
0.002665 0.00156
0.0026975 0.00156
0.00273 0.00156
0.0027625 0.00156
0.002795 0.00156
0.0028275 0.00156
0.00286 0.00156
0.0028925 0.00156
0.002925 0.00156
0.0029575 0.00156
0.00299 0.00156
0.0030225 0.00156
0.003055 0.00156
0.0030875 0.00156
0.00312 0.00156
0 0.0015925
3.25e-05 0.0015925
6.499999999999999e-05 0.0015925
9.75e-05 0.0015925
0.00013 0.0015925
0.0001625 0.0015925
0.000195 0.0015925
0.0002275 0.0015925
0.00026 0.0015925
0.0002925 0.0015925
0.000325 0.0015925
0.0003575 0.0015925
0.00039 0.0015925
0.0004225 0.0015925
0.000455 0.0015925
0.0004875 0.0015925
0.00052 0.0015925
0.0005525 0.0015925
0.000585 0.0015925
0.0006175 0.0015925
0.00065 0.0015925
0.0006824999999999999 0.0015925
0.000715 0.0015925
0.0007475 0.0015925
0.00078 0.0015925
0.0008125 0.0015925
0.000845 0.0015925
0.0008775 0.0015925
0.00091 0.0015925
0.0009425 0.0015925
0.000975 0.0015925
0.0010075 0.0015925
0.00104 0.0015925
0.0010725 0.0015925
0.001105 0.0015925
0.0011375 0.0015925
0.00117 0.0015925
0.0012025 0.0015925
0.001235 0.0015925
0.0012675 0.0015925
0.0013 0.0015925
0.0013325 0.0015925
0.001365 0.0015925
0.0013975 0.0015925
0.00143 0.0015925
0.0014625 0.0015925
0.001495 0.0015925
0.0015275 0.0015925
0.00156 0.0015925
0.0015925 0.0015925
0.001625 0.0015925
0.0016575 0.0015925
0.00169 0.0015925
0.0017225 0.0015925
0.001755 0.0015925
0.0017875 0.0015925
0.00182 0.0015925
0.0018525 0.0015925
0.001885 0.0015925
0.0019175 0.0015925
0.00195 0.0015925
0.0019825 0.0015925
0.002015 0.0015925
0.0020475 0.0015925
0.00208 0.0015925
0.0021125 0.0015925
0.002145 0.0015925
0.0021775 0.0015925
0.00221 0.0015925
0.0022425 0.0015925
0.002275 0.0015925
0.0023075 0.0015925
0.00234 0.0015925
0.0023725 0.0015925
0.002405 0.0015925
0.0024375 0.0015925
0.00247 0.0015925
0.0025025 0.0015925
0.002535 0.0015925
0.0025675 0.0015925
0.0026 0.0015925
0.0026325 0.0015925
0.002665 0.0015925
0.0026975 0.0015925
0.00273 0.0015925
0.0027625 0.0015925
0.002795 0.0015925
0.0028275 0.0015925
0.00286 0.0015925
0.0028925 0.0015925
0.002925 0.0015925
0.0029575 0.0015925
0.00299 0.0015925
0.0030225 0.0015925
0.003055 0.0015925
0.0030875 0.0015925
0.00312 0.0015925
0 0.001625
3.25e-05 0.001625
6.499999999999999e-05 0.001625
9.75e-05 0.001625
0.00013 0.001625
0.0001625 0.001625
0.000195 0.001625
0.0002275 0.001625
0.00026 0.001625
0.0002925 0.001625
0.000325 0.001625
0.0003575 0.001625
0.00039 0.001625
0.0004225 0.001625
0.000455 0.001625
0.0004875 0.001625
0.00052 0.001625
0.0005525 0.001625
0.000585 0.001625
0.0006175 0.001625
0.00065 0.001625
0.0006824999999999999 0.001625
0.000715 0.001625
0.0007475 0.001625
0.00078 0.001625
0.0008125 0.001625
0.000845 0.001625
0.0008775 0.001625
0.00091 0.001625
0.0009425 0.001625
0.000975 0.001625
0.0010075 0.001625
0.00104 0.001625
0.0010725 0.001625
0.001105 0.001625
0.0011375 0.001625
0.00117 0.001625
0.0012025 0.001625
0.001235 0.001625
0.0012675 0.001625
0.0013 0.001625
0.0013325 0.001625
0.001365 0.001625
0.0013975 0.001625
0.00143 0.001625
0.0014625 0.001625
0.001495 0.001625
0.0015275 0.001625
0.00156 0.001625
0.0015925 0.001625
0.001625 0.001625
0.0016575 0.001625
0.00169 0.001625
0.0017225 0.001625
0.001755 0.001625
0.0017875 0.001625
0.00182 0.001625
0.0018525 0.001625
0.001885 0.001625
0.0019175 0.001625
0.00195 0.001625
0.0019825 0.001625
0.002015 0.001625
0.0020475 0.001625
0.00208 0.001625
0.0021125 0.001625
0.002145 0.001625
0.0021775 0.001625
0.00221 0.001625
0.0022425 0.001625
0.002275 0.001625
0.0023075 0.001625
0.00234 0.001625
0.0023725 0.001625
0.002405 0.001625
0.0024375 0.001625
0.00247 0.001625
0.0025025 0.001625
0.002535 0.001625
0.0025675 0.001625
0.0026 0.001625
0.0026325 0.001625
0.002665 0.001625
0.0026975 0.001625
0.00273 0.001625
0.0027625 0.001625
0.002795 0.001625
0.0028275 0.001625
0.00286 0.001625
0.0028925 0.001625
0.002925 0.001625
0.0029575 0.001625
0.00299 0.001625
0.0030225 0.001625
0.003055 0.001625
0.0030875 0.001625
0.00312 0.001625
0 0.0016575
3.25e-05 0.0016575
6.499999999999999e-05 0.0016575
9.75e-05 0.0016575
0.00013 0.0016575
0.0001625 0.0016575
0.000195 0.0016575
0.0002275 0.0016575
0.00026 0.0016575
0.0002925 0.0016575
0.000325 0.0016575
0.0003575 0.0016575
0.00039 0.0016575
0.0004225 0.0016575
0.000455 0.0016575
0.0004875 0.0016575
0.00052 0.0016575
0.0005525 0.0016575
0.000585 0.0016575
0.0006175 0.0016575
0.00065 0.0016575
0.0006824999999999999 0.0016575
0.000715 0.0016575
0.0007475 0.0016575
0.00078 0.0016575
0.0008125 0.0016575
0.000845 0.0016575
0.0008775 0.0016575
0.00091 0.0016575
0.0009425 0.0016575
0.000975 0.0016575
0.0010075 0.0016575
0.00104 0.0016575
0.0010725 0.0016575
0.001105 0.0016575
0.0011375 0.0016575
0.00117 0.0016575
0.0012025 0.0016575
0.001235 0.0016575
0.0012675 0.0016575
0.0013 0.0016575
0.0013325 0.0016575
0.001365 0.0016575
0.0013975 0.0016575
0.00143 0.0016575
0.0014625 0.0016575
0.001495 0.0016575
0.0015275 0.0016575
0.00156 0.0016575
0.0015925 0.0016575
0.001625 0.0016575
0.0016575 0.0016575
0.00169 0.0016575
0.0017225 0.0016575
0.001755 0.0016575
0.0017875 0.0016575
0.00182 0.0016575
0.0018525 0.0016575
0.001885 0.0016575
0.0019175 0.0016575
0.00195 0.0016575
0.0019825 0.0016575
0.002015 0.0016575
0.0020475 0.0016575
0.00208 0.0016575
0.0021125 0.0016575
0.002145 0.0016575
0.0021775 0.0016575
0.00221 0.0016575
0.0022425 0.0016575
0.002275 0.0016575
0.0023075 0.0016575
0.00234 0.0016575
0.0023725 0.0016575
0.002405 0.0016575
0.0024375 0.0016575
0.00247 0.0016575
0.0025025 0.0016575
0.002535 0.0016575
0.0025675 0.0016575
0.0026 0.0016575
0.0026325 0.0016575
0.002665 0.0016575
0.0026975 0.0016575
0.00273 0.0016575
0.0027625 0.0016575
0.002795 0.0016575
0.0028275 0.0016575
0.00286 0.0016575
0.0028925 0.0016575
0.002925 0.0016575
0.0029575 0.0016575
0.00299 0.0016575
0.0030225 0.0016575
0.003055 0.0016575
0.0030875 0.0016575
0.00312 0.0016575
0 0.00169
3.25e-05 0.00169
6.499999999999999e-05 0.00169
9.75e-05 0.00169
0.00013 0.00169
0.0001625 0.00169
0.000195 0.00169
0.0002275 0.00169
0.00026 0.00169
0.0002925 0.00169
0.000325 0.00169
0.0003575 0.00169
0.00039 0.00169
0.0004225 0.00169
0.000455 0.00169
0.0004875 0.00169
0.00052 0.00169
0.0005525 0.00169
0.000585 0.00169
0.0006175 0.00169
0.00065 0.00169
0.0006824999999999999 0.00169
0.000715 0.00169
0.0007475 0.00169
0.00078 0.00169
0.0008125 0.00169
0.000845 0.00169
0.0008775 0.00169
0.00091 0.00169
0.0009425 0.00169
0.000975 0.00169
0.0010075 0.00169
0.00104 0.00169
0.0010725 0.00169
0.001105 0.00169
0.0011375 0.00169
0.00117 0.00169
0.0012025 0.00169
0.001235 0.00169
0.0012675 0.00169
0.0013 0.00169
0.0013325 0.00169
0.001365 0.00169
0.0013975 0.00169
0.00143 0.00169
0.0014625 0.00169
0.001495 0.00169
0.0015275 0.00169
0.00156 0.00169
0.0015925 0.00169
0.001625 0.00169
0.0016575 0.00169
0.00169 0.00169
0.0017225 0.00169
0.001755 0.00169
0.0017875 0.00169
0.00182 0.00169
0.0018525 0.00169
0.001885 0.00169
0.0019175 0.00169
0.00195 0.00169
0.0019825 0.00169
0.002015 0.00169
0.0020475 0.00169
0.00208 0.00169
0.0021125 0.00169
0.002145 0.00169
0.0021775 0.00169
0.00221 0.00169
0.0022425 0.00169
0.002275 0.00169
0.0023075 0.00169
0.00234 0.00169
0.0023725 0.00169
0.002405 0.00169
0.0024375 0.00169
0.00247 0.00169
0.0025025 0.00169
0.002535 0.00169
0.0025675 0.00169
0.0026 0.00169
0.0026325 0.00169
0.002665 0.00169
0.0026975 0.00169
0.00273 0.00169
0.0027625 0.00169
0.002795 0.00169
0.0028275 0.00169
0.00286 0.00169
0.0028925 0.00169
0.002925 0.00169
0.0029575 0.00169
0.00299 0.00169
0.0030225 0.00169
0.003055 0.00169
0.0030875 0.00169
0.00312 0.00169
0 0.0017225
3.25e-05 0.0017225
6.499999999999999e-05 0.0017225
9.75e-05 0.0017225
0.00013 0.0017225
0.0001625 0.0017225
0.000195 0.0017225
0.0002275 0.0017225
0.00026 0.0017225
0.0002925 0.0017225
0.000325 0.0017225
0.0003575 0.0017225
0.00039 0.0017225
0.0004225 0.0017225
0.000455 0.0017225
0.0004875 0.0017225
0.00052 0.0017225
0.0005525 0.0017225
0.000585 0.0017225
0.0006175 0.0017225
0.00065 0.0017225
0.0006824999999999999 0.0017225
0.000715 0.0017225
0.0007475 0.0017225
0.00078 0.0017225
0.0008125 0.0017225
0.000845 0.0017225
0.0008775 0.0017225
0.00091 0.0017225
0.0009425 0.0017225
0.000975 0.0017225
0.0010075 0.0017225
0.00104 0.0017225
0.0010725 0.0017225
0.001105 0.0017225
0.0011375 0.0017225
0.00117 0.0017225
0.0012025 0.0017225
0.001235 0.0017225
0.0012675 0.0017225
0.0013 0.0017225
0.0013325 0.0017225
0.001365 0.0017225
0.0013975 0.0017225
0.00143 0.0017225
0.0014625 0.0017225
0.001495 0.0017225
0.0015275 0.0017225
0.00156 0.0017225
0.0015925 0.0017225
0.001625 0.0017225
0.0016575 0.0017225
0.00169 0.0017225
0.0017225 0.0017225
0.001755 0.0017225
0.0017875 0.0017225
0.00182 0.0017225
0.0018525 0.0017225
0.001885 0.0017225
0.0019175 0.0017225
0.00195 0.0017225
0.0019825 0.0017225
0.002015 0.0017225
0.0020475 0.0017225
0.00208 0.0017225
0.0021125 0.0017225
0.002145 0.0017225
0.0021775 0.0017225
0.00221 0.0017225
0.0022425 0.0017225
0.002275 0.0017225
0.0023075 0.0017225
0.00234 0.0017225
0.0023725 0.0017225
0.002405 0.0017225
0.0024375 0.0017225
0.00247 0.0017225
0.0025025 0.0017225
0.002535 0.0017225
0.0025675 0.0017225
0.0026 0.0017225
0.0026325 0.0017225
0.002665 0.0017225
0.0026975 0.0017225
0.00273 0.0017225
0.0027625 0.0017225
0.002795 0.0017225
0.0028275 0.0017225
0.00286 0.0017225
0.0028925 0.0017225
0.002925 0.0017225
0.0029575 0.0017225
0.00299 0.0017225
0.0030225 0.0017225
0.003055 0.0017225
0.0030875 0.0017225
0.00312 0.0017225
0 0.001755
3.25e-05 0.001755
6.499999999999999e-05 0.001755
9.75e-05 0.001755
0.00013 0.001755
0.0001625 0.001755
0.000195 0.001755
0.0002275 0.001755
0.00026 0.001755
0.0002925 0.001755
0.000325 0.001755
0.0003575 0.001755
0.00039 0.001755
0.0004225 0.001755
0.000455 0.001755
0.0004875 0.001755
0.00052 0.001755
0.0005525 0.001755
0.000585 0.001755
0.0006175 0.001755
0.00065 0.001755
0.0006824999999999999 0.001755
0.000715 0.001755
0.0007475 0.001755
0.00078 0.001755
0.0008125 0.001755
0.000845 0.001755
0.0008775 0.001755
0.00091 0.001755
0.0009425 0.001755
0.000975 0.001755
0.0010075 0.001755
0.00104 0.001755
0.0010725 0.001755
0.001105 0.001755
0.0011375 0.001755
0.00117 0.001755
0.0012025 0.001755
0.001235 0.001755
0.0012675 0.001755
0.0013 0.001755
0.0013325 0.001755
0.001365 0.001755
0.0013975 0.001755
0.00143 0.001755
0.0014625 0.001755
0.001495 0.001755
0.0015275 0.001755
0.00156 0.001755
0.0015925 0.001755
0.001625 0.001755
0.0016575 0.001755
0.00169 0.001755
0.0017225 0.001755
0.001755 0.001755
0.0017875 0.001755
0.00182 0.001755
0.0018525 0.001755
0.001885 0.001755
0.0019175 0.001755
0.00195 0.001755
0.0019825 0.001755
0.002015 0.001755
0.0020475 0.001755
0.00208 0.001755
0.0021125 0.001755
0.002145 0.001755
0.0021775 0.001755
0.00221 0.001755
0.0022425 0.001755
0.002275 0.001755
0.0023075 0.001755
0.00234 0.001755
0.0023725 0.001755
0.002405 0.001755
0.0024375 0.001755
0.00247 0.001755
0.0025025 0.001755
0.002535 0.001755
0.0025675 0.001755
0.0026 0.001755
0.0026325 0.001755
0.002665 0.001755
0.0026975 0.001755
0.00273 0.001755
0.0027625 0.001755
0.002795 0.001755
0.0028275 0.001755
0.00286 0.001755
0.0028925 0.001755
0.002925 0.001755
0.0029575 0.001755
0.00299 0.001755
0.0030225 0.001755
0.003055 0.001755
0.0030875 0.001755
0.00312 0.001755
0 0.0017875
3.25e-05 0.0017875
6.499999999999999e-05 0.0017875
9.75e-05 0.0017875
0.00013 0.0017875
0.0001625 0.0017875
0.000195 0.0017875
0.0002275 0.0017875
0.00026 0.0017875
0.0002925 0.0017875
0.000325 0.0017875
0.0003575 0.0017875
0.00039 0.0017875
0.0004225 0.0017875
0.000455 0.0017875
0.0004875 0.0017875
0.00052 0.0017875
0.0005525 0.0017875
0.000585 0.0017875
0.0006175 0.0017875
0.00065 0.0017875
0.0006824999999999999 0.0017875
0.000715 0.0017875
0.0007475 0.0017875
0.00078 0.0017875
0.0008125 0.0017875
0.000845 0.0017875
0.0008775 0.0017875
0.00091 0.0017875
0.0009425 0.0017875
0.000975 0.0017875
0.0010075 0.0017875
0.00104 0.0017875
0.0010725 0.0017875
0.001105 0.0017875
0.0011375 0.0017875
0.00117 0.0017875
0.0012025 0.0017875
0.001235 0.0017875
0.0012675 0.0017875
0.0013 0.0017875
0.0013325 0.0017875
0.001365 0.0017875
0.0013975 0.0017875
0.00143 0.0017875
0.0014625 0.0017875
0.001495 0.0017875
0.0015275 0.0017875
0.00156 0.0017875
0.0015925 0.0017875
0.001625 0.0017875
0.0016575 0.0017875
0.00169 0.0017875
0.0017225 0.0017875
0.001755 0.0017875
0.0017875 0.0017875
0.00182 0.0017875
0.0018525 0.0017875
0.001885 0.0017875
0.0019175 0.0017875
0.00195 0.0017875
0.0019825 0.0017875
0.002015 0.0017875
0.0020475 0.0017875
0.00208 0.0017875
0.0021125 0.0017875
0.002145 0.0017875
0.0021775 0.0017875
0.00221 0.0017875
0.0022425 0.0017875
0.002275 0.0017875
0.0023075 0.0017875
0.00234 0.0017875
0.0023725 0.0017875
0.002405 0.0017875
0.0024375 0.0017875
0.00247 0.0017875
0.0025025 0.0017875
0.002535 0.0017875
0.0025675 0.0017875
0.0026 0.0017875
0.0026325 0.0017875
0.002665 0.0017875
0.0026975 0.0017875
0.00273 0.0017875
0.0027625 0.0017875
0.002795 0.0017875
0.0028275 0.0017875
0.00286 0.0017875
0.0028925 0.0017875
0.002925 0.0017875
0.0029575 0.0017875
0.00299 0.0017875
0.0030225 0.0017875
0.003055 0.0017875
0.0030875 0.0017875
0.00312 0.0017875
0 0.00182
3.25e-05 0.00182
6.499999999999999e-05 0.00182
9.75e-05 0.00182
0.00013 0.00182
0.0001625 0.00182
0.000195 0.00182
0.0002275 0.00182
0.00026 0.00182
0.0002925 0.00182
0.000325 0.00182
0.0003575 0.00182
0.00039 0.00182
0.0004225 0.00182
0.000455 0.00182
0.0004875 0.00182
0.00052 0.00182
0.0005525 0.00182
0.000585 0.00182
0.0006175 0.00182
0.00065 0.00182
0.0006824999999999999 0.00182
0.000715 0.00182
0.0007475 0.00182
0.00078 0.00182
0.0008125 0.00182
0.000845 0.00182
0.0008775 0.00182
0.00091 0.00182
0.0009425 0.00182
0.000975 0.00182
0.0010075 0.00182
0.00104 0.00182
0.0010725 0.00182
0.001105 0.00182
0.0011375 0.00182
0.00117 0.00182
0.0012025 0.00182
0.001235 0.00182
0.0012675 0.00182
0.0013 0.00182
0.0013325 0.00182
0.001365 0.00182
0.0013975 0.00182
0.00143 0.00182
0.0014625 0.00182
0.001495 0.00182
0.0015275 0.00182
0.00156 0.00182
0.0015925 0.00182
0.001625 0.00182
0.0016575 0.00182
0.00169 0.00182
0.0017225 0.00182
0.001755 0.00182
0.0017875 0.00182
0.00182 0.00182
0.0018525 0.00182
0.001885 0.00182
0.0019175 0.00182
0.00195 0.00182
0.0019825 0.00182
0.002015 0.00182
0.0020475 0.00182
0.00208 0.00182
0.0021125 0.00182
0.002145 0.00182
0.0021775 0.00182
0.00221 0.00182
0.0022425 0.00182
0.002275 0.00182
0.0023075 0.00182
0.00234 0.00182
0.0023725 0.00182
0.002405 0.00182
0.0024375 0.00182
0.00247 0.00182
0.0025025 0.00182
0.002535 0.00182
0.0025675 0.00182
0.0026 0.00182
0.0026325 0.00182
0.002665 0.00182
0.0026975 0.00182
0.00273 0.00182
0.0027625 0.00182
0.002795 0.00182
0.0028275 0.00182
0.00286 0.00182
0.0028925 0.00182
0.002925 0.00182
0.0029575 0.00182
0.00299 0.00182
0.0030225 0.00182
0.003055 0.00182
0.0030875 0.00182
0.00312 0.00182
