MFEM mesh v1.0

#
# MFEM Geometry Types (see mesh/geom.hpp):
#
# POINT       = 0
# SEGMENT     = 1
# TRIANGLE    = 2
# SQUARE      = 3
# TETRAHEDRON = 4
# CUBE        = 5
# PRISM       = 6
#

dimension
3

elements
400
1 5 0 1 82 81 486 487 568 567
1 5 1 2 83 82 487 488 569 568
1 5 2 3 84 83 488 489 570 569
1 5 3 4 85 84 489 490 571 570
1 5 4 5 86 85 490 491 572 571
1 5 5 6 87 86 491 492 573 572
1 5 6 7 88 87 492 493 574 573
1 5 7 8 89 88 493 494 575 574
1 5 8 9 90 89 494 495 576 575
1 5 9 10 91 90 495 496 577 576
1 5 10 11 92 91 496 497 578 577
1 5 11 12 93 92 497 498 579 578
1 5 12 13 94 93 498 499 580 579
1 5 13 14 95 94 499 500 581 580
1 5 14 15 96 95 500 501 582 581
1 5 15 16 97 96 501 502 583 582
1 5 16 17 98 97 502 503 584 583
1 5 17 18 99 98 503 504 585 584
1 5 18 19 100 99 504 505 586 585
1 5 19 20 101 100 505 506 587 586
1 5 20 21 102 101 506 507 588 587
1 5 21 22 103 102 507 508 589 588
1 5 22 23 104 103 508 509 590 589
1 5 23 24 105 104 509 510 591 590
1 5 24 25 106 105 510 511 592 591
1 5 25 26 107 106 511 512 593 592
1 5 26 27 108 107 512 513 594 593
1 5 27 28 109 108 513 514 595 594
1 5 28 29 110 109 514 515 596 595
1 5 29 30 111 110 515 516 597 596
1 5 30 31 112 111 516 517 598 597
1 5 31 32 113 112 517 518 599 598
1 5 32 33 114 113 518 519 600 599
1 5 33 34 115 114 519 520 601 600
1 5 34 35 116 115 520 521 602 601
1 5 35 36 117 116 521 522 603 602
1 5 36 37 118 117 522 523 604 603
1 5 37 38 119 118 523 524 605 604
1 5 38 39 120 119 524 525 606 605
1 5 39 40 121 120 525 526 607 606
1 5 40 41 122 121 526 527 608 607
1 5 41 42 123 122 527 528 609 608
1 5 42 43 124 123 528 529 610 609
1 5 43 44 125 124 529 530 611 610
1 5 44 45 126 125 530 531 612 611
1 5 45 46 127 126 531 532 613 612
1 5 46 47 128 127 532 533 614 613
1 5 47 48 129 128 533 534 615 614
1 5 48 49 130 129 534 535 616 615
1 5 49 50 131 130 535 536 617 616
1 5 50 51 132 131 536 537 618 617
1 5 51 52 133 132 537 538 619 618
1 5 52 53 134 133 538 539 620 619
1 5 53 54 135 134 539 540 621 620
1 5 54 55 136 135 540 541 622 621
1 5 55 56 137 136 541 542 623 622
1 5 56 57 138 137 542 543 624 623
1 5 57 58 139 138 543 544 625 624
1 5 58 59 140 139 544 545 626 625
1 5 59 60 141 140 545 546 627 626
1 5 60 61 142 141 546 547 628 627
1 5 61 62 143 142 547 548 629 628
1 5 62 63 144 143 548 549 630 629
1 5 63 64 145 144 549 550 631 630
1 5 64 65 146 145 550 551 632 631
1 5 65 66 147 146 551 552 633 632
1 5 66 67 148 147 552 553 634 633
1 5 67 68 149 148 553 554 635 634
1 5 68 69 150 149 554 555 636 635
1 5 69 70 151 150 555 556 637 636
1 5 70 71 152 151 556 557 638 637
1 5 71 72 153 152 557 558 639 638
1 5 72 73 154 153 558 559 640 639
1 5 73 74 155 154 559 560 641 640
1 5 74 75 156 155 560 561 642 641
1 5 75 76 157 156 561 562 643 642
1 5 76 77 158 157 562 563 644 643
1 5 77 78 159 158 563 564 645 644
1 5 78 79 160 159 564 565 646 645
1 5 79 80 161 160 565 566 647 646
1 5 81 82 163 162 567 568 649 648
1 5 82 83 164 163 568 569 650 649
1 5 83 84 165 164 569 570 651 650
1 5 84 85 166 165 570 571 652 651
1 5 85 86 167 166 571 572 653 652
1 5 86 87 168 167 572 573 654 653
1 5 87 88 169 168 573 574 655 654
1 5 88 89 170 169 574 575 656 655
1 5 89 90 171 170 575 576 657 656
1 5 90 91 172 171 576 577 658 657
1 5 91 92 173 172 577 578 659 658
1 5 92 93 174 173 578 579 660 659
1 5 93 94 175 174 579 580 661 660
1 5 94 95 176 175 580 581 662 661
1 5 95 96 177 176 581 582 663 662
1 5 96 97 178 177 582 583 664 663
1 5 97 98 179 178 583 584 665 664
1 5 98 99 180 179 584 585 666 665
1 5 99 100 181 180 585 586 667 666
1 5 100 101 182 181 586 587 668 667
1 5 101 102 183 182 587 588 669 668
1 5 102 103 184 183 588 589 670 669
1 5 103 104 185 184 589 590 671 670
1 5 104 105 186 185 590 591 672 671
1 5 105 106 187 186 591 592 673 672
1 5 106 107 188 187 592 593 674 673
1 5 107 108 189 188 593 594 675 674
1 5 108 109 190 189 594 595 676 675
1 5 109 110 191 190 595 596 677 676
1 5 110 111 192 191 596 597 678 677
1 5 111 112 193 192 597 598 679 678
1 5 112 113 194 193 598 599 680 679
1 5 113 114 195 194 599 600 681 680
1 5 114 115 196 195 600 601 682 681
1 5 115 116 197 196 601 602 683 682
1 5 116 117 198 197 602 603 684 683
1 5 117 118 199 198 603 604 685 684
1 5 118 119 200 199 604 605 686 685
1 5 119 120 201 200 605 606 687 686
1 5 120 121 202 201 606 607 688 687
1 5 121 122 203 202 607 608 689 688
1 5 122 123 204 203 608 609 690 689
1 5 123 124 205 204 609 610 691 690
1 5 124 125 206 205 610 611 692 691
1 5 125 126 207 206 611 612 693 692
1 5 126 127 208 207 612 613 694 693
1 5 127 128 209 208 613 614 695 694
1 5 128 129 210 209 614 615 696 695
1 5 129 130 211 210 615 616 697 696
1 5 130 131 212 211 616 617 698 697
1 5 131 132 213 212 617 618 699 698
1 5 132 133 214 213 618 619 700 699
1 5 133 134 215 214 619 620 701 700
1 5 134 135 216 215 620 621 702 701
1 5 135 136 217 216 621 622 703 702
1 5 136 137 218 217 622 623 704 703
1 5 137 138 219 218 623 624 705 704
1 5 138 139 220 219 624 625 706 705
1 5 139 140 221 220 625 626 707 706
1 5 140 141 222 221 626 627 708 707
1 5 141 142 223 222 627 628 709 708
1 5 142 143 224 223 628 629 710 709
1 5 143 144 225 224 629 630 711 710
1 5 144 145 226 225 630 631 712 711
1 5 145 146 227 226 631 632 713 712
1 5 146 147 228 227 632 633 714 713
1 5 147 148 229 228 633 634 715 714
1 5 148 149 230 229 634 635 716 715
1 5 149 150 231 230 635 636 717 716
1 5 150 151 232 231 636 637 718 717
1 5 151 152 233 232 637 638 719 718
1 5 152 153 234 233 638 639 720 719
1 5 153 154 235 234 639 640 721 720
1 5 154 155 236 235 640 641 722 721
1 5 155 156 237 236 641 642 723 722
1 5 156 157 238 237 642 643 724 723
1 5 157 158 239 238 643 644 725 724
1 5 158 159 240 239 644 645 726 725
1 5 159 160 241 240 645 646 727 726
1 5 160 161 242 241 646 647 728 727
1 5 162 163 244 243 648 649 730 729
1 5 163 164 245 244 649 650 731 730
1 5 164 165 246 245 650 651 732 731
1 5 165 166 247 246 651 652 733 732
1 5 166 167 248 247 652 653 734 733
1 5 167 168 249 248 653 654 735 734
1 5 168 169 250 249 654 655 736 735
1 5 169 170 251 250 655 656 737 736
1 5 170 171 252 251 656 657 738 737
1 5 171 172 253 252 657 658 739 738
1 5 172 173 254 253 658 659 740 739
1 5 173 174 255 254 659 660 741 740
1 5 174 175 256 255 660 661 742 741
1 5 175 176 257 256 661 662 743 742
1 5 176 177 258 257 662 663 744 743
1 5 177 178 259 258 663 664 745 744
1 5 178 179 260 259 664 665 746 745
1 5 179 180 261 260 665 666 747 746
1 5 180 181 262 261 666 667 748 747
1 5 181 182 263 262 667 668 749 748
1 5 182 183 264 263 668 669 750 749
1 5 183 184 265 264 669 670 751 750
1 5 184 185 266 265 670 671 752 751
1 5 185 186 267 266 671 672 753 752
1 5 186 187 268 267 672 673 754 753
1 5 187 188 269 268 673 674 755 754
1 5 188 189 270 269 674 675 756 755
1 5 189 190 271 270 675 676 757 756
1 5 190 191 272 271 676 677 758 757
1 5 191 192 273 272 677 678 759 758
1 5 192 193 274 273 678 679 760 759
1 5 193 194 275 274 679 680 761 760
1 5 194 195 276 275 680 681 762 761
1 5 195 196 277 276 681 682 763 762
1 5 196 197 278 277 682 683 764 763
1 5 197 198 279 278 683 684 765 764
1 5 198 199 280 279 684 685 766 765
1 5 199 200 281 280 685 686 767 766
1 5 200 201 282 281 686 687 768 767
1 5 201 202 283 282 687 688 769 768
1 5 202 203 284 283 688 689 770 769
1 5 203 204 285 284 689 690 771 770
1 5 204 205 286 285 690 691 772 771
1 5 205 206 287 286 691 692 773 772
1 5 206 207 288 287 692 693 774 773
1 5 207 208 289 288 693 694 775 774
1 5 208 209 290 289 694 695 776 775
1 5 209 210 291 290 695 696 777 776
1 5 210 211 292 291 696 697 778 777
1 5 211 212 293 292 697 698 779 778
1 5 212 213 294 293 698 699 780 779
1 5 213 214 295 294 699 700 781 780
1 5 214 215 296 295 700 701 782 781
1 5 215 216 297 296 701 702 783 782
1 5 216 217 298 297 702 703 784 783
1 5 217 218 299 298 703 704 785 784
1 5 218 219 300 299 704 705 786 785
1 5 219 220 301 300 705 706 787 786
1 5 220 221 302 301 706 707 788 787
1 5 221 222 303 302 707 708 789 788
1 5 222 223 304 303 708 709 790 789
1 5 223 224 305 304 709 710 791 790
1 5 224 225 306 305 710 711 792 791
1 5 225 226 307 306 711 712 793 792
1 5 226 227 308 307 712 713 794 793
1 5 227 228 309 308 713 714 795 794
1 5 228 229 310 309 714 715 796 795
1 5 229 230 311 310 715 716 797 796
1 5 230 231 312 311 716 717 798 797
1 5 231 232 313 312 717 718 799 798
1 5 232 233 314 313 718 719 800 799
1 5 233 234 315 314 719 720 801 800
1 5 234 235 316 315 720 721 802 801
1 5 235 236 317 316 721 722 803 802
1 5 236 237 318 317 722 723 804 803
1 5 237 238 319 318 723 724 805 804
1 5 238 239 320 319 724 725 806 805
1 5 239 240 321 320 725 726 807 806
1 5 240 241 322 321 726 727 808 807
1 5 241 242 323 322 727 728 809 808
1 5 243 244 325 324 729 730 811 810
1 5 244 245 326 325 730 731 812 811
1 5 245 246 327 326 731 732 813 812
1 5 246 247 328 327 732 733 814 813
1 5 247 248 329 328 733 734 815 814
1 5 248 249 330 329 734 735 816 815
1 5 249 250 331 330 735 736 817 816
1 5 250 251 332 331 736 737 818 817
1 5 251 252 333 332 737 738 819 818
1 5 252 253 334 333 738 739 820 819
1 5 253 254 335 334 739 740 821 820
1 5 254 255 336 335 740 741 822 821
1 5 255 256 337 336 741 742 823 822
1 5 256 257 338 337 742 743 824 823
1 5 257 258 339 338 743 744 825 824
1 5 258 259 340 339 744 745 826 825
1 5 259 260 341 340 745 746 827 826
1 5 260 261 342 341 746 747 828 827
1 5 261 262 343 342 747 748 829 828
1 5 262 263 344 343 748 749 830 829
1 5 263 264 345 344 749 750 831 830
1 5 264 265 346 345 750 751 832 831
1 5 265 266 347 346 751 752 833 832
1 5 266 267 348 347 752 753 834 833
1 5 267 268 349 348 753 754 835 834
1 5 268 269 350 349 754 755 836 835
1 5 269 270 351 350 755 756 837 836
1 5 270 271 352 351 756 757 838 837
1 5 271 272 353 352 757 758 839 838
1 5 272 273 354 353 758 759 840 839
1 5 273 274 355 354 759 760 841 840
1 5 274 275 356 355 760 761 842 841
1 5 275 276 357 356 761 762 843 842
1 5 276 277 358 357 762 763 844 843
1 5 277 278 359 358 763 764 845 844
1 5 278 279 360 359 764 765 846 845
1 5 279 280 361 360 765 766 847 846
1 5 280 281 362 361 766 767 848 847
1 5 281 282 363 362 767 768 849 848
1 5 282 283 364 363 768 769 850 849
1 5 283 284 365 364 769 770 851 850
1 5 284 285 366 365 770 771 852 851
1 5 285 286 367 366 771 772 853 852
1 5 286 287 368 367 772 773 854 853
1 5 287 288 369 368 773 774 855 854
1 5 288 289 370 369 774 775 856 855
1 5 289 290 371 370 775 776 857 856
1 5 290 291 372 371 776 777 858 857
1 5 291 292 373 372 777 778 859 858
1 5 292 293 374 373 778 779 860 859
1 5 293 294 375 374 779 780 861 860
1 5 294 295 376 375 780 781 862 861
1 5 295 296 377 376 781 782 863 862
1 5 296 297 378 377 782 783 864 863
1 5 297 298 379 378 783 784 865 864
1 5 298 299 380 379 784 785 866 865
1 5 299 300 381 380 785 786 867 866
1 5 300 301 382 381 786 787 868 867
1 5 301 302 383 382 787 788 869 868
1 5 302 303 384 383 788 789 870 869
1 5 303 304 385 384 789 790 871 870
1 5 304 305 386 385 790 791 872 871
1 5 305 306 387 386 791 792 873 872
1 5 306 307 388 387 792 793 874 873
1 5 307 308 389 388 793 794 875 874
1 5 308 309 390 389 794 795 876 875
1 5 309 310 391 390 795 796 877 876
1 5 310 311 392 391 796 797 878 877
1 5 311 312 393 392 797 798 879 878
1 5 312 313 394 393 798 799 880 879
1 5 313 314 395 394 799 800 881 880
1 5 314 315 396 395 800 801 882 881
1 5 315 316 397 396 801 802 883 882
1 5 316 317 398 397 802 803 884 883
1 5 317 318 399 398 803 804 885 884
1 5 318 319 400 399 804 805 886 885
1 5 319 320 401 400 805 806 887 886
1 5 320 321 402 401 806 807 888 887
1 5 321 322 403 402 807 808 889 888
1 5 322 323 404 403 808 809 890 889
1 5 324 325 406 405 810 811 892 891
1 5 325 326 407 406 811 812 893 892
1 5 326 327 408 407 812 813 894 893
1 5 327 328 409 408 813 814 895 894
1 5 328 329 410 409 814 815 896 895
1 5 329 330 411 410 815 816 897 896
1 5 330 331 412 411 816 817 898 897
1 5 331 332 413 412 817 818 899 898
1 5 332 333 414 413 818 819 900 899
1 5 333 334 415 414 819 820 901 900
1 5 334 335 416 415 820 821 902 901
1 5 335 336 417 416 821 822 903 902
1 5 336 337 418 417 822 823 904 903
1 5 337 338 419 418 823 824 905 904
1 5 338 339 420 419 824 825 906 905
1 5 339 340 421 420 825 826 907 906
1 5 340 341 422 421 826 827 908 907
1 5 341 342 423 422 827 828 909 908
1 5 342 343 424 423 828 829 910 909
1 5 343 344 425 424 829 830 911 910
1 5 344 345 426 425 830 831 912 911
1 5 345 346 427 426 831 832 913 912
1 5 346 347 428 427 832 833 914 913
1 5 347 348 429 428 833 834 915 914
1 5 348 349 430 429 834 835 916 915
1 5 349 350 431 430 835 836 917 916
1 5 350 351 432 431 836 837 918 917
1 5 351 352 433 432 837 838 919 918
1 5 352 353 434 433 838 839 920 919
1 5 353 354 435 434 839 840 921 920
1 5 354 355 436 435 840 841 922 921
1 5 355 356 437 436 841 842 923 922
1 5 356 357 438 437 842 843 924 923
1 5 357 358 439 438 843 844 925 924
1 5 358 359 440 439 844 845 926 925
1 5 359 360 441 440 845 846 927 926
1 5 360 361 442 441 846 847 928 927
1 5 361 362 443 442 847 848 929 928
1 5 362 363 444 443 848 849 930 929
1 5 363 364 445 444 849 850 931 930
1 5 364 365 446 445 850 851 932 931
1 5 365 366 447 446 851 852 933 932
1 5 366 367 448 447 852 853 934 933
1 5 367 368 449 448 853 854 935 934
1 5 368 369 450 449 854 855 936 935
1 5 369 370 451 450 855 856 937 936
1 5 370 371 452 451 856 857 938 937
1 5 371 372 453 452 857 858 939 938
1 5 372 373 454 453 858 859 940 939
1 5 373 374 455 454 859 860 941 940
1 5 374 375 456 455 860 861 942 941
1 5 375 376 457 456 861 862 943 942
1 5 376 377 458 457 862 863 944 943
1 5 377 378 459 458 863 864 945 944
1 5 378 379 460 459 864 865 946 945
1 5 379 380 461 460 865 866 947 946
1 5 380 381 462 461 866 867 948 947
1 5 381 382 463 462 867 868 949 948
1 5 382 383 464 463 868 869 950 949
1 5 383 384 465 464 869 870 951 950
1 5 384 385 466 465 870 871 952 951
1 5 385 386 467 466 871 872 953 952
1 5 386 387 468 467 872 873 954 953
1 5 387 388 469 468 873 874 955 954
1 5 388 389 470 469 874 875 956 955
1 5 389 390 471 470 875 876 957 956
1 5 390 391 472 471 876 877 958 957
1 5 391 392 473 472 877 878 959 958
1 5 392 393 474 473 878 879 960 959
1 5 393 394 475 474 879 880 961 960
1 5 394 395 476 475 880 881 962 961
1 5 395 396 477 476 881 882 963 962
1 5 396 397 478 477 882 883 964 963
1 5 397 398 479 478 883 884 965 964
1 5 398 399 480 479 884 885 966 965
1 5 399 400 481 480 885 886 967 966
1 5 400 401 482 481 886 887 968 967
1 5 401 402 483 482 887 888 969 968
1 5 402 403 484 483 888 889 970 969
1 5 403 404 485 484 889 890 971 970

boundary
970
5 3 81 82 1 0
1 3 81 0 486 567
5 3 82 83 2 1
5 3 83 84 3 2
5 3 84 85 4 3
5 3 85 86 5 4
5 3 86 87 6 5
5 3 87 88 7 6
5 3 88 89 8 7
5 3 89 90 9 8
5 3 90 91 10 9
5 3 91 92 11 10
5 3 92 93 12 11
5 3 93 94 13 12
5 3 94 95 14 13
5 3 95 96 15 14
5 3 96 97 16 15
5 3 97 98 17 16
5 3 98 99 18 17
5 3 99 100 19 18
5 3 100 101 20 19
5 3 101 102 21 20
5 3 102 103 22 21
5 3 103 104 23 22
5 3 104 105 24 23
5 3 105 106 25 24
5 3 106 107 26 25
5 3 107 108 27 26
5 3 108 109 28 27
5 3 109 110 29 28
5 3 110 111 30 29
5 3 111 112 31 30
5 3 112 113 32 31
5 3 113 114 33 32
5 3 114 115 34 33
5 3 115 116 35 34
5 3 116 117 36 35
5 3 117 118 37 36
5 3 118 119 38 37
5 3 119 120 39 38
5 3 120 121 40 39
5 3 121 122 41 40
5 3 122 123 42 41
5 3 123 124 43 42
5 3 124 125 44 43
5 3 125 126 45 44
5 3 126 127 46 45
5 3 127 128 47 46
5 3 128 129 48 47
5 3 129 130 49 48
5 3 130 131 50 49
5 3 131 132 51 50
5 3 132 133 52 51
5 3 133 134 53 52
5 3 134 135 54 53
5 3 135 136 55 54
5 3 136 137 56 55
5 3 137 138 57 56
5 3 138 139 58 57
5 3 139 140 59 58
5 3 140 141 60 59
5 3 141 142 61 60
5 3 142 143 62 61
5 3 143 144 63 62
5 3 144 145 64 63
5 3 145 146 65 64
5 3 146 147 66 65
5 3 147 148 67 66
5 3 148 149 68 67
5 3 149 150 69 68
5 3 150 151 70 69
5 3 151 152 71 70
5 3 152 153 72 71
5 3 153 154 73 72
5 3 154 155 74 73
5 3 155 156 75 74
5 3 156 157 76 75
5 3 157 158 77 76
5 3 158 159 78 77
5 3 159 160 79 78
5 3 160 161 80 79
3 3 80 161 647 566
5 3 162 163 82 81
1 3 162 81 567 648
5 3 163 164 83 82
5 3 164 165 84 83
5 3 165 166 85 84
5 3 166 167 86 85
5 3 167 168 87 86
5 3 168 169 88 87
5 3 169 170 89 88
5 3 170 171 90 89
5 3 171 172 91 90
5 3 172 173 92 91
5 3 173 174 93 92
5 3 174 175 94 93
5 3 175 176 95 94
5 3 176 177 96 95
5 3 177 178 97 96
5 3 178 179 98 97
5 3 179 180 99 98
5 3 180 181 100 99
5 3 181 182 101 100
5 3 182 183 102 101
5 3 183 184 103 102
5 3 184 185 104 103
5 3 185 186 105 104
5 3 186 187 106 105
5 3 187 188 107 106
5 3 188 189 108 107
5 3 189 190 109 108
5 3 190 191 110 109
5 3 191 192 111 110
5 3 192 193 112 111
5 3 193 194 113 112
5 3 194 195 114 113
5 3 195 196 115 114
5 3 196 197 116 115
5 3 197 198 117 116
5 3 198 199 118 117
5 3 199 200 119 118
5 3 200 201 120 119
5 3 201 202 121 120
5 3 202 203 122 121
5 3 203 204 123 122
5 3 204 205 124 123
5 3 205 206 125 124
5 3 206 207 126 125
5 3 207 208 127 126
5 3 208 209 128 127
5 3 209 210 129 128
5 3 210 211 130 129
5 3 211 212 131 130
5 3 212 213 132 131
5 3 213 214 133 132
5 3 214 215 134 133
5 3 215 216 135 134
5 3 216 217 136 135
5 3 217 218 137 136
5 3 218 219 138 137
5 3 219 220 139 138
5 3 220 221 140 139
5 3 221 222 141 140
5 3 222 223 142 141
5 3 223 224 143 142
5 3 224 225 144 143
5 3 225 226 145 144
5 3 226 227 146 145
5 3 227 228 147 146
5 3 228 229 148 147
5 3 229 230 149 148
5 3 230 231 150 149
5 3 231 232 151 150
5 3 232 233 152 151
5 3 233 234 153 152
5 3 234 235 154 153
5 3 235 236 155 154
5 3 236 237 156 155
5 3 237 238 157 156
5 3 238 239 158 157
5 3 239 240 159 158
5 3 240 241 160 159
5 3 241 242 161 160
3 3 161 242 728 647
5 3 243 244 163 162
1 3 243 162 648 729
5 3 244 245 164 163
5 3 245 246 165 164
5 3 246 247 166 165
5 3 247 248 167 166
5 3 248 249 168 167
5 3 249 250 169 168
5 3 250 251 170 169
5 3 251 252 171 170
5 3 252 253 172 171
5 3 253 254 173 172
5 3 254 255 174 173
5 3 255 256 175 174
5 3 256 257 176 175
5 3 257 258 177 176
5 3 258 259 178 177
5 3 259 260 179 178
5 3 260 261 180 179
5 3 261 262 181 180
5 3 262 263 182 181
5 3 263 264 183 182
5 3 264 265 184 183
5 3 265 266 185 184
5 3 266 267 186 185
5 3 267 268 187 186
5 3 268 269 188 187
5 3 269 270 189 188
5 3 270 271 190 189
5 3 271 272 191 190
5 3 272 273 192 191
5 3 273 274 193 192
5 3 274 275 194 193
5 3 275 276 195 194
5 3 276 277 196 195
5 3 277 278 197 196
5 3 278 279 198 197
5 3 279 280 199 198
5 3 280 281 200 199
5 3 281 282 201 200
5 3 282 283 202 201
5 3 283 284 203 202
5 3 284 285 204 203
5 3 285 286 205 204
5 3 286 287 206 205
5 3 287 288 207 206
5 3 288 289 208 207
5 3 289 290 209 208
5 3 290 291 210 209
5 3 291 292 211 210
5 3 292 293 212 211
5 3 293 294 213 212
5 3 294 295 214 213
5 3 295 296 215 214
5 3 296 297 216 215
5 3 297 298 217 216
5 3 298 299 218 217
5 3 299 300 219 218
5 3 300 301 220 219
5 3 301 302 221 220
5 3 302 303 222 221
5 3 303 304 223 222
5 3 304 305 224 223
5 3 305 306 225 224
5 3 306 307 226 225
5 3 307 308 227 226
5 3 308 309 228 227
5 3 309 310 229 228
5 3 310 311 230 229
5 3 311 312 231 230
5 3 312 313 232 231
5 3 313 314 233 232
5 3 314 315 234 233
5 3 315 316 235 234
5 3 316 317 236 235
5 3 317 318 237 236
5 3 318 319 238 237
5 3 319 320 239 238
5 3 320 321 240 239
5 3 321 322 241 240
5 3 322 323 242 241
3 3 242 323 809 728
5 3 324 325 244 243
1 3 324 243 729 810
5 3 325 326 245 244
5 3 326 327 246 245
5 3 327 328 247 246
5 3 328 329 248 247
5 3 329 330 249 248
5 3 330 331 250 249
5 3 331 332 251 250
5 3 332 333 252 251
5 3 333 334 253 252
5 3 334 335 254 253
5 3 335 336 255 254
5 3 336 337 256 255
5 3 337 338 257 256
5 3 338 339 258 257
5 3 339 340 259 258
5 3 340 341 260 259
5 3 341 342 261 260
5 3 342 343 262 261
5 3 343 344 263 262
5 3 344 345 264 263
5 3 345 346 265 264
5 3 346 347 266 265
5 3 347 348 267 266
5 3 348 349 268 267
5 3 349 350 269 268
5 3 350 351 270 269
5 3 351 352 271 270
5 3 352 353 272 271
5 3 353 354 273 272
5 3 354 355 274 273
5 3 355 356 275 274
5 3 356 357 276 275
5 3 357 358 277 276
5 3 358 359 278 277
5 3 359 360 279 278
5 3 360 361 280 279
5 3 361 362 281 280
5 3 362 363 282 281
5 3 363 364 283 282
5 3 364 365 284 283
5 3 365 366 285 284
5 3 366 367 286 285
5 3 367 368 287 286
5 3 368 369 288 287
5 3 369 370 289 288
5 3 370 371 290 289
5 3 371 372 291 290
5 3 372 373 292 291
5 3 373 374 293 292
5 3 374 375 294 293
5 3 375 376 295 294
5 3 376 377 296 295
5 3 377 378 297 296
5 3 378 379 298 297
5 3 379 380 299 298
5 3 380 381 300 299
5 3 381 382 301 300
5 3 382 383 302 301
5 3 383 384 303 302
5 3 384 385 304 303
5 3 385 386 305 304
5 3 386 387 306 305
5 3 387 388 307 306
5 3 388 389 308 307
5 3 389 390 309 308
5 3 390 391 310 309
5 3 391 392 311 310
5 3 392 393 312 311
5 3 393 394 313 312
5 3 394 395 314 313
5 3 395 396 315 314
5 3 396 397 316 315
5 3 397 398 317 316
5 3 398 399 318 317
5 3 399 400 319 318
5 3 400 401 320 319
5 3 401 402 321 320
5 3 402 403 322 321
5 3 403 404 323 322
3 3 323 404 890 809
5 3 405 406 325 324
1 3 405 324 810 891
5 3 406 407 326 325
5 3 407 408 327 326
5 3 408 409 328 327
5 3 409 410 329 328
5 3 410 411 330 329
5 3 411 412 331 330
5 3 412 413 332 331
5 3 413 414 333 332
5 3 414 415 334 333
5 3 415 416 335 334
5 3 416 417 336 335
5 3 417 418 337 336
5 3 418 419 338 337
5 3 419 420 339 338
5 3 420 421 340 339
5 3 421 422 341 340
5 3 422 423 342 341
5 3 423 424 343 342
5 3 424 425 344 343
5 3 425 426 345 344
5 3 426 427 346 345
5 3 427 428 347 346
5 3 428 429 348 347
5 3 429 430 349 348
5 3 430 431 350 349
5 3 431 432 351 350
5 3 432 433 352 351
5 3 433 434 353 352
5 3 434 435 354 353
5 3 435 436 355 354
5 3 436 437 356 355
5 3 437 438 357 356
5 3 438 439 358 357
5 3 439 440 359 358
5 3 440 441 360 359
5 3 441 442 361 360
5 3 442 443 362 361
5 3 443 444 363 362
5 3 444 445 364 363
5 3 445 446 365 364
5 3 446 447 366 365
5 3 447 448 367 366
5 3 448 449 368 367
5 3 449 450 369 368
5 3 450 451 370 369
5 3 451 452 371 370
5 3 452 453 372 371
5 3 453 454 373 372
5 3 454 455 374 373
5 3 455 456 375 374
5 3 456 457 376 375
5 3 457 458 377 376
5 3 458 459 378 377
5 3 459 460 379 378
5 3 460 461 380 379
5 3 461 462 381 380
5 3 462 463 382 381
5 3 463 464 383 382
5 3 464 465 384 383
5 3 465 466 385 384
5 3 466 467 386 385
5 3 467 468 387 386
5 3 468 469 388 387
5 3 469 470 389 388
5 3 470 471 390 389
5 3 471 472 391 390
5 3 472 473 392 391
5 3 473 474 393 392
5 3 474 475 394 393
5 3 475 476 395 394
5 3 476 477 396 395
5 3 477 478 397 396
5 3 478 479 398 397
5 3 479 480 399 398
5 3 480 481 400 399
5 3 481 482 401 400
5 3 482 483 402 401
5 3 483 484 403 402
5 3 484 485 404 403
3 3 404 485 971 890
12 3 0 1 487 486
12 3 486 487 568 567
12 3 1 2 488 487
12 3 487 488 569 568
12 3 2 3 489 488
12 3 488 489 570 569
12 3 3 4 490 489
12 3 489 490 571 570
12 3 4 5 491 490
12 3 490 491 572 571
12 3 5 6 492 491
12 3 491 492 573 572
12 3 6 7 493 492
12 3 492 493 574 573
12 3 7 8 494 493
12 3 493 494 575 574
12 3 8 9 495 494
12 3 494 495 576 575
12 3 9 10 496 495
12 3 495 496 577 576
12 3 10 11 497 496
12 3 496 497 578 577
12 3 11 12 498 497
12 3 497 498 579 578
12 3 12 13 499 498
12 3 498 499 580 579
12 3 13 14 500 499
12 3 499 500 581 580
12 3 14 15 501 500
12 3 500 501 582 581
12 3 15 16 502 501
12 3 501 502 583 582
12 3 16 17 503 502
12 3 502 503 584 583
12 3 17 18 504 503
12 3 503 504 585 584
12 3 18 19 505 504
12 3 504 505 586 585
12 3 19 20 506 505
12 3 505 506 587 586
12 3 20 21 507 506
12 3 506 507 588 587
12 3 21 22 508 507
12 3 507 508 589 588
12 3 22 23 509 508
12 3 508 509 590 589
12 3 23 24 510 509
12 3 509 510 591 590
12 3 24 25 511 510
12 3 510 511 592 591
12 3 25 26 512 511
12 3 511 512 593 592
12 3 26 27 513 512
12 3 512 513 594 593
12 3 27 28 514 513
12 3 513 514 595 594
12 3 28 29 515 514
12 3 514 515 596 595
12 3 29 30 516 515
12 3 515 516 597 596
12 3 30 31 517 516
12 3 516 517 598 597
12 3 31 32 518 517
12 3 517 518 599 598
12 3 32 33 519 518
12 3 518 519 600 599
12 3 33 34 520 519
12 3 519 520 601 600
12 3 34 35 521 520
12 3 520 521 602 601
12 3 35 36 522 521
12 3 521 522 603 602
12 3 36 37 523 522
12 3 522 523 604 603
12 3 37 38 524 523
12 3 523 524 605 604
12 3 38 39 525 524
12 3 524 525 606 605
12 3 39 40 526 525
12 3 525 526 607 606
12 3 40 41 527 526
12 3 526 527 608 607
12 3 41 42 528 527
12 3 527 528 609 608
12 3 42 43 529 528
12 3 528 529 610 609
12 3 43 44 530 529
12 3 529 530 611 610
12 3 44 45 531 530
12 3 530 531 612 611
12 3 45 46 532 531
12 3 531 532 613 612
12 3 46 47 533 532
12 3 532 533 614 613
12 3 47 48 534 533
12 3 533 534 615 614
12 3 48 49 535 534
12 3 534 535 616 615
12 3 49 50 536 535
12 3 535 536 617 616
12 3 50 51 537 536
12 3 536 537 618 617
12 3 51 52 538 537
12 3 537 538 619 618
12 3 52 53 539 538
12 3 538 539 620 619
12 3 53 54 540 539
12 3 539 540 621 620
12 3 54 55 541 540
12 3 540 541 622 621
12 3 55 56 542 541
12 3 541 542 623 622
12 3 56 57 543 542
12 3 542 543 624 623
12 3 57 58 544 543
12 3 543 544 625 624
12 3 58 59 545 544
12 3 544 545 626 625
12 3 59 60 546 545
12 3 545 546 627 626
12 3 60 61 547 546
12 3 546 547 628 627
12 3 61 62 548 547
12 3 547 548 629 628
12 3 62 63 549 548
12 3 548 549 630 629
12 3 63 64 550 549
12 3 549 550 631 630
12 3 64 65 551 550
12 3 550 551 632 631
12 3 65 66 552 551
12 3 551 552 633 632
12 3 66 67 553 552
12 3 552 553 634 633
12 3 67 68 554 553
12 3 553 554 635 634
12 3 68 69 555 554
12 3 554 555 636 635
12 3 69 70 556 555
12 3 555 556 637 636
12 3 70 71 557 556
12 3 556 557 638 637
12 3 71 72 558 557
12 3 557 558 639 638
12 3 72 73 559 558
12 3 558 559 640 639
12 3 73 74 560 559
12 3 559 560 641 640
12 3 74 75 561 560
12 3 560 561 642 641
12 3 75 76 562 561
12 3 561 562 643 642
12 3 76 77 563 562
12 3 562 563 644 643
12 3 77 78 564 563
12 3 563 564 645 644
12 3 78 79 565 564
12 3 564 565 646 645
12 3 79 80 566 565
12 3 565 566 647 646
12 3 567 568 649 648
12 3 568 569 650 649
12 3 569 570 651 650
12 3 570 571 652 651
12 3 571 572 653 652
12 3 572 573 654 653
12 3 573 574 655 654
12 3 574 575 656 655
12 3 575 576 657 656
12 3 576 577 658 657
12 3 577 578 659 658
12 3 578 579 660 659
12 3 579 580 661 660
12 3 580 581 662 661
12 3 581 582 663 662
12 3 582 583 664 663
12 3 583 584 665 664
12 3 584 585 666 665
12 3 585 586 667 666
12 3 586 587 668 667
12 3 587 588 669 668
12 3 588 589 670 669
12 3 589 590 671 670
12 3 590 591 672 671
12 3 591 592 673 672
12 3 592 593 674 673
12 3 593 594 675 674
12 3 594 595 676 675
12 3 595 596 677 676
12 3 596 597 678 677
12 3 597 598 679 678
12 3 598 599 680 679
12 3 599 600 681 680
12 3 600 601 682 681
12 3 601 602 683 682
12 3 602 603 684 683
12 3 603 604 685 684
12 3 604 605 686 685
12 3 605 606 687 686
12 3 606 607 688 687
12 3 607 608 689 688
12 3 608 609 690 689
12 3 609 610 691 690
12 3 610 611 692 691
12 3 611 612 693 692
12 3 612 613 694 693
12 3 613 614 695 694
12 3 614 615 696 695
12 3 615 616 697 696
12 3 616 617 698 697
12 3 617 618 699 698
12 3 618 619 700 699
12 3 619 620 701 700
12 3 620 621 702 701
12 3 621 622 703 702
12 3 622 623 704 703
12 3 623 624 705 704
12 3 624 625 706 705
12 3 625 626 707 706
12 3 626 627 708 707
12 3 627 628 709 708
12 3 628 629 710 709
12 3 629 630 711 710
12 3 630 631 712 711
12 3 631 632 713 712
12 3 632 633 714 713
12 3 633 634 715 714
12 3 634 635 716 715
12 3 635 636 717 716
12 3 636 637 718 717
12 3 637 638 719 718
12 3 638 639 720 719
12 3 639 640 721 720
12 3 640 641 722 721
12 3 641 642 723 722
12 3 642 643 724 723
12 3 643 644 725 724
12 3 644 645 726 725
12 3 645 646 727 726
12 3 646 647 728 727
12 3 648 649 730 729
12 3 649 650 731 730
12 3 650 651 732 731
12 3 651 652 733 732
12 3 652 653 734 733
12 3 653 654 735 734
12 3 654 655 736 735
12 3 655 656 737 736
12 3 656 657 738 737
12 3 657 658 739 738
12 3 658 659 740 739
12 3 659 660 741 740
12 3 660 661 742 741
12 3 661 662 743 742
12 3 662 663 744 743
12 3 663 664 745 744
12 3 664 665 746 745
12 3 665 666 747 746
12 3 666 667 748 747
12 3 667 668 749 748
12 3 668 669 750 749
12 3 669 670 751 750
12 3 670 671 752 751
12 3 671 672 753 752
12 3 672 673 754 753
12 3 673 674 755 754
12 3 674 675 756 755
12 3 675 676 757 756
12 3 676 677 758 757
12 3 677 678 759 758
12 3 678 679 760 759
12 3 679 680 761 760
12 3 680 681 762 761
12 3 681 682 763 762
12 3 682 683 764 763
12 3 683 684 765 764
12 3 684 685 766 765
12 3 685 686 767 766
12 3 686 687 768 767
12 3 687 688 769 768
12 3 688 689 770 769
12 3 689 690 771 770
12 3 690 691 772 771
12 3 691 692 773 772
12 3 692 693 774 773
12 3 693 694 775 774
12 3 694 695 776 775
12 3 695 696 777 776
12 3 696 697 778 777
12 3 697 698 779 778
12 3 698 699 780 779
12 3 699 700 781 780
12 3 700 701 782 781
12 3 701 702 783 782
12 3 702 703 784 783
12 3 703 704 785 784
12 3 704 705 786 785
12 3 705 706 787 786
12 3 706 707 788 787
12 3 707 708 789 788
12 3 708 709 790 789
12 3 709 710 791 790
12 3 710 711 792 791
12 3 711 712 793 792
12 3 712 713 794 793
12 3 713 714 795 794
12 3 714 715 796 795
12 3 715 716 797 796
12 3 716 717 798 797
12 3 717 718 799 798
12 3 718 719 800 799
12 3 719 720 801 800
12 3 720 721 802 801
12 3 721 722 803 802
12 3 722 723 804 803
12 3 723 724 805 804
12 3 724 725 806 805
12 3 725 726 807 806
12 3 726 727 808 807
12 3 727 728 809 808
12 3 729 730 811 810
12 3 730 731 812 811
12 3 731 732 813 812
12 3 732 733 814 813
12 3 733 734 815 814
12 3 734 735 816 815
12 3 735 736 817 816
12 3 736 737 818 817
12 3 737 738 819 818
12 3 738 739 820 819
12 3 739 740 821 820
12 3 740 741 822 821
12 3 741 742 823 822
12 3 742 743 824 823
12 3 743 744 825 824
12 3 744 745 826 825
12 3 745 746 827 826
12 3 746 747 828 827
12 3 747 748 829 828
12 3 748 749 830 829
12 3 749 750 831 830
12 3 750 751 832 831
12 3 751 752 833 832
12 3 752 753 834 833
12 3 753 754 835 834
12 3 754 755 836 835
12 3 755 756 837 836
12 3 756 757 838 837
12 3 757 758 839 838
12 3 758 759 840 839
12 3 759 760 841 840
12 3 760 761 842 841
12 3 761 762 843 842
12 3 762 763 844 843
12 3 763 764 845 844
12 3 764 765 846 845
12 3 765 766 847 846
12 3 766 767 848 847
12 3 767 768 849 848
12 3 768 769 850 849
12 3 769 770 851 850
12 3 770 771 852 851
12 3 771 772 853 852
12 3 772 773 854 853
12 3 773 774 855 854
12 3 774 775 856 855
12 3 775 776 857 856
12 3 776 777 858 857
12 3 777 778 859 858
12 3 778 779 860 859
12 3 779 780 861 860
12 3 780 781 862 861
12 3 781 782 863 862
12 3 782 783 864 863
12 3 783 784 865 864
12 3 784 785 866 865
12 3 785 786 867 866
12 3 786 787 868 867
12 3 787 788 869 868
12 3 788 789 870 869
12 3 789 790 871 870
12 3 790 791 872 871
12 3 791 792 873 872
12 3 792 793 874 873
12 3 793 794 875 874
12 3 794 795 876 875
12 3 795 796 877 876
12 3 796 797 878 877
12 3 797 798 879 878
12 3 798 799 880 879
12 3 799 800 881 880
12 3 800 801 882 881
12 3 801 802 883 882
12 3 802 803 884 883
12 3 803 804 885 884
12 3 804 805 886 885
12 3 805 806 887 886
12 3 806 807 888 887
12 3 807 808 889 888
12 3 808 809 890 889
12 3 406 405 891 892
12 3 810 811 892 891
12 3 407 406 892 893
12 3 811 812 893 892
12 3 408 407 893 894
12 3 812 813 894 893
12 3 409 408 894 895
12 3 813 814 895 894
12 3 410 409 895 896
12 3 814 815 896 895
12 3 411 410 896 897
12 3 815 816 897 896
12 3 412 411 897 898
12 3 816 817 898 897
12 3 413 412 898 899
12 3 817 818 899 898
12 3 414 413 899 900
12 3 818 819 900 899
12 3 415 414 900 901
12 3 819 820 901 900
12 3 416 415 901 902
12 3 820 821 902 901
12 3 417 416 902 903
12 3 821 822 903 902
12 3 418 417 903 904
12 3 822 823 904 903
12 3 419 418 904 905
12 3 823 824 905 904
12 3 420 419 905 906
12 3 824 825 906 905
12 3 421 420 906 907
12 3 825 826 907 906
12 3 422 421 907 908
12 3 826 827 908 907
12 3 423 422 908 909
12 3 827 828 909 908
12 3 424 423 909 910
12 3 828 829 910 909
12 3 425 424 910 911
12 3 829 830 911 910
12 3 426 425 911 912
12 3 830 831 912 911
12 3 427 426 912 913
12 3 831 832 913 912
12 3 428 427 913 914
12 3 832 833 914 913
12 3 429 428 914 915
12 3 833 834 915 914
12 3 430 429 915 916
12 3 834 835 916 915
12 3 431 430 916 917
12 3 835 836 917 916
12 3 432 431 917 918
12 3 836 837 918 917
12 3 433 432 918 919
12 3 837 838 919 918
12 3 434 433 919 920
12 3 838 839 920 919
12 3 435 434 920 921
12 3 839 840 921 920
12 3 436 435 921 922
12 3 840 841 922 921
12 3 437 436 922 923
12 3 841 842 923 922
12 3 438 437 923 924
12 3 842 843 924 923
12 3 439 438 924 925
12 3 843 844 925 924
12 3 440 439 925 926
12 3 844 845 926 925
12 3 441 440 926 927
12 3 845 846 927 926
12 3 442 441 927 928
12 3 846 847 928 927
12 3 443 442 928 929
12 3 847 848 929 928
12 3 444 443 929 930
12 3 848 849 930 929
12 3 445 444 930 931
12 3 849 850 931 930
12 3 446 445 931 932
12 3 850 851 932 931
12 3 447 446 932 933
12 3 851 852 933 932
12 3 448 447 933 934
12 3 852 853 934 933
12 3 449 448 934 935
12 3 853 854 935 934
12 3 450 449 935 936
12 3 854 855 936 935
12 3 451 450 936 937
12 3 855 856 937 936
12 3 452 451 937 938
12 3 856 857 938 937
12 3 453 452 938 939
12 3 857 858 939 938
12 3 454 453 939 940
12 3 858 859 940 939
12 3 455 454 940 941
12 3 859 860 941 940
12 3 456 455 941 942
12 3 860 861 942 941
12 3 457 456 942 943
12 3 861 862 943 942
12 3 458 457 943 944
12 3 862 863 944 943
12 3 459 458 944 945
12 3 863 864 945 944
12 3 460 459 945 946
12 3 864 865 946 945
12 3 461 460 946 947
12 3 865 866 947 946
12 3 462 461 947 948
12 3 866 867 948 947
12 3 463 462 948 949
12 3 867 868 949 948
12 3 464 463 949 950
12 3 868 869 950 949
12 3 465 464 950 951
12 3 869 870 951 950
12 3 466 465 951 952
12 3 870 871 952 951
12 3 467 466 952 953
12 3 871 872 953 952
12 3 468 467 953 954
12 3 872 873 954 953
12 3 469 468 954 955
12 3 873 874 955 954
12 3 470 469 955 956
12 3 874 875 956 955
12 3 471 470 956 957
12 3 875 876 957 956
12 3 472 471 957 958
12 3 876 877 958 957
12 3 473 472 958 959
12 3 877 878 959 958
12 3 474 473 959 960
12 3 878 879 960 959
12 3 475 474 960 961
12 3 879 880 961 960
12 3 476 475 961 962
12 3 880 881 962 961
12 3 477 476 962 963
12 3 881 882 963 962
12 3 478 477 963 964
12 3 882 883 964 963
12 3 479 478 964 965
12 3 883 884 965 964
12 3 480 479 965 966
12 3 884 885 966 965
12 3 481 480 966 967
12 3 885 886 967 966
12 3 482 481 967 968
12 3 886 887 968 967
12 3 483 482 968 969
12 3 887 888 969 968
12 3 484 483 969 970
12 3 888 889 970 969
12 3 485 484 970 971
12 3 889 890 971 970

vertices
972
3
0 0.0008125 0
3.25e-05 0.0008125 0
6.499999999999999e-05 0.0008125 0
9.75e-05 0.0008125 0
0.00013 0.0008125 0
0.0001625 0.0008125 0
0.000195 0.0008125 0
0.0002275 0.0008125 0
0.00026 0.0008125 0
0.0002925 0.0008125 0
0.000325 0.0008125 0
0.0003575 0.0008125 0
0.00039 0.0008125 0
0.0004225 0.0008125 0
0.000455 0.0008125 0
0.0004875 0.0008125 0
0.00052 0.0008125 0
0.0005525 0.0008125 0
0.000585 0.0008125 0
0.0006175 0.0008125 0
0.00065 0.0008125 0
0.0006824999999999999 0.0008125 0
0.000715 0.0008125 0
0.0007475 0.0008125 0
0.00078 0.0008125 0
0.0008125 0.0008125 0
0.000845 0.0008125 0
0.0008775 0.0008125 0
0.00091 0.0008125 0
0.0009425 0.0008125 0
0.000975 0.0008125 0
0.0010075 0.0008125 0
0.00104 0.0008125 0
0.0010725 0.0008125 0
0.001105 0.0008125 0
0.0011375 0.0008125 0
0.00117 0.0008125 0
0.0012025 0.0008125 0
0.001235 0.0008125 0
0.0012675 0.0008125 0
0.0013 0.0008125 0
0.0013325 0.0008125 0
0.001365 0.0008125 0
0.0013975 0.0008125 0
0.00143 0.0008125 0
0.0014625 0.0008125 0
0.001495 0.0008125 0
0.0015275 0.0008125 0
0.00156 0.0008125 0
0.0015925 0.0008125 0
0.001625 0.0008125 0
0.0016575 0.0008125 0
0.00169 0.0008125 0
0.0017225 0.0008125 0
0.001755 0.0008125 0
0.0017875 0.0008125 0
0.00182 0.0008125 0
0.0018525 0.0008125 0
0.001885 0.0008125 0
0.0019175 0.0008125 0
0.00195 0.0008125 0
0.0019825 0.0008125 0
0.002015 0.0008125 0
0.0020475 0.0008125 0
0.00208 0.0008125 0
0.0021125 0.0008125 0
0.002145 0.0008125 0
0.0021775 0.0008125 0
0.00221 0.0008125 0
0.0022425 0.0008125 0
0.002275 0.0008125 0
0.0023075 0.0008125 0
0.00234 0.0008125 0
0.0023725 0.0008125 0
0.002405 0.0008125 0
0.0024375 0.0008125 0
0.00247 0.0008125 0
0.0025025 0.0008125 0
0.002535 0.0008125 0
0.0025675 0.0008125 0
0.0026 0.0008125 0
0 0.000845 0
3.25e-05 0.000845 0
6.499999999999999e-05 0.000845 0
9.75e-05 0.000845 0
0.00013 0.000845 0
0.0001625 0.000845 0
0.000195 0.000845 0
0.0002275 0.000845 0
0.00026 0.000845 0
0.0002925 0.000845 0
0.000325 0.000845 0
0.0003575 0.000845 0
0.00039 0.000845 0
0.0004225 0.000845 0
0.000455 0.000845 0
0.0004875 0.000845 0
0.00052 0.000845 0
0.0005525 0.000845 0
0.000585 0.000845 0
0.0006175 0.000845 0
0.00065 0.000845 0
0.0006824999999999999 0.000845 0
0.000715 0.000845 0
0.0007475 0.000845 0
0.00078 0.000845 0
0.0008125 0.000845 0
0.000845 0.000845 0
0.0008775 0.000845 0
0.00091 0.000845 0
0.0009425 0.000845 0
0.000975 0.000845 0
0.0010075 0.000845 0
0.00104 0.000845 0
0.0010725 0.000845 0
0.001105 0.000845 0
0.0011375 0.000845 0
0.00117 0.000845 0
0.0012025 0.000845 0
0.001235 0.000845 0
0.0012675 0.000845 0
0.0013 0.000845 0
0.0013325 0.000845 0
0.001365 0.000845 0
0.0013975 0.000845 0
0.00143 0.000845 0
0.0014625 0.000845 0
0.001495 0.000845 0
0.0015275 0.000845 0
0.00156 0.000845 0
0.0015925 0.000845 0
0.001625 0.000845 0
0.0016575 0.000845 0
0.00169 0.000845 0
0.0017225 0.000845 0
0.001755 0.000845 0
0.0017875 0.000845 0
0.00182 0.000845 0
0.0018525 0.000845 0
0.001885 0.000845 0
0.0019175 0.000845 0
0.00195 0.000845 0
0.0019825 0.000845 0
0.002015 0.000845 0
0.0020475 0.000845 0
0.00208 0.000845 0
0.0021125 0.000845 0
0.002145 0.000845 0
0.0021775 0.000845 0
0.00221 0.000845 0
0.0022425 0.000845 0
0.002275 0.000845 0
0.0023075 0.000845 0
0.00234 0.000845 0
0.0023725 0.000845 0
0.002405 0.000845 0
0.0024375 0.000845 0
0.00247 0.000845 0
0.0025025 0.000845 0
0.002535 0.000845 0
0.0025675 0.000845 0
0.0026 0.000845 0
0 0.0008775 0
3.25e-05 0.0008775 0
6.499999999999999e-05 0.0008775 0
9.75e-05 0.0008775 0
0.00013 0.0008775 0
0.0001625 0.0008775 0
0.000195 0.0008775 0
0.0002275 0.0008775 0
0.00026 0.0008775 0
0.0002925 0.0008775 0
0.000325 0.0008775 0
0.0003575 0.0008775 0
0.00039 0.0008775 0
0.0004225 0.0008775 0
0.000455 0.0008775 0
0.0004875 0.0008775 0
0.00052 0.0008775 0
0.0005525 0.0008775 0
0.000585 0.0008775 0
0.0006175 0.0008775 0
0.00065 0.0008775 0
0.0006824999999999999 0.0008775 0
0.000715 0.0008775 0
0.0007475 0.0008775 0
0.00078 0.0008775 0
0.0008125 0.0008775 0
0.000845 0.0008775 0
0.0008775 0.0008775 0
0.00091 0.0008775 0
0.0009425 0.0008775 0
0.000975 0.0008775 0
0.0010075 0.0008775 0
0.00104 0.0008775 0
0.0010725 0.0008775 0
0.001105 0.0008775 0
0.0011375 0.0008775 0
0.00117 0.0008775 0
0.0012025 0.0008775 0
0.001235 0.0008775 0
0.0012675 0.0008775 0
0.0013 0.0008775 0
0.0013325 0.0008775 0
0.001365 0.0008775 0
0.0013975 0.0008775 0
0.00143 0.0008775 0
0.0014625 0.0008775 0
0.001495 0.0008775 0
0.0015275 0.0008775 0
0.00156 0.0008775 0
0.0015925 0.0008775 0
0.001625 0.0008775 0
0.0016575 0.0008775 0
0.00169 0.0008775 0
0.0017225 0.0008775 0
0.001755 0.0008775 0
0.0017875 0.0008775 0
0.00182 0.0008775 0
0.0018525 0.0008775 0
0.001885 0.0008775 0
0.0019175 0.0008775 0
0.00195 0.0008775 0
0.0019825 0.0008775 0
0.002015 0.0008775 0
0.0020475 0.0008775 0
0.00208 0.0008775 0
0.0021125 0.0008775 0
0.002145 0.0008775 0
0.0021775 0.0008775 0
0.00221 0.0008775 0
0.0022425 0.0008775 0
0.002275 0.0008775 0
0.0023075 0.0008775 0
0.00234 0.0008775 0
0.0023725 0.0008775 0
0.002405 0.0008775 0
0.0024375 0.0008775 0
0.00247 0.0008775 0
0.0025025 0.0008775 0
0.002535 0.0008775 0
0.0025675 0.0008775 0
0.0026 0.0008775 0
0 0.00091 0
3.25e-05 0.00091 0
6.499999999999999e-05 0.00091 0
9.75e-05 0.00091 0
0.00013 0.00091 0
0.0001625 0.00091 0
0.000195 0.00091 0
0.0002275 0.00091 0
0.00026 0.00091 0
0.0002925 0.00091 0
0.000325 0.00091 0
0.0003575 0.00091 0
0.00039 0.00091 0
0.0004225 0.00091 0
0.000455 0.00091 0
0.0004875 0.00091 0
0.00052 0.00091 0
0.0005525 0.00091 0
0.000585 0.00091 0
0.0006175 0.00091 0
0.00065 0.00091 0
0.0006824999999999999 0.00091 0
0.000715 0.00091 0
0.0007475 0.00091 0
0.00078 0.00091 0
0.0008125 0.00091 0
0.000845 0.00091 0
0.0008775 0.00091 0
0.00091 0.00091 0
0.0009425 0.00091 0
0.000975 0.00091 0
0.0010075 0.00091 0
0.00104 0.00091 0
0.0010725 0.00091 0
0.001105 0.00091 0
0.0011375 0.00091 0
0.00117 0.00091 0
0.0012025 0.00091 0
0.001235 0.00091 0
0.0012675 0.00091 0
0.0013 0.00091 0
0.0013325 0.00091 0
0.001365 0.00091 0
0.0013975 0.00091 0
0.00143 0.00091 0
0.0014625 0.00091 0
0.001495 0.00091 0
0.0015275 0.00091 0
0.00156 0.00091 0
0.0015925 0.00091 0
0.001625 0.00091 0
0.0016575 0.00091 0
0.00169 0.00091 0
0.0017225 0.00091 0
0.001755 0.00091 0
0.0017875 0.00091 0
0.00182 0.00091 0
0.0018525 0.00091 0
0.001885 0.00091 0
0.0019175 0.00091 0
0.00195 0.00091 0
0.0019825 0.00091 0
0.002015 0.00091 0
0.0020475 0.00091 0
0.00208 0.00091 0
0.0021125 0.00091 0
0.002145 0.00091 0
0.0021775 0.00091 0
0.00221 0.00091 0
0.0022425 0.00091 0
0.002275 0.00091 0
0.0023075 0.00091 0
0.00234 0.00091 0
0.0023725 0.00091 0
0.002405 0.00091 0
0.0024375 0.00091 0
0.00247 0.00091 0
0.0025025 0.00091 0
0.002535 0.00091 0
0.0025675 0.00091 0
0.0026 0.00091 0
0 0.0009425 0
3.25e-05 0.0009425 0
6.499999999999999e-05 0.0009425 0
9.75e-05 0.0009425 0
0.00013 0.0009425 0
0.0001625 0.0009425 0
0.000195 0.0009425 0
0.0002275 0.0009425 0
0.00026 0.0009425 0
0.0002925 0.0009425 0
0.000325 0.0009425 0
0.0003575 0.0009425 0
0.00039 0.0009425 0
0.0004225 0.0009425 0
0.000455 0.0009425 0
0.0004875 0.0009425 0
0.00052 0.0009425 0
0.0005525 0.0009425 0
0.000585 0.0009425 0
0.0006175 0.0009425 0
0.00065 0.0009425 0
0.0006824999999999999 0.0009425 0
0.000715 0.0009425 0
0.0007475 0.0009425 0
0.00078 0.0009425 0
0.0008125 0.0009425 0
0.000845 0.0009425 0
0.0008775 0.0009425 0
0.00091 0.0009425 0
0.0009425 0.0009425 0
0.000975 0.0009425 0
0.0010075 0.0009425 0
0.00104 0.0009425 0
0.0010725 0.0009425 0
0.001105 0.0009425 0
0.0011375 0.0009425 0
0.00117 0.0009425 0
0.0012025 0.0009425 0
0.001235 0.0009425 0
0.0012675 0.0009425 0
0.0013 0.0009425 0
0.0013325 0.0009425 0
0.001365 0.0009425 0
0.0013975 0.0009425 0
0.00143 0.0009425 0
0.0014625 0.0009425 0
0.001495 0.0009425 0
0.0015275 0.0009425 0
0.00156 0.0009425 0
0.0015925 0.0009425 0
0.001625 0.0009425 0
0.0016575 0.0009425 0
0.00169 0.0009425 0
0.0017225 0.0009425 0
0.001755 0.0009425 0
0.0017875 0.0009425 0
0.00182 0.0009425 0
0.0018525 0.0009425 0
0.001885 0.0009425 0
0.0019175 0.0009425 0
0.00195 0.0009425 0
0.0019825 0.0009425 0
0.002015 0.0009425 0
0.0020475 0.0009425 0
0.00208 0.0009425 0
0.0021125 0.0009425 0
0.002145 0.0009425 0
0.0021775 0.0009425 0
0.00221 0.0009425 0
0.0022425 0.0009425 0
0.002275 0.0009425 0
0.0023075 0.0009425 0
0.00234 0.0009425 0
0.0023725 0.0009425 0
0.002405 0.0009425 0
0.0024375 0.0009425 0
0.00247 0.0009425 0
0.0025025 0.0009425 0
0.002535 0.0009425 0
0.0025675 0.0009425 0
0.0026 0.0009425 0
0 0.000975 0
3.25e-05 0.000975 0
6.499999999999999e-05 0.000975 0
9.75e-05 0.000975 0
0.00013 0.000975 0
0.0001625 0.000975 0
0.000195 0.000975 0
0.0002275 0.000975 0
0.00026 0.000975 0
0.0002925 0.000975 0
0.000325 0.000975 0
0.0003575 0.000975 0
0.00039 0.000975 0
0.0004225 0.000975 0
0.000455 0.000975 0
0.0004875 0.000975 0
0.00052 0.000975 0
0.0005525 0.000975 0
0.000585 0.000975 0
0.0006175 0.000975 0
0.00065 0.000975 0
0.0006824999999999999 0.000975 0
0.000715 0.000975 0
0.0007475 0.000975 0
0.00078 0.000975 0
0.0008125 0.000975 0
0.000845 0.000975 0
0.0008775 0.000975 0
0.00091 0.000975 0
0.0009425 0.000975 0
0.000975 0.000975 0
0.0010075 0.000975 0
0.00104 0.000975 0
0.0010725 0.000975 0
0.001105 0.000975 0
0.0011375 0.000975 0
0.00117 0.000975 0
0.0012025 0.000975 0
0.001235 0.000975 0
0.0012675 0.000975 0
0.0013 0.000975 0
0.0013325 0.000975 0
0.001365 0.000975 0
0.0013975 0.000975 0
0.00143 0.000975 0
0.0014625 0.000975 0
0.001495 0.000975 0
0.0015275 0.000975 0
0.00156 0.000975 0
0.0015925 0.000975 0
0.001625 0.000975 0
0.0016575 0.000975 0
0.00169 0.000975 0
0.0017225 0.000975 0
0.001755 0.000975 0
0.0017875 0.000975 0
0.00182 0.000975 0
0.0018525 0.000975 0
0.001885 0.000975 0
0.0019175 0.000975 0
0.00195 0.000975 0
0.0019825 0.000975 0
0.002015 0.000975 0
0.0020475 0.000975 0
0.00208 0.000975 0
0.0021125 0.000975 0
0.002145 0.000975 0
0.0021775 0.000975 0
0.00221 0.000975 0
0.0022425 0.000975 0
0.002275 0.000975 0
0.0023075 0.000975 0
0.00234 0.000975 0
0.0023725 0.000975 0
0.002405 0.000975 0
0.0024375 0.000975 0
0.00247 0.000975 0
0.0025025 0.000975 0
0.002535 0.000975 0
0.0025675 0.000975 0
0.0026 0.000975 0
0 0.0008125 3.25e-05
3.25e-05 0.0008125 3.25e-05
6.499999999999999e-05 0.0008125 3.25e-05
9.75e-05 0.0008125 3.25e-05
0.00013 0.0008125 3.25e-05
0.0001625 0.0008125 3.25e-05
0.000195 0.0008125 3.25e-05
0.0002275 0.0008125 3.25e-05
0.00026 0.0008125 3.25e-05
0.0002925 0.0008125 3.25e-05
0.000325 0.0008125 3.25e-05
0.0003575 0.0008125 3.25e-05
0.00039 0.0008125 3.25e-05
0.0004225 0.0008125 3.25e-05
0.000455 0.0008125 3.25e-05
0.0004875 0.0008125 3.25e-05
0.00052 0.0008125 3.25e-05
0.0005525 0.0008125 3.25e-05
0.000585 0.0008125 3.25e-05
0.0006175 0.0008125 3.25e-05
0.00065 0.0008125 3.25e-05
0.0006824999999999999 0.0008125 3.25e-05
0.000715 0.0008125 3.25e-05
0.0007475 0.0008125 3.25e-05
0.00078 0.0008125 3.25e-05
0.0008125 0.0008125 3.25e-05
0.000845 0.0008125 3.25e-05
0.0008775 0.0008125 3.25e-05
0.00091 0.0008125 3.25e-05
0.0009425 0.0008125 3.25e-05
0.000975 0.0008125 3.25e-05
0.0010075 0.0008125 3.25e-05
0.00104 0.0008125 3.25e-05
0.0010725 0.0008125 3.25e-05
0.001105 0.0008125 3.25e-05
0.0011375 0.0008125 3.25e-05
0.00117 0.0008125 3.25e-05
0.0012025 0.0008125 3.25e-05
0.001235 0.0008125 3.25e-05
0.0012675 0.0008125 3.25e-05
0.0013 0.0008125 3.25e-05
0.0013325 0.0008125 3.25e-05
0.001365 0.0008125 3.25e-05
0.0013975 0.0008125 3.25e-05
0.00143 0.0008125 3.25e-05
0.0014625 0.0008125 3.25e-05
0.001495 0.0008125 3.25e-05
0.0015275 0.0008125 3.25e-05
0.00156 0.0008125 3.25e-05
0.0015925 0.0008125 3.25e-05
0.001625 0.0008125 3.25e-05
0.0016575 0.0008125 3.25e-05
0.00169 0.0008125 3.25e-05
0.0017225 0.0008125 3.25e-05
0.001755 0.0008125 3.25e-05
0.0017875 0.0008125 3.25e-05
0.00182 0.0008125 3.25e-05
0.0018525 0.0008125 3.25e-05
0.001885 0.0008125 3.25e-05
0.0019175 0.0008125 3.25e-05
0.00195 0.0008125 3.25e-05
0.0019825 0.0008125 3.25e-05
0.002015 0.0008125 3.25e-05
0.0020475 0.0008125 3.25e-05
0.00208 0.0008125 3.25e-05
0.0021125 0.0008125 3.25e-05
0.002145 0.0008125 3.25e-05
0.0021775 0.0008125 3.25e-05
0.00221 0.0008125 3.25e-05
0.0022425 0.0008125 3.25e-05
0.002275 0.0008125 3.25e-05
0.0023075 0.0008125 3.25e-05
0.00234 0.0008125 3.25e-05
0.0023725 0.0008125 3.25e-05
0.002405 0.0008125 3.25e-05
0.0024375 0.0008125 3.25e-05
0.00247 0.0008125 3.25e-05
0.0025025 0.0008125 3.25e-05
0.002535 0.0008125 3.25e-05
0.0025675 0.0008125 3.25e-05
0.0026 0.0008125 3.25e-05
0 0.000845 3.25e-05
3.25e-05 0.000845 3.25e-05
6.499999999999999e-05 0.000845 3.25e-05
9.75e-05 0.000845 3.25e-05
0.00013 0.000845 3.25e-05
0.0001625 0.000845 3.25e-05
0.000195 0.000845 3.25e-05
0.0002275 0.000845 3.25e-05
0.00026 0.000845 3.25e-05
0.0002925 0.000845 3.25e-05
0.000325 0.000845 3.25e-05
0.0003575 0.000845 3.25e-05
0.00039 0.000845 3.25e-05
0.0004225 0.000845 3.25e-05
0.000455 0.000845 3.25e-05
0.0004875 0.000845 3.25e-05
0.00052 0.000845 3.25e-05
0.0005525 0.000845 3.25e-05
0.000585 0.000845 3.25e-05
0.0006175 0.000845 3.25e-05
0.00065 0.000845 3.25e-05
0.0006824999999999999 0.000845 3.25e-05
0.000715 0.000845 3.25e-05
0.0007475 0.000845 3.25e-05
0.00078 0.000845 3.25e-05
0.0008125 0.000845 3.25e-05
0.000845 0.000845 3.25e-05
0.0008775 0.000845 3.25e-05
0.00091 0.000845 3.25e-05
0.0009425 0.000845 3.25e-05
0.000975 0.000845 3.25e-05
0.0010075 0.000845 3.25e-05
0.00104 0.000845 3.25e-05
0.0010725 0.000845 3.25e-05
0.001105 0.000845 3.25e-05
0.0011375 0.000845 3.25e-05
0.00117 0.000845 3.25e-05
0.0012025 0.000845 3.25e-05
0.001235 0.000845 3.25e-05
0.0012675 0.000845 3.25e-05
0.0013 0.000845 3.25e-05
0.0013325 0.000845 3.25e-05
0.001365 0.000845 3.25e-05
0.0013975 0.000845 3.25e-05
0.00143 0.000845 3.25e-05
0.0014625 0.000845 3.25e-05
0.001495 0.000845 3.25e-05
0.0015275 0.000845 3.25e-05
0.00156 0.000845 3.25e-05
0.0015925 0.000845 3.25e-05
0.001625 0.000845 3.25e-05
0.0016575 0.000845 3.25e-05
0.00169 0.000845 3.25e-05
0.0017225 0.000845 3.25e-05
0.001755 0.000845 3.25e-05
0.0017875 0.000845 3.25e-05
0.00182 0.000845 3.25e-05
0.0018525 0.000845 3.25e-05
0.001885 0.000845 3.25e-05
0.0019175 0.000845 3.25e-05
0.00195 0.000845 3.25e-05
0.0019825 0.000845 3.25e-05
0.002015 0.000845 3.25e-05
0.0020475 0.000845 3.25e-05
0.00208 0.000845 3.25e-05
0.0021125 0.000845 3.25e-05
0.002145 0.000845 3.25e-05
0.0021775 0.000845 3.25e-05
0.00221 0.000845 3.25e-05
0.0022425 0.000845 3.25e-05
0.002275 0.000845 3.25e-05
0.0023075 0.000845 3.25e-05
0.00234 0.000845 3.25e-05
0.0023725 0.000845 3.25e-05
0.002405 0.000845 3.25e-05
0.0024375 0.000845 3.25e-05
0.00247 0.000845 3.25e-05
0.0025025 0.000845 3.25e-05
0.002535 0.000845 3.25e-05
0.0025675 0.000845 3.25e-05
0.0026 0.000845 3.25e-05
0 0.0008775 3.25e-05
3.25e-05 0.0008775 3.25e-05
6.499999999999999e-05 0.0008775 3.25e-05
9.75e-05 0.0008775 3.25e-05
0.00013 0.0008775 3.25e-05
0.0001625 0.0008775 3.25e-05
0.000195 0.0008775 3.25e-05
0.0002275 0.0008775 3.25e-05
0.00026 0.0008775 3.25e-05
0.0002925 0.0008775 3.25e-05
0.000325 0.0008775 3.25e-05
0.0003575 0.0008775 3.25e-05
0.00039 0.0008775 3.25e-05
0.0004225 0.0008775 3.25e-05
0.000455 0.0008775 3.25e-05
0.0004875 0.0008775 3.25e-05
0.00052 0.0008775 3.25e-05
0.0005525 0.0008775 3.25e-05
0.000585 0.0008775 3.25e-05
0.0006175 0.0008775 3.25e-05
0.00065 0.0008775 3.25e-05
0.0006824999999999999 0.0008775 3.25e-05
0.000715 0.0008775 3.25e-05
0.0007475 0.0008775 3.25e-05
0.00078 0.0008775 3.25e-05
0.0008125 0.0008775 3.25e-05
0.000845 0.0008775 3.25e-05
0.0008775 0.0008775 3.25e-05
0.00091 0.0008775 3.25e-05
0.0009425 0.0008775 3.25e-05
0.000975 0.0008775 3.25e-05
0.0010075 0.0008775 3.25e-05
0.00104 0.0008775 3.25e-05
0.0010725 0.0008775 3.25e-05
0.001105 0.0008775 3.25e-05
0.0011375 0.0008775 3.25e-05
0.00117 0.0008775 3.25e-05
0.0012025 0.0008775 3.25e-05
0.001235 0.0008775 3.25e-05
0.0012675 0.0008775 3.25e-05
0.0013 0.0008775 3.25e-05
0.0013325 0.0008775 3.25e-05
0.001365 0.0008775 3.25e-05
0.0013975 0.0008775 3.25e-05
0.00143 0.0008775 3.25e-05
0.0014625 0.0008775 3.25e-05
0.001495 0.0008775 3.25e-05
0.0015275 0.0008775 3.25e-05
0.00156 0.0008775 3.25e-05
0.0015925 0.0008775 3.25e-05
0.001625 0.0008775 3.25e-05
0.0016575 0.0008775 3.25e-05
0.00169 0.0008775 3.25e-05
0.0017225 0.0008775 3.25e-05
0.001755 0.0008775 3.25e-05
0.0017875 0.0008775 3.25e-05
0.00182 0.0008775 3.25e-05
0.0018525 0.0008775 3.25e-05
0.001885 0.0008775 3.25e-05
0.0019175 0.0008775 3.25e-05
0.00195 0.0008775 3.25e-05
0.0019825 0.0008775 3.25e-05
0.002015 0.0008775 3.25e-05
0.0020475 0.0008775 3.25e-05
0.00208 0.0008775 3.25e-05
0.0021125 0.0008775 3.25e-05
0.002145 0.0008775 3.25e-05
0.0021775 0.0008775 3.25e-05
0.00221 0.0008775 3.25e-05
0.0022425 0.0008775 3.25e-05
0.002275 0.0008775 3.25e-05
0.0023075 0.0008775 3.25e-05
0.00234 0.0008775 3.25e-05
0.0023725 0.0008775 3.25e-05
0.002405 0.0008775 3.25e-05
0.0024375 0.0008775 3.25e-05
0.00247 0.0008775 3.25e-05
0.0025025 0.0008775 3.25e-05
0.002535 0.0008775 3.25e-05
0.0025675 0.0008775 3.25e-05
0.0026 0.0008775 3.25e-05
0 0.00091 3.25e-05
3.25e-05 0.00091 3.25e-05
6.499999999999999e-05 0.00091 3.25e-05
9.75e-05 0.00091 3.25e-05
0.00013 0.00091 3.25e-05
0.0001625 0.00091 3.25e-05
0.000195 0.00091 3.25e-05
0.0002275 0.00091 3.25e-05
0.00026 0.00091 3.25e-05
0.0002925 0.00091 3.25e-05
0.000325 0.00091 3.25e-05
0.0003575 0.00091 3.25e-05
0.00039 0.00091 3.25e-05
0.0004225 0.00091 3.25e-05
0.000455 0.00091 3.25e-05
0.0004875 0.00091 3.25e-05
0.00052 0.00091 3.25e-05
0.0005525 0.00091 3.25e-05
0.000585 0.00091 3.25e-05
0.0006175 0.00091 3.25e-05
0.00065 0.00091 3.25e-05
0.0006824999999999999 0.00091 3.25e-05
0.000715 0.00091 3.25e-05
0.0007475 0.00091 3.25e-05
0.00078 0.00091 3.25e-05
0.0008125 0.00091 3.25e-05
0.000845 0.00091 3.25e-05
0.0008775 0.00091 3.25e-05
0.00091 0.00091 3.25e-05
0.0009425 0.00091 3.25e-05
0.000975 0.00091 3.25e-05
0.0010075 0.00091 3.25e-05
0.00104 0.00091 3.25e-05
0.0010725 0.00091 3.25e-05
0.001105 0.00091 3.25e-05
0.0011375 0.00091 3.25e-05
0.00117 0.00091 3.25e-05
0.0012025 0.00091 3.25e-05
0.001235 0.00091 3.25e-05
0.0012675 0.00091 3.25e-05
0.0013 0.00091 3.25e-05
0.0013325 0.00091 3.25e-05
0.001365 0.00091 3.25e-05
0.0013975 0.00091 3.25e-05
0.00143 0.00091 3.25e-05
0.0014625 0.00091 3.25e-05
0.001495 0.00091 3.25e-05
0.0015275 0.00091 3.25e-05
0.00156 0.00091 3.25e-05
0.0015925 0.00091 3.25e-05
0.001625 0.00091 3.25e-05
0.0016575 0.00091 3.25e-05
0.00169 0.00091 3.25e-05
0.0017225 0.00091 3.25e-05
0.001755 0.00091 3.25e-05
0.0017875 0.00091 3.25e-05
0.00182 0.00091 3.25e-05
0.0018525 0.00091 3.25e-05
0.001885 0.00091 3.25e-05
0.0019175 0.00091 3.25e-05
0.00195 0.00091 3.25e-05
0.0019825 0.00091 3.25e-05
0.002015 0.00091 3.25e-05
0.0020475 0.00091 3.25e-05
0.00208 0.00091 3.25e-05
0.0021125 0.00091 3.25e-05
0.002145 0.00091 3.25e-05
0.0021775 0.00091 3.25e-05
0.00221 0.00091 3.25e-05
0.0022425 0.00091 3.25e-05
0.002275 0.00091 3.25e-05
0.0023075 0.00091 3.25e-05
0.00234 0.00091 3.25e-05
0.0023725 0.00091 3.25e-05
0.002405 0.00091 3.25e-05
0.0024375 0.00091 3.25e-05
0.00247 0.00091 3.25e-05
0.0025025 0.00091 3.25e-05
0.002535 0.00091 3.25e-05
0.0025675 0.00091 3.25e-05
0.0026 0.00091 3.25e-05
0 0.0009425 3.25e-05
3.25e-05 0.0009425 3.25e-05
6.499999999999999e-05 0.0009425 3.25e-05
9.75e-05 0.0009425 3.25e-05
0.00013 0.0009425 3.25e-05
0.0001625 0.0009425 3.25e-05
0.000195 0.0009425 3.25e-05
0.0002275 0.0009425 3.25e-05
0.00026 0.0009425 3.25e-05
0.0002925 0.0009425 3.25e-05
0.000325 0.0009425 3.25e-05
0.0003575 0.0009425 3.25e-05
0.00039 0.0009425 3.25e-05
0.0004225 0.0009425 3.25e-05
0.000455 0.0009425 3.25e-05
0.0004875 0.0009425 3.25e-05
0.00052 0.0009425 3.25e-05
0.0005525 0.0009425 3.25e-05
0.000585 0.0009425 3.25e-05
0.0006175 0.0009425 3.25e-05
0.00065 0.0009425 3.25e-05
0.0006824999999999999 0.0009425 3.25e-05
0.000715 0.0009425 3.25e-05
0.0007475 0.0009425 3.25e-05
0.00078 0.0009425 3.25e-05
0.0008125 0.0009425 3.25e-05
0.000845 0.0009425 3.25e-05
0.0008775 0.0009425 3.25e-05
0.00091 0.0009425 3.25e-05
0.0009425 0.0009425 3.25e-05
0.000975 0.0009425 3.25e-05
0.0010075 0.0009425 3.25e-05
0.00104 0.0009425 3.25e-05
0.0010725 0.0009425 3.25e-05
0.001105 0.0009425 3.25e-05
0.0011375 0.0009425 3.25e-05
0.00117 0.0009425 3.25e-05
0.0012025 0.0009425 3.25e-05
0.001235 0.0009425 3.25e-05
0.0012675 0.0009425 3.25e-05
0.0013 0.0009425 3.25e-05
0.0013325 0.0009425 3.25e-05
0.001365 0.0009425 3.25e-05
0.0013975 0.0009425 3.25e-05
0.00143 0.0009425 3.25e-05
0.0014625 0.0009425 3.25e-05
0.001495 0.0009425 3.25e-05
0.0015275 0.0009425 3.25e-05
0.00156 0.0009425 3.25e-05
0.0015925 0.0009425 3.25e-05
0.001625 0.0009425 3.25e-05
0.0016575 0.0009425 3.25e-05
0.00169 0.0009425 3.25e-05
0.0017225 0.0009425 3.25e-05
0.001755 0.0009425 3.25e-05
0.0017875 0.0009425 3.25e-05
0.00182 0.0009425 3.25e-05
0.0018525 0.0009425 3.25e-05
0.001885 0.0009425 3.25e-05
0.0019175 0.0009425 3.25e-05
0.00195 0.0009425 3.25e-05
0.0019825 0.0009425 3.25e-05
0.002015 0.0009425 3.25e-05
0.0020475 0.0009425 3.25e-05
0.00208 0.0009425 3.25e-05
0.0021125 0.0009425 3.25e-05
0.002145 0.0009425 3.25e-05
0.0021775 0.0009425 3.25e-05
0.00221 0.0009425 3.25e-05
0.0022425 0.0009425 3.25e-05
0.002275 0.0009425 3.25e-05
0.0023075 0.0009425 3.25e-05
0.00234 0.0009425 3.25e-05
0.0023725 0.0009425 3.25e-05
0.002405 0.0009425 3.25e-05
0.0024375 0.0009425 3.25e-05
0.00247 0.0009425 3.25e-05
0.0025025 0.0009425 3.25e-05
0.002535 0.0009425 3.25e-05
0.0025675 0.0009425 3.25e-05
0.0026 0.0009425 3.25e-05
0 0.000975 3.25e-05
3.25e-05 0.000975 3.25e-05
6.499999999999999e-05 0.000975 3.25e-05
9.75e-05 0.000975 3.25e-05
0.00013 0.000975 3.25e-05
0.0001625 0.000975 3.25e-05
0.000195 0.000975 3.25e-05
0.0002275 0.000975 3.25e-05
0.00026 0.000975 3.25e-05
0.0002925 0.000975 3.25e-05
0.000325 0.000975 3.25e-05
0.0003575 0.000975 3.25e-05
0.00039 0.000975 3.25e-05
0.0004225 0.000975 3.25e-05
0.000455 0.000975 3.25e-05
0.0004875 0.000975 3.25e-05
0.00052 0.000975 3.25e-05
0.0005525 0.000975 3.25e-05
0.000585 0.000975 3.25e-05
0.0006175 0.000975 3.25e-05
0.00065 0.000975 3.25e-05
0.0006824999999999999 0.000975 3.25e-05
0.000715 0.000975 3.25e-05
0.0007475 0.000975 3.25e-05
0.00078 0.000975 3.25e-05
0.0008125 0.000975 3.25e-05
0.000845 0.000975 3.25e-05
0.0008775 0.000975 3.25e-05
0.00091 0.000975 3.25e-05
0.0009425 0.000975 3.25e-05
0.000975 0.000975 3.25e-05
0.0010075 0.000975 3.25e-05
0.00104 0.000975 3.25e-05
0.0010725 0.000975 3.25e-05
0.001105 0.000975 3.25e-05
0.0011375 0.000975 3.25e-05
0.00117 0.000975 3.25e-05
0.0012025 0.000975 3.25e-05
0.001235 0.000975 3.25e-05
0.0012675 0.000975 3.25e-05
0.0013 0.000975 3.25e-05
0.0013325 0.000975 3.25e-05
0.001365 0.000975 3.25e-05
0.0013975 0.000975 3.25e-05
0.00143 0.000975 3.25e-05
0.0014625 0.000975 3.25e-05
0.001495 0.000975 3.25e-05
0.0015275 0.000975 3.25e-05
0.00156 0.000975 3.25e-05
0.0015925 0.000975 3.25e-05
0.001625 0.000975 3.25e-05
0.0016575 0.000975 3.25e-05
0.00169 0.000975 3.25e-05
0.0017225 0.000975 3.25e-05
0.001755 0.000975 3.25e-05
0.0017875 0.000975 3.25e-05
0.00182 0.000975 3.25e-05
0.0018525 0.000975 3.25e-05
0.001885 0.000975 3.25e-05
0.0019175 0.000975 3.25e-05
0.00195 0.000975 3.25e-05
0.0019825 0.000975 3.25e-05
0.002015 0.000975 3.25e-05
0.0020475 0.000975 3.25e-05
0.00208 0.000975 3.25e-05
0.0021125 0.000975 3.25e-05
0.002145 0.000975 3.25e-05
0.0021775 0.000975 3.25e-05
0.00221 0.000975 3.25e-05
0.0022425 0.000975 3.25e-05
0.002275 0.000975 3.25e-05
0.0023075 0.000975 3.25e-05
0.00234 0.000975 3.25e-05
0.0023725 0.000975 3.25e-05
0.002405 0.000975 3.25e-05
0.0024375 0.000975 3.25e-05
0.00247 0.000975 3.25e-05
0.0025025 0.000975 3.25e-05
0.002535 0.000975 3.25e-05
0.0025675 0.000975 3.25e-05
0.0026 0.000975 3.25e-05
