MFEM mesh v1.0

#
# MFEM Geometry Types (see mesh/geom.hpp):
#
# POINT       = 0
# SEGMENT     = 1
# TRIANGLE    = 2
# SQUARE      = 3
# TETRAHEDRON = 4
# CUBE        = 5
# PRISM       = 6
#

dimension
2

elements
1536
1 3 0 1 98 97
1 3 1 2 99 98
1 3 2 3 100 99
1 3 3 4 101 100
1 3 4 5 102 101
1 3 5 6 103 102
1 3 6 7 104 103
1 3 7 8 105 104
1 3 8 9 106 105
1 3 9 10 107 106
1 3 10 11 108 107
1 3 11 12 109 108
1 3 12 13 110 109
1 3 13 14 111 110
1 3 14 15 112 111
1 3 15 16 113 112
1 3 16 17 114 113
1 3 17 18 115 114
1 3 18 19 116 115
1 3 19 20 117 116
1 3 20 21 118 117
1 3 21 22 119 118
1 3 22 23 120 119
1 3 23 24 121 120
1 3 24 25 122 121
1 3 25 26 123 122
1 3 26 27 124 123
1 3 27 28 125 124
1 3 28 29 126 125
1 3 29 30 127 126
1 3 30 31 128 127
1 3 31 32 129 128
1 3 32 33 130 129
1 3 33 34 131 130
1 3 34 35 132 131
1 3 35 36 133 132
1 3 36 37 134 133
1 3 37 38 135 134
1 3 38 39 136 135
1 3 39 40 137 136
1 3 40 41 138 137
1 3 41 42 139 138
1 3 42 43 140 139
1 3 43 44 141 140
1 3 44 45 142 141
1 3 45 46 143 142
1 3 46 47 144 143
1 3 47 48 145 144
1 3 48 49 146 145
1 3 49 50 147 146
1 3 50 51 148 147
1 3 51 52 149 148
1 3 52 53 150 149
1 3 53 54 151 150
1 3 54 55 152 151
1 3 55 56 153 152
1 3 56 57 154 153
1 3 57 58 155 154
1 3 58 59 156 155
1 3 59 60 157 156
1 3 60 61 158 157
1 3 61 62 159 158
1 3 62 63 160 159
1 3 63 64 161 160
1 3 64 65 162 161
1 3 65 66 163 162
1 3 66 67 164 163
1 3 67 68 165 164
1 3 68 69 166 165
1 3 69 70 167 166
1 3 70 71 168 167
1 3 71 72 169 168
1 3 72 73 170 169
1 3 73 74 171 170
1 3 74 75 172 171
1 3 75 76 173 172
1 3 76 77 174 173
1 3 77 78 175 174
1 3 78 79 176 175
1 3 79 80 177 176
1 3 80 81 178 177
1 3 81 82 179 178
1 3 82 83 180 179
1 3 83 84 181 180
1 3 84 85 182 181
1 3 85 86 183 182
1 3 86 87 184 183
1 3 87 88 185 184
1 3 88 89 186 185
1 3 89 90 187 186
1 3 90 91 188 187
1 3 91 92 189 188
1 3 92 93 190 189
1 3 93 94 191 190
1 3 94 95 192 191
1 3 95 96 193 192
1 3 97 98 195 194
1 3 98 99 196 195
1 3 99 100 197 196
1 3 100 101 198 197
1 3 101 102 199 198
1 3 102 103 200 199
1 3 103 104 201 200
1 3 104 105 202 201
1 3 105 106 203 202
1 3 106 107 204 203
1 3 107 108 205 204
1 3 108 109 206 205
1 3 109 110 207 206
1 3 110 111 208 207
1 3 111 112 209 208
1 3 112 113 210 209
1 3 113 114 211 210
1 3 114 115 212 211
1 3 115 116 213 212
1 3 116 117 214 213
1 3 117 118 215 214
1 3 118 119 216 215
1 3 119 120 217 216
1 3 120 121 218 217
1 3 121 122 219 218
1 3 122 123 220 219
1 3 123 124 221 220
1 3 124 125 222 221
1 3 125 126 223 222
1 3 126 127 224 223
1 3 127 128 225 224
1 3 128 129 226 225
1 3 129 130 227 226
1 3 130 131 228 227
1 3 131 132 229 228
1 3 132 133 230 229
1 3 133 134 231 230
1 3 134 135 232 231
1 3 135 136 233 232
1 3 136 137 234 233
1 3 137 138 235 234
1 3 138 139 236 235
1 3 139 140 237 236
1 3 140 141 238 237
1 3 141 142 239 238
1 3 142 143 240 239
1 3 143 144 241 240
1 3 144 145 242 241
1 3 145 146 243 242
1 3 146 147 244 243
1 3 147 148 245 244
1 3 148 149 246 245
1 3 149 150 247 246
1 3 150 151 248 247
1 3 151 152 249 248
1 3 152 153 250 249
1 3 153 154 251 250
1 3 154 155 252 251
1 3 155 156 253 252
1 3 156 157 254 253
1 3 157 158 255 254
1 3 158 159 256 255
1 3 159 160 257 256
1 3 160 161 258 257
1 3 161 162 259 258
1 3 162 163 260 259
1 3 163 164 261 260
1 3 164 165 262 261
1 3 165 166 263 262
1 3 166 167 264 263
1 3 167 168 265 264
1 3 168 169 266 265
1 3 169 170 267 266
1 3 170 171 268 267
1 3 171 172 269 268
1 3 172 173 270 269
1 3 173 174 271 270
1 3 174 175 272 271
1 3 175 176 273 272
1 3 176 177 274 273
1 3 177 178 275 274
1 3 178 179 276 275
1 3 179 180 277 276
1 3 180 181 278 277
1 3 181 182 279 278
1 3 182 183 280 279
1 3 183 184 281 280
1 3 184 185 282 281
1 3 185 186 283 282
1 3 186 187 284 283
1 3 187 188 285 284
1 3 188 189 286 285
1 3 189 190 287 286
1 3 190 191 288 287
1 3 191 192 289 288
1 3 192 193 290 289
1 3 194 195 292 291
1 3 195 196 293 292
1 3 196 197 294 293
1 3 197 198 295 294
1 3 198 199 296 295
1 3 199 200 297 296
1 3 200 201 298 297
1 3 201 202 299 298
1 3 202 203 300 299
1 3 203 204 301 300
1 3 204 205 302 301
1 3 205 206 303 302
1 3 206 207 304 303
1 3 207 208 305 304
1 3 208 209 306 305
1 3 209 210 307 306
1 3 210 211 308 307
1 3 211 212 309 308
1 3 212 213 310 309
1 3 213 214 311 310
1 3 214 215 312 311
1 3 215 216 313 312
1 3 216 217 314 313
1 3 217 218 315 314
1 3 218 219 316 315
1 3 219 220 317 316
1 3 220 221 318 317
1 3 221 222 319 318
1 3 222 223 320 319
1 3 223 224 321 320
1 3 224 225 322 321
1 3 225 226 323 322
1 3 226 227 324 323
1 3 227 228 325 324
1 3 228 229 326 325
1 3 229 230 327 326
1 3 230 231 328 327
1 3 231 232 329 328
1 3 232 233 330 329
1 3 233 234 331 330
1 3 234 235 332 331
1 3 235 236 333 332
1 3 236 237 334 333
1 3 237 238 335 334
1 3 238 239 336 335
1 3 239 240 337 336
1 3 240 241 338 337
1 3 241 242 339 338
1 3 242 243 340 339
1 3 243 244 341 340
1 3 244 245 342 341
1 3 245 246 343 342
1 3 246 247 344 343
1 3 247 248 345 344
1 3 248 249 346 345
1 3 249 250 347 346
1 3 250 251 348 347
1 3 251 252 349 348
1 3 252 253 350 349
1 3 253 254 351 350
1 3 254 255 352 351
1 3 255 256 353 352
1 3 256 257 354 353
1 3 257 258 355 354
1 3 258 259 356 355
1 3 259 260 357 356
1 3 260 261 358 357
1 3 261 262 359 358
1 3 262 263 360 359
1 3 263 264 361 360
1 3 264 265 362 361
1 3 265 266 363 362
1 3 266 267 364 363
1 3 267 268 365 364
1 3 268 269 366 365
1 3 269 270 367 366
1 3 270 271 368 367
1 3 271 272 369 368
1 3 272 273 370 369
1 3 273 274 371 370
1 3 274 275 372 371
1 3 275 276 373 372
1 3 276 277 374 373
1 3 277 278 375 374
1 3 278 279 376 375
1 3 279 280 377 376
1 3 280 281 378 377
1 3 281 282 379 378
1 3 282 283 380 379
1 3 283 284 381 380
1 3 284 285 382 381
1 3 285 286 383 382
1 3 286 287 384 383
1 3 287 288 385 384
1 3 288 289 386 385
1 3 289 290 387 386
1 3 291 292 389 388
1 3 292 293 390 389
1 3 293 294 391 390
1 3 294 295 392 391
1 3 295 296 393 392
1 3 296 297 394 393
1 3 297 298 395 394
1 3 298 299 396 395
1 3 299 300 397 396
1 3 300 301 398 397
1 3 301 302 399 398
1 3 302 303 400 399
1 3 303 304 401 400
1 3 304 305 402 401
1 3 305 306 403 402
1 3 306 307 404 403
1 3 307 308 405 404
1 3 308 309 406 405
1 3 309 310 407 406
1 3 310 311 408 407
1 3 311 312 409 408
1 3 312 313 410 409
1 3 313 314 411 410
1 3 314 315 412 411
1 3 315 316 413 412
1 3 316 317 414 413
1 3 317 318 415 414
1 3 318 319 416 415
1 3 319 320 417 416
1 3 320 321 418 417
1 3 321 322 419 418
1 3 322 323 420 419
1 3 323 324 421 420
1 3 324 325 422 421
1 3 325 326 423 422
1 3 326 327 424 423
1 3 327 328 425 424
1 3 328 329 426 425
1 3 329 330 427 426
1 3 330 331 428 427
1 3 331 332 429 428
1 3 332 333 430 429
1 3 333 334 431 430
1 3 334 335 432 431
1 3 335 336 433 432
1 3 336 337 434 433
1 3 337 338 435 434
1 3 338 339 436 435
1 3 339 340 437 436
1 3 340 341 438 437
1 3 341 342 439 438
1 3 342 343 440 439
1 3 343 344 441 440
1 3 344 345 442 441
1 3 345 346 443 442
1 3 346 347 444 443
1 3 347 348 445 444
1 3 348 349 446 445
1 3 349 350 447 446
1 3 350 351 448 447
1 3 351 352 449 448
1 3 352 353 450 449
1 3 353 354 451 450
1 3 354 355 452 451
1 3 355 356 453 452
1 3 356 357 454 453
1 3 357 358 455 454
1 3 358 359 456 455
1 3 359 360 457 456
1 3 360 361 458 457
1 3 361 362 459 458
1 3 362 363 460 459
1 3 363 364 461 460
1 3 364 365 462 461
1 3 365 366 463 462
1 3 366 367 464 463
1 3 367 368 465 464
1 3 368 369 466 465
1 3 369 370 467 466
1 3 370 371 468 467
1 3 371 372 469 468
1 3 372 373 470 469
1 3 373 374 471 470
1 3 374 375 472 471
1 3 375 376 473 472
1 3 376 377 474 473
1 3 377 378 475 474
1 3 378 379 476 475
1 3 379 380 477 476
1 3 380 381 478 477
1 3 381 382 479 478
1 3 382 383 480 479
1 3 383 384 481 480
1 3 384 385 482 481
1 3 385 386 483 482
1 3 386 387 484 483
1 3 388 389 486 485
1 3 389 390 487 486
1 3 390 391 488 487
1 3 391 392 489 488
1 3 392 393 490 489
1 3 393 394 491 490
1 3 394 395 492 491
1 3 395 396 493 492
1 3 396 397 494 493
1 3 397 398 495 494
1 3 398 399 496 495
1 3 399 400 497 496
1 3 400 401 498 497
1 3 401 402 499 498
1 3 402 403 500 499
1 3 403 404 501 500
1 3 404 405 502 501
1 3 405 406 503 502
1 3 406 407 504 503
1 3 407 408 505 504
1 3 408 409 506 505
1 3 409 410 507 506
1 3 410 411 508 507
1 3 411 412 509 508
1 3 412 413 510 509
1 3 413 414 511 510
1 3 414 415 512 511
1 3 415 416 513 512
1 3 416 417 514 513
1 3 417 418 515 514
1 3 418 419 516 515
1 3 419 420 517 516
1 3 420 421 518 517
1 3 421 422 519 518
1 3 422 423 520 519
1 3 423 424 521 520
1 3 424 425 522 521
1 3 425 426 523 522
1 3 426 427 524 523
1 3 427 428 525 524
1 3 428 429 526 525
1 3 429 430 527 526
1 3 430 431 528 527
1 3 431 432 529 528
1 3 432 433 530 529
1 3 433 434 531 530
1 3 434 435 532 531
1 3 435 436 533 532
1 3 436 437 534 533
1 3 437 438 535 534
1 3 438 439 536 535
1 3 439 440 537 536
1 3 440 441 538 537
1 3 441 442 539 538
1 3 442 443 540 539
1 3 443 444 541 540
1 3 444 445 542 541
1 3 445 446 543 542
1 3 446 447 544 543
1 3 447 448 545 544
1 3 448 449 546 545
1 3 449 450 547 546
1 3 450 451 548 547
1 3 451 452 549 548
1 3 452 453 550 549
1 3 453 454 551 550
1 3 454 455 552 551
1 3 455 456 553 552
1 3 456 457 554 553
1 3 457 458 555 554
1 3 458 459 556 555
1 3 459 460 557 556
1 3 460 461 558 557
1 3 461 462 559 558
1 3 462 463 560 559
1 3 463 464 561 560
1 3 464 465 562 561
1 3 465 466 563 562
1 3 466 467 564 563
1 3 467 468 565 564
1 3 468 469 566 565
1 3 469 470 567 566
1 3 470 471 568 567
1 3 471 472 569 568
1 3 472 473 570 569
1 3 473 474 571 570
1 3 474 475 572 571
1 3 475 476 573 572
1 3 476 477 574 573
1 3 477 478 575 574
1 3 478 479 576 575
1 3 479 480 577 576
1 3 480 481 578 577
1 3 481 482 579 578
1 3 482 483 580 579
1 3 483 484 581 580
1 3 485 486 583 582
1 3 486 487 584 583
1 3 487 488 585 584
1 3 488 489 586 585
1 3 489 490 587 586
1 3 490 491 588 587
1 3 491 492 589 588
1 3 492 493 590 589
1 3 493 494 591 590
1 3 494 495 592 591
1 3 495 496 593 592
1 3 496 497 594 593
1 3 497 498 595 594
1 3 498 499 596 595
1 3 499 500 597 596
1 3 500 501 598 597
1 3 501 502 599 598
1 3 502 503 600 599
1 3 503 504 601 600
1 3 504 505 602 601
1 3 505 506 603 602
1 3 506 507 604 603
1 3 507 508 605 604
1 3 508 509 606 605
1 3 509 510 607 606
1 3 510 511 608 607
1 3 511 512 609 608
1 3 512 513 610 609
1 3 513 514 611 610
1 3 514 515 612 611
1 3 515 516 613 612
1 3 516 517 614 613
1 3 517 518 615 614
1 3 518 519 616 615
1 3 519 520 617 616
1 3 520 521 618 617
1 3 521 522 619 618
1 3 522 523 620 619
1 3 523 524 621 620
1 3 524 525 622 621
1 3 525 526 623 622
1 3 526 527 624 623
1 3 527 528 625 624
1 3 528 529 626 625
1 3 529 530 627 626
1 3 530 531 628 627
1 3 531 532 629 628
1 3 532 533 630 629
1 3 533 534 631 630
1 3 534 535 632 631
1 3 535 536 633 632
1 3 536 537 634 633
1 3 537 538 635 634
1 3 538 539 636 635
1 3 539 540 637 636
1 3 540 541 638 637
1 3 541 542 639 638
1 3 542 543 640 639
1 3 543 544 641 640
1 3 544 545 642 641
1 3 545 546 643 642
1 3 546 547 644 643
1 3 547 548 645 644
1 3 548 549 646 645
1 3 549 550 647 646
1 3 550 551 648 647
1 3 551 552 649 648
1 3 552 553 650 649
1 3 553 554 651 650
1 3 554 555 652 651
1 3 555 556 653 652
1 3 556 557 654 653
1 3 557 558 655 654
1 3 558 559 656 655
1 3 559 560 657 656
1 3 560 561 658 657
1 3 561 562 659 658
1 3 562 563 660 659
1 3 563 564 661 660
1 3 564 565 662 661
1 3 565 566 663 662
1 3 566 567 664 663
1 3 567 568 665 664
1 3 568 569 666 665
1 3 569 570 667 666
1 3 570 571 668 667
1 3 571 572 669 668
1 3 572 573 670 669
1 3 573 574 671 670
1 3 574 575 672 671
1 3 575 576 673 672
1 3 576 577 674 673
1 3 577 578 675 674
1 3 578 579 676 675
1 3 579 580 677 676
1 3 580 581 678 677
1 3 582 583 680 679
1 3 583 584 681 680
1 3 584 585 682 681
1 3 585 586 683 682
1 3 586 587 684 683
1 3 587 588 685 684
1 3 588 589 686 685
1 3 589 590 687 686
1 3 590 591 688 687
1 3 591 592 689 688
1 3 592 593 690 689
1 3 593 594 691 690
1 3 594 595 692 691
1 3 595 596 693 692
1 3 596 597 694 693
1 3 597 598 695 694
1 3 598 599 696 695
1 3 599 600 697 696
1 3 600 601 698 697
1 3 601 602 699 698
1 3 602 603 700 699
1 3 603 604 701 700
1 3 604 605 702 701
1 3 605 606 703 702
1 3 606 607 704 703
1 3 607 608 705 704
1 3 608 609 706 705
1 3 609 610 707 706
1 3 610 611 708 707
1 3 611 612 709 708
1 3 612 613 710 709
1 3 613 614 711 710
1 3 614 615 712 711
1 3 615 616 713 712
1 3 616 617 714 713
1 3 617 618 715 714
1 3 618 619 716 715
1 3 619 620 717 716
1 3 620 621 718 717
1 3 621 622 719 718
1 3 622 623 720 719
1 3 623 624 721 720
1 3 624 625 722 721
1 3 625 626 723 722
1 3 626 627 724 723
1 3 627 628 725 724
1 3 628 629 726 725
1 3 629 630 727 726
1 3 630 631 728 727
1 3 631 632 729 728
1 3 632 633 730 729
1 3 633 634 731 730
1 3 634 635 732 731
1 3 635 636 733 732
1 3 636 637 734 733
1 3 637 638 735 734
1 3 638 639 736 735
1 3 639 640 737 736
1 3 640 641 738 737
1 3 641 642 739 738
1 3 642 643 740 739
1 3 643 644 741 740
1 3 644 645 742 741
1 3 645 646 743 742
1 3 646 647 744 743
1 3 647 648 745 744
1 3 648 649 746 745
1 3 649 650 747 746
1 3 650 651 748 747
1 3 651 652 749 748
1 3 652 653 750 749
1 3 653 654 751 750
1 3 654 655 752 751
1 3 655 656 753 752
1 3 656 657 754 753
1 3 657 658 755 754
1 3 658 659 756 755
1 3 659 660 757 756
1 3 660 661 758 757
1 3 661 662 759 758
1 3 662 663 760 759
1 3 663 664 761 760
1 3 664 665 762 761
1 3 665 666 763 762
1 3 666 667 764 763
1 3 667 668 765 764
1 3 668 669 766 765
1 3 669 670 767 766
1 3 670 671 768 767
1 3 671 672 769 768
1 3 672 673 770 769
1 3 673 674 771 770
1 3 674 675 772 771
1 3 675 676 773 772
1 3 676 677 774 773
1 3 677 678 775 774
1 3 679 680 777 776
1 3 680 681 778 777
1 3 681 682 779 778
1 3 682 683 780 779
1 3 683 684 781 780
1 3 684 685 782 781
1 3 685 686 783 782
1 3 686 687 784 783
1 3 687 688 785 784
1 3 688 689 786 785
1 3 689 690 787 786
1 3 690 691 788 787
1 3 691 692 789 788
1 3 692 693 790 789
1 3 693 694 791 790
1 3 694 695 792 791
1 3 695 696 793 792
1 3 696 697 794 793
1 3 697 698 795 794
1 3 698 699 796 795
1 3 699 700 797 796
1 3 700 701 798 797
1 3 701 702 799 798
1 3 702 703 800 799
1 3 703 704 801 800
1 3 704 705 802 801
1 3 705 706 803 802
1 3 706 707 804 803
1 3 707 708 805 804
1 3 708 709 806 805
1 3 709 710 807 806
1 3 710 711 808 807
1 3 711 712 809 808
1 3 712 713 810 809
1 3 713 714 811 810
1 3 714 715 812 811
1 3 715 716 813 812
1 3 716 717 814 813
1 3 717 718 815 814
1 3 718 719 816 815
1 3 719 720 817 816
1 3 720 721 818 817
1 3 721 722 819 818
1 3 722 723 820 819
1 3 723 724 821 820
1 3 724 725 822 821
1 3 725 726 823 822
1 3 726 727 824 823
1 3 727 728 825 824
1 3 728 729 826 825
1 3 729 730 827 826
1 3 730 731 828 827
1 3 731 732 829 828
1 3 732 733 830 829
1 3 733 734 831 830
1 3 734 735 832 831
1 3 735 736 833 832
1 3 736 737 834 833
1 3 737 738 835 834
1 3 738 739 836 835
1 3 739 740 837 836
1 3 740 741 838 837
1 3 741 742 839 838
1 3 742 743 840 839
1 3 743 744 841 840
1 3 744 745 842 841
1 3 745 746 843 842
1 3 746 747 844 843
1 3 747 748 845 844
1 3 748 749 846 845
1 3 749 750 847 846
1 3 750 751 848 847
1 3 751 752 849 848
1 3 752 753 850 849
1 3 753 754 851 850
1 3 754 755 852 851
1 3 755 756 853 852
1 3 756 757 854 853
1 3 757 758 855 854
1 3 758 759 856 855
1 3 759 760 857 856
1 3 760 761 858 857
1 3 761 762 859 858
1 3 762 763 860 859
1 3 763 764 861 860
1 3 764 765 862 861
1 3 765 766 863 862
1 3 766 767 864 863
1 3 767 768 865 864
1 3 768 769 866 865
1 3 769 770 867 866
1 3 770 771 868 867
1 3 771 772 869 868
1 3 772 773 870 869
1 3 773 774 871 870
1 3 774 775 872 871
1 3 776 777 874 873
1 3 777 778 875 874
1 3 778 779 876 875
1 3 779 780 877 876
1 3 780 781 878 877
1 3 781 782 879 878
1 3 782 783 880 879
1 3 783 784 881 880
1 3 784 785 882 881
1 3 785 786 883 882
1 3 786 787 884 883
1 3 787 788 885 884
1 3 788 789 886 885
1 3 789 790 887 886
1 3 790 791 888 887
1 3 791 792 889 888
1 3 792 793 890 889
1 3 793 794 891 890
1 3 794 795 892 891
1 3 795 796 893 892
1 3 796 797 894 893
1 3 797 798 895 894
1 3 798 799 896 895
1 3 799 800 897 896
1 3 800 801 898 897
1 3 801 802 899 898
1 3 802 803 900 899
1 3 803 804 901 900
1 3 804 805 902 901
1 3 805 806 903 902
1 3 806 807 904 903
1 3 807 808 905 904
1 3 808 809 906 905
1 3 809 810 907 906
1 3 810 811 908 907
1 3 811 812 909 908
1 3 812 813 910 909
1 3 813 814 911 910
1 3 814 815 912 911
1 3 815 816 913 912
1 3 816 817 914 913
1 3 817 818 915 914
1 3 818 819 916 915
1 3 819 820 917 916
1 3 820 821 918 917
1 3 821 822 919 918
1 3 822 823 920 919
1 3 823 824 921 920
1 3 824 825 922 921
1 3 825 826 923 922
1 3 826 827 924 923
1 3 827 828 925 924
1 3 828 829 926 925
1 3 829 830 927 926
1 3 830 831 928 927
1 3 831 832 929 928
1 3 832 833 930 929
1 3 833 834 931 930
1 3 834 835 932 931
1 3 835 836 933 932
1 3 836 837 934 933
1 3 837 838 935 934
1 3 838 839 936 935
1 3 839 840 937 936
1 3 840 841 938 937
1 3 841 842 939 938
1 3 842 843 940 939
1 3 843 844 941 940
1 3 844 845 942 941
1 3 845 846 943 942
1 3 846 847 944 943
1 3 847 848 945 944
1 3 848 849 946 945
1 3 849 850 947 946
1 3 850 851 948 947
1 3 851 852 949 948
1 3 852 853 950 949
1 3 853 854 951 950
1 3 854 855 952 951
1 3 855 856 953 952
1 3 856 857 954 953
1 3 857 858 955 954
1 3 858 859 956 955
1 3 859 860 957 956
1 3 860 861 958 957
1 3 861 862 959 958
1 3 862 863 960 959
1 3 863 864 961 960
1 3 864 865 962 961
1 3 865 866 963 962
1 3 866 867 964 963
1 3 867 868 965 964
1 3 868 869 966 965
1 3 869 870 967 966
1 3 870 871 968 967
1 3 871 872 969 968
1 3 873 874 971 970
1 3 874 875 972 971
1 3 875 876 973 972
1 3 876 877 974 973
1 3 877 878 975 974
1 3 878 879 976 975
1 3 879 880 977 976
1 3 880 881 978 977
1 3 881 882 979 978
1 3 882 883 980 979
1 3 883 884 981 980
1 3 884 885 982 981
1 3 885 886 983 982
1 3 886 887 984 983
1 3 887 888 985 984
1 3 888 889 986 985
1 3 889 890 987 986
1 3 890 891 988 987
1 3 891 892 989 988
1 3 892 893 990 989
1 3 893 894 991 990
1 3 894 895 992 991
1 3 895 896 993 992
1 3 896 897 994 993
1 3 897 898 995 994
1 3 898 899 996 995
1 3 899 900 997 996
1 3 900 901 998 997
1 3 901 902 999 998
1 3 902 903 1000 999
1 3 903 904 1001 1000
1 3 904 905 1002 1001
1 3 905 906 1003 1002
1 3 906 907 1004 1003
1 3 907 908 1005 1004
1 3 908 909 1006 1005
1 3 909 910 1007 1006
1 3 910 911 1008 1007
1 3 911 912 1009 1008
1 3 912 913 1010 1009
1 3 913 914 1011 1010
1 3 914 915 1012 1011
1 3 915 916 1013 1012
1 3 916 917 1014 1013
1 3 917 918 1015 1014
1 3 918 919 1016 1015
1 3 919 920 1017 1016
1 3 920 921 1018 1017
1 3 921 922 1019 1018
1 3 922 923 1020 1019
1 3 923 924 1021 1020
1 3 924 925 1022 1021
1 3 925 926 1023 1022
1 3 926 927 1024 1023
1 3 927 928 1025 1024
1 3 928 929 1026 1025
1 3 929 930 1027 1026
1 3 930 931 1028 1027
1 3 931 932 1029 1028
1 3 932 933 1030 1029
1 3 933 934 1031 1030
1 3 934 935 1032 1031
1 3 935 936 1033 1032
1 3 936 937 1034 1033
1 3 937 938 1035 1034
1 3 938 939 1036 1035
1 3 939 940 1037 1036
1 3 940 941 1038 1037
1 3 941 942 1039 1038
1 3 942 943 1040 1039
1 3 943 944 1041 1040
1 3 944 945 1042 1041
1 3 945 946 1043 1042
1 3 946 947 1044 1043
1 3 947 948 1045 1044
1 3 948 949 1046 1045
1 3 949 950 1047 1046
1 3 950 951 1048 1047
1 3 951 952 1049 1048
1 3 952 953 1050 1049
1 3 953 954 1051 1050
1 3 954 955 1052 1051
1 3 955 956 1053 1052
1 3 956 957 1054 1053
1 3 957 958 1055 1054
1 3 958 959 1056 1055
1 3 959 960 1057 1056
1 3 960 961 1058 1057
1 3 961 962 1059 1058
1 3 962 963 1060 1059
1 3 963 964 1061 1060
1 3 964 965 1062 1061
1 3 965 966 1063 1062
1 3 966 967 1064 1063
1 3 967 968 1065 1064
1 3 968 969 1066 1065
1 3 970 971 1068 1067
1 3 971 972 1069 1068
1 3 972 973 1070 1069
1 3 973 974 1071 1070
1 3 974 975 1072 1071
1 3 975 976 1073 1072
1 3 976 977 1074 1073
1 3 977 978 1075 1074
1 3 978 979 1076 1075
1 3 979 980 1077 1076
1 3 980 981 1078 1077
1 3 981 982 1079 1078
1 3 982 983 1080 1079
1 3 983 984 1081 1080
1 3 984 985 1082 1081
1 3 985 986 1083 1082
1 3 986 987 1084 1083
1 3 987 988 1085 1084
1 3 988 989 1086 1085
1 3 989 990 1087 1086
1 3 990 991 1088 1087
1 3 991 992 1089 1088
1 3 992 993 1090 1089
1 3 993 994 1091 1090
1 3 994 995 1092 1091
1 3 995 996 1093 1092
1 3 996 997 1094 1093
1 3 997 998 1095 1094
1 3 998 999 1096 1095
1 3 999 1000 1097 1096
1 3 1000 1001 1098 1097
1 3 1001 1002 1099 1098
1 3 1002 1003 1100 1099
1 3 1003 1004 1101 1100
1 3 1004 1005 1102 1101
1 3 1005 1006 1103 1102
1 3 1006 1007 1104 1103
1 3 1007 1008 1105 1104
1 3 1008 1009 1106 1105
1 3 1009 1010 1107 1106
1 3 1010 1011 1108 1107
1 3 1011 1012 1109 1108
1 3 1012 1013 1110 1109
1 3 1013 1014 1111 1110
1 3 1014 1015 1112 1111
1 3 1015 1016 1113 1112
1 3 1016 1017 1114 1113
1 3 1017 1018 1115 1114
1 3 1018 1019 1116 1115
1 3 1019 1020 1117 1116
1 3 1020 1021 1118 1117
1 3 1021 1022 1119 1118
1 3 1022 1023 1120 1119
1 3 1023 1024 1121 1120
1 3 1024 1025 1122 1121
1 3 1025 1026 1123 1122
1 3 1026 1027 1124 1123
1 3 1027 1028 1125 1124
1 3 1028 1029 1126 1125
1 3 1029 1030 1127 1126
1 3 1030 1031 1128 1127
1 3 1031 1032 1129 1128
1 3 1032 1033 1130 1129
1 3 1033 1034 1131 1130
1 3 1034 1035 1132 1131
1 3 1035 1036 1133 1132
1 3 1036 1037 1134 1133
1 3 1037 1038 1135 1134
1 3 1038 1039 1136 1135
1 3 1039 1040 1137 1136
1 3 1040 1041 1138 1137
1 3 1041 1042 1139 1138
1 3 1042 1043 1140 1139
1 3 1043 1044 1141 1140
1 3 1044 1045 1142 1141
1 3 1045 1046 1143 1142
1 3 1046 1047 1144 1143
1 3 1047 1048 1145 1144
1 3 1048 1049 1146 1145
1 3 1049 1050 1147 1146
1 3 1050 1051 1148 1147
1 3 1051 1052 1149 1148
1 3 1052 1053 1150 1149
1 3 1053 1054 1151 1150
1 3 1054 1055 1152 1151
1 3 1055 1056 1153 1152
1 3 1056 1057 1154 1153
1 3 1057 1058 1155 1154
1 3 1058 1059 1156 1155
1 3 1059 1060 1157 1156
1 3 1060 1061 1158 1157
1 3 1061 1062 1159 1158
1 3 1062 1063 1160 1159
1 3 1063 1064 1161 1160
1 3 1064 1065 1162 1161
1 3 1065 1066 1163 1162
1 3 1067 1068 1165 1164
1 3 1068 1069 1166 1165
1 3 1069 1070 1167 1166
1 3 1070 1071 1168 1167
1 3 1071 1072 1169 1168
1 3 1072 1073 1170 1169
1 3 1073 1074 1171 1170
1 3 1074 1075 1172 1171
1 3 1075 1076 1173 1172
1 3 1076 1077 1174 1173
1 3 1077 1078 1175 1174
1 3 1078 1079 1176 1175
1 3 1079 1080 1177 1176
1 3 1080 1081 1178 1177
1 3 1081 1082 1179 1178
1 3 1082 1083 1180 1179
1 3 1083 1084 1181 1180
1 3 1084 1085 1182 1181
1 3 1085 1086 1183 1182
1 3 1086 1087 1184 1183
1 3 1087 1088 1185 1184
1 3 1088 1089 1186 1185
1 3 1089 1090 1187 1186
1 3 1090 1091 1188 1187
1 3 1091 1092 1189 1188
1 3 1092 1093 1190 1189
1 3 1093 1094 1191 1190
1 3 1094 1095 1192 1191
1 3 1095 1096 1193 1192
1 3 1096 1097 1194 1193
1 3 1097 1098 1195 1194
1 3 1098 1099 1196 1195
1 3 1099 1100 1197 1196
1 3 1100 1101 1198 1197
1 3 1101 1102 1199 1198
1 3 1102 1103 1200 1199
1 3 1103 1104 1201 1200
1 3 1104 1105 1202 1201
1 3 1105 1106 1203 1202
1 3 1106 1107 1204 1203
1 3 1107 1108 1205 1204
1 3 1108 1109 1206 1205
1 3 1109 1110 1207 1206
1 3 1110 1111 1208 1207
1 3 1111 1112 1209 1208
1 3 1112 1113 1210 1209
1 3 1113 1114 1211 1210
1 3 1114 1115 1212 1211
1 3 1115 1116 1213 1212
1 3 1116 1117 1214 1213
1 3 1117 1118 1215 1214
1 3 1118 1119 1216 1215
1 3 1119 1120 1217 1216
1 3 1120 1121 1218 1217
1 3 1121 1122 1219 1218
1 3 1122 1123 1220 1219
1 3 1123 1124 1221 1220
1 3 1124 1125 1222 1221
1 3 1125 1126 1223 1222
1 3 1126 1127 1224 1223
1 3 1127 1128 1225 1224
1 3 1128 1129 1226 1225
1 3 1129 1130 1227 1226
1 3 1130 1131 1228 1227
1 3 1131 1132 1229 1228
1 3 1132 1133 1230 1229
1 3 1133 1134 1231 1230
1 3 1134 1135 1232 1231
1 3 1135 1136 1233 1232
1 3 1136 1137 1234 1233
1 3 1137 1138 1235 1234
1 3 1138 1139 1236 1235
1 3 1139 1140 1237 1236
1 3 1140 1141 1238 1237
1 3 1141 1142 1239 1238
1 3 1142 1143 1240 1239
1 3 1143 1144 1241 1240
1 3 1144 1145 1242 1241
1 3 1145 1146 1243 1242
1 3 1146 1147 1244 1243
1 3 1147 1148 1245 1244
1 3 1148 1149 1246 1245
1 3 1149 1150 1247 1246
1 3 1150 1151 1248 1247
1 3 1151 1152 1249 1248
1 3 1152 1153 1250 1249
1 3 1153 1154 1251 1250
1 3 1154 1155 1252 1251
1 3 1155 1156 1253 1252
1 3 1156 1157 1254 1253
1 3 1157 1158 1255 1254
1 3 1158 1159 1256 1255
1 3 1159 1160 1257 1256
1 3 1160 1161 1258 1257
1 3 1161 1162 1259 1258
1 3 1162 1163 1260 1259
1 3 1164 1165 1262 1261
1 3 1165 1166 1263 1262
1 3 1166 1167 1264 1263
1 3 1167 1168 1265 1264
1 3 1168 1169 1266 1265
1 3 1169 1170 1267 1266
1 3 1170 1171 1268 1267
1 3 1171 1172 1269 1268
1 3 1172 1173 1270 1269
1 3 1173 1174 1271 1270
1 3 1174 1175 1272 1271
1 3 1175 1176 1273 1272
1 3 1176 1177 1274 1273
1 3 1177 1178 1275 1274
1 3 1178 1179 1276 1275
1 3 1179 1180 1277 1276
1 3 1180 1181 1278 1277
1 3 1181 1182 1279 1278
1 3 1182 1183 1280 1279
1 3 1183 1184 1281 1280
1 3 1184 1185 1282 1281
1 3 1185 1186 1283 1282
1 3 1186 1187 1284 1283
1 3 1187 1188 1285 1284
1 3 1188 1189 1286 1285
1 3 1189 1190 1287 1286
1 3 1190 1191 1288 1287
1 3 1191 1192 1289 1288
1 3 1192 1193 1290 1289
1 3 1193 1194 1291 1290
1 3 1194 1195 1292 1291
1 3 1195 1196 1293 1292
1 3 1196 1197 1294 1293
1 3 1197 1198 1295 1294
1 3 1198 1199 1296 1295
1 3 1199 1200 1297 1296
1 3 1200 1201 1298 1297
1 3 1201 1202 1299 1298
1 3 1202 1203 1300 1299
1 3 1203 1204 1301 1300
1 3 1204 1205 1302 1301
1 3 1205 1206 1303 1302
1 3 1206 1207 1304 1303
1 3 1207 1208 1305 1304
1 3 1208 1209 1306 1305
1 3 1209 1210 1307 1306
1 3 1210 1211 1308 1307
1 3 1211 1212 1309 1308
1 3 1212 1213 1310 1309
1 3 1213 1214 1311 1310
1 3 1214 1215 1312 1311
1 3 1215 1216 1313 1312
1 3 1216 1217 1314 1313
1 3 1217 1218 1315 1314
1 3 1218 1219 1316 1315
1 3 1219 1220 1317 1316
1 3 1220 1221 1318 1317
1 3 1221 1222 1319 1318
1 3 1222 1223 1320 1319
1 3 1223 1224 1321 1320
1 3 1224 1225 1322 1321
1 3 1225 1226 1323 1322
1 3 1226 1227 1324 1323
1 3 1227 1228 1325 1324
1 3 1228 1229 1326 1325
1 3 1229 1230 1327 1326
1 3 1230 1231 1328 1327
1 3 1231 1232 1329 1328
1 3 1232 1233 1330 1329
1 3 1233 1234 1331 1330
1 3 1234 1235 1332 1331
1 3 1235 1236 1333 1332
1 3 1236 1237 1334 1333
1 3 1237 1238 1335 1334
1 3 1238 1239 1336 1335
1 3 1239 1240 1337 1336
1 3 1240 1241 1338 1337
1 3 1241 1242 1339 1338
1 3 1242 1243 1340 1339
1 3 1243 1244 1341 1340
1 3 1244 1245 1342 1341
1 3 1245 1246 1343 1342
1 3 1246 1247 1344 1343
1 3 1247 1248 1345 1344
1 3 1248 1249 1346 1345
1 3 1249 1250 1347 1346
1 3 1250 1251 1348 1347
1 3 1251 1252 1349 1348
1 3 1252 1253 1350 1349
1 3 1253 1254 1351 1350
1 3 1254 1255 1352 1351
1 3 1255 1256 1353 1352
1 3 1256 1257 1354 1353
1 3 1257 1258 1355 1354
1 3 1258 1259 1356 1355
1 3 1259 1260 1357 1356
1 3 1261 1262 1359 1358
1 3 1262 1263 1360 1359
1 3 1263 1264 1361 1360
1 3 1264 1265 1362 1361
1 3 1265 1266 1363 1362
1 3 1266 1267 1364 1363
1 3 1267 1268 1365 1364
1 3 1268 1269 1366 1365
1 3 1269 1270 1367 1366
1 3 1270 1271 1368 1367
1 3 1271 1272 1369 1368
1 3 1272 1273 1370 1369
1 3 1273 1274 1371 1370
1 3 1274 1275 1372 1371
1 3 1275 1276 1373 1372
1 3 1276 1277 1374 1373
1 3 1277 1278 1375 1374
1 3 1278 1279 1376 1375
1 3 1279 1280 1377 1376
1 3 1280 1281 1378 1377
1 3 1281 1282 1379 1378
1 3 1282 1283 1380 1379
1 3 1283 1284 1381 1380
1 3 1284 1285 1382 1381
1 3 1285 1286 1383 1382
1 3 1286 1287 1384 1383
1 3 1287 1288 1385 1384
1 3 1288 1289 1386 1385
1 3 1289 1290 1387 1386
1 3 1290 1291 1388 1387
1 3 1291 1292 1389 1388
1 3 1292 1293 1390 1389
1 3 1293 1294 1391 1390
1 3 1294 1295 1392 1391
1 3 1295 1296 1393 1392
1 3 1296 1297 1394 1393
1 3 1297 1298 1395 1394
1 3 1298 1299 1396 1395
1 3 1299 1300 1397 1396
1 3 1300 1301 1398 1397
1 3 1301 1302 1399 1398
1 3 1302 1303 1400 1399
1 3 1303 1304 1401 1400
1 3 1304 1305 1402 1401
1 3 1305 1306 1403 1402
1 3 1306 1307 1404 1403
1 3 1307 1308 1405 1404
1 3 1308 1309 1406 1405
1 3 1309 1310 1407 1406
1 3 1310 1311 1408 1407
1 3 1311 1312 1409 1408
1 3 1312 1313 1410 1409
1 3 1313 1314 1411 1410
1 3 1314 1315 1412 1411
1 3 1315 1316 1413 1412
1 3 1316 1317 1414 1413
1 3 1317 1318 1415 1414
1 3 1318 1319 1416 1415
1 3 1319 1320 1417 1416
1 3 1320 1321 1418 1417
1 3 1321 1322 1419 1418
1 3 1322 1323 1420 1419
1 3 1323 1324 1421 1420
1 3 1324 1325 1422 1421
1 3 1325 1326 1423 1422
1 3 1326 1327 1424 1423
1 3 1327 1328 1425 1424
1 3 1328 1329 1426 1425
1 3 1329 1330 1427 1426
1 3 1330 1331 1428 1427
1 3 1331 1332 1429 1428
1 3 1332 1333 1430 1429
1 3 1333 1334 1431 1430
1 3 1334 1335 1432 1431
1 3 1335 1336 1433 1432
1 3 1336 1337 1434 1433
1 3 1337 1338 1435 1434
1 3 1338 1339 1436 1435
1 3 1339 1340 1437 1436
1 3 1340 1341 1438 1437
1 3 1341 1342 1439 1438
1 3 1342 1343 1440 1439
1 3 1343 1344 1441 1440
1 3 1344 1345 1442 1441
1 3 1345 1346 1443 1442
1 3 1346 1347 1444 1443
1 3 1347 1348 1445 1444
1 3 1348 1349 1446 1445
1 3 1349 1350 1447 1446
1 3 1350 1351 1448 1447
1 3 1351 1352 1449 1448
1 3 1352 1353 1450 1449
1 3 1353 1354 1451 1450
1 3 1354 1355 1452 1451
1 3 1355 1356 1453 1452
1 3 1356 1357 1454 1453
1 3 1358 1359 1456 1455
1 3 1359 1360 1457 1456
1 3 1360 1361 1458 1457
1 3 1361 1362 1459 1458
1 3 1362 1363 1460 1459
1 3 1363 1364 1461 1460
1 3 1364 1365 1462 1461
1 3 1365 1366 1463 1462
1 3 1366 1367 1464 1463
1 3 1367 1368 1465 1464
1 3 1368 1369 1466 1465
1 3 1369 1370 1467 1466
1 3 1370 1371 1468 1467
1 3 1371 1372 1469 1468
1 3 1372 1373 1470 1469
1 3 1373 1374 1471 1470
1 3 1374 1375 1472 1471
1 3 1375 1376 1473 1472
1 3 1376 1377 1474 1473
1 3 1377 1378 1475 1474
1 3 1378 1379 1476 1475
1 3 1379 1380 1477 1476
1 3 1380 1381 1478 1477
1 3 1381 1382 1479 1478
1 3 1382 1383 1480 1479
1 3 1383 1384 1481 1480
1 3 1384 1385 1482 1481
1 3 1385 1386 1483 1482
1 3 1386 1387 1484 1483
1 3 1387 1388 1485 1484
1 3 1388 1389 1486 1485
1 3 1389 1390 1487 1486
1 3 1390 1391 1488 1487
1 3 1391 1392 1489 1488
1 3 1392 1393 1490 1489
1 3 1393 1394 1491 1490
1 3 1394 1395 1492 1491
1 3 1395 1396 1493 1492
1 3 1396 1397 1494 1493
1 3 1397 1398 1495 1494
1 3 1398 1399 1496 1495
1 3 1399 1400 1497 1496
1 3 1400 1401 1498 1497
1 3 1401 1402 1499 1498
1 3 1402 1403 1500 1499
1 3 1403 1404 1501 1500
1 3 1404 1405 1502 1501
1 3 1405 1406 1503 1502
1 3 1406 1407 1504 1503
1 3 1407 1408 1505 1504
1 3 1408 1409 1506 1505
1 3 1409 1410 1507 1506
1 3 1410 1411 1508 1507
1 3 1411 1412 1509 1508
1 3 1412 1413 1510 1509
1 3 1413 1414 1511 1510
1 3 1414 1415 1512 1511
1 3 1415 1416 1513 1512
1 3 1416 1417 1514 1513
1 3 1417 1418 1515 1514
1 3 1418 1419 1516 1515
1 3 1419 1420 1517 1516
1 3 1420 1421 1518 1517
1 3 1421 1422 1519 1518
1 3 1422 1423 1520 1519
1 3 1423 1424 1521 1520
1 3 1424 1425 1522 1521
1 3 1425 1426 1523 1522
1 3 1426 1427 1524 1523
1 3 1427 1428 1525 1524
1 3 1428 1429 1526 1525
1 3 1429 1430 1527 1526
1 3 1430 1431 1528 1527
1 3 1431 1432 1529 1528
1 3 1432 1433 1530 1529
1 3 1433 1434 1531 1530
1 3 1434 1435 1532 1531
1 3 1435 1436 1533 1532
1 3 1436 1437 1534 1533
1 3 1437 1438 1535 1534
1 3 1438 1439 1536 1535
1 3 1439 1440 1537 1536
1 3 1440 1441 1538 1537
1 3 1441 1442 1539 1538
1 3 1442 1443 1540 1539
1 3 1443 1444 1541 1540
1 3 1444 1445 1542 1541
1 3 1445 1446 1543 1542
1 3 1446 1447 1544 1543
1 3 1447 1448 1545 1544
1 3 1448 1449 1546 1545
1 3 1449 1450 1547 1546
1 3 1450 1451 1548 1547
1 3 1451 1452 1549 1548
1 3 1452 1453 1550 1549
1 3 1453 1454 1551 1550
1 3 1455 1456 1553 1552
1 3 1456 1457 1554 1553
1 3 1457 1458 1555 1554
1 3 1458 1459 1556 1555
1 3 1459 1460 1557 1556
1 3 1460 1461 1558 1557
1 3 1461 1462 1559 1558
1 3 1462 1463 1560 1559
1 3 1463 1464 1561 1560
1 3 1464 1465 1562 1561
1 3 1465 1466 1563 1562
1 3 1466 1467 1564 1563
1 3 1467 1468 1565 1564
1 3 1468 1469 1566 1565
1 3 1469 1470 1567 1566
1 3 1470 1471 1568 1567
1 3 1471 1472 1569 1568
1 3 1472 1473 1570 1569
1 3 1473 1474 1571 1570
1 3 1474 1475 1572 1571
1 3 1475 1476 1573 1572
1 3 1476 1477 1574 1573
1 3 1477 1478 1575 1574
1 3 1478 1479 1576 1575
1 3 1479 1480 1577 1576
1 3 1480 1481 1578 1577
1 3 1481 1482 1579 1578
1 3 1482 1483 1580 1579
1 3 1483 1484 1581 1580
1 3 1484 1485 1582 1581
1 3 1485 1486 1583 1582
1 3 1486 1487 1584 1583
1 3 1487 1488 1585 1584
1 3 1488 1489 1586 1585
1 3 1489 1490 1587 1586
1 3 1490 1491 1588 1587
1 3 1491 1492 1589 1588
1 3 1492 1493 1590 1589
1 3 1493 1494 1591 1590
1 3 1494 1495 1592 1591
1 3 1495 1496 1593 1592
1 3 1496 1497 1594 1593
1 3 1497 1498 1595 1594
1 3 1498 1499 1596 1595
1 3 1499 1500 1597 1596
1 3 1500 1501 1598 1597
1 3 1501 1502 1599 1598
1 3 1502 1503 1600 1599
1 3 1503 1504 1601 1600
1 3 1504 1505 1602 1601
1 3 1505 1506 1603 1602
1 3 1506 1507 1604 1603
1 3 1507 1508 1605 1604
1 3 1508 1509 1606 1605
1 3 1509 1510 1607 1606
1 3 1510 1511 1608 1607
1 3 1511 1512 1609 1608
1 3 1512 1513 1610 1609
1 3 1513 1514 1611 1610
1 3 1514 1515 1612 1611
1 3 1515 1516 1613 1612
1 3 1516 1517 1614 1613
1 3 1517 1518 1615 1614
1 3 1518 1519 1616 1615
1 3 1519 1520 1617 1616
1 3 1520 1521 1618 1617
1 3 1521 1522 1619 1618
1 3 1522 1523 1620 1619
1 3 1523 1524 1621 1620
1 3 1524 1525 1622 1621
1 3 1525 1526 1623 1622
1 3 1526 1527 1624 1623
1 3 1527 1528 1625 1624
1 3 1528 1529 1626 1625
1 3 1529 1530 1627 1626
1 3 1530 1531 1628 1627
1 3 1531 1532 1629 1628
1 3 1532 1533 1630 1629
1 3 1533 1534 1631 1630
1 3 1534 1535 1632 1631
1 3 1535 1536 1633 1632
1 3 1536 1537 1634 1633
1 3 1537 1538 1635 1634
1 3 1538 1539 1636 1635
1 3 1539 1540 1637 1636
1 3 1540 1541 1638 1637
1 3 1541 1542 1639 1638
1 3 1542 1543 1640 1639
1 3 1543 1544 1641 1640
1 3 1544 1545 1642 1641
1 3 1545 1546 1643 1642
1 3 1546 1547 1644 1643
1 3 1547 1548 1645 1644
1 3 1548 1549 1646 1645
1 3 1549 1550 1647 1646
1 3 1550 1551 1648 1647

boundary
224
1 1 97 0
3 1 96 193
1 1 194 97
3 1 193 290
1 1 291 194
3 1 290 387
1 1 388 291
3 1 387 484
1 1 485 388
3 1 484 581
1 1 582 485
3 1 581 678
1 1 679 582
3 1 678 775
1 1 776 679
3 1 775 872
1 1 873 776
3 1 872 969
1 1 970 873
3 1 969 1066
1 1 1067 970
3 1 1066 1163
1 1 1164 1067
3 1 1163 1260
1 1 1261 1164
3 1 1260 1357
1 1 1358 1261
3 1 1357 1454
1 1 1455 1358
3 1 1454 1551
1 1 1552 1455
3 1 1551 1648
9 1 0 1
9 1 1 2
9 1 2 3
9 1 3 4
9 1 4 5
9 1 5 6
9 1 6 7
9 1 7 8
9 1 8 9
9 1 9 10
9 1 10 11
9 1 11 12
9 1 12 13
9 1 13 14
9 1 14 15
9 1 15 16
9 1 16 17
9 1 17 18
9 1 18 19
9 1 19 20
9 1 20 21
9 1 21 22
9 1 22 23
9 1 23 24
9 1 24 25
9 1 25 26
9 1 26 27
9 1 27 28
9 1 28 29
9 1 29 30
9 1 30 31
9 1 31 32
9 1 32 33
9 1 33 34
9 1 34 35
9 1 35 36
9 1 36 37
9 1 37 38
9 1 38 39
9 1 39 40
9 1 40 41
9 1 41 42
9 1 42 43
9 1 43 44
9 1 44 45
9 1 45 46
9 1 46 47
9 1 47 48
9 1 48 49
9 1 49 50
9 1 50 51
9 1 51 52
9 1 52 53
9 1 53 54
9 1 54 55
9 1 55 56
9 1 56 57
9 1 57 58
9 1 58 59
9 1 59 60
9 1 60 61
9 1 61 62
9 1 62 63
9 1 63 64
9 1 64 65
9 1 65 66
9 1 66 67
9 1 67 68
9 1 68 69
9 1 69 70
9 1 70 71
9 1 71 72
9 1 72 73
9 1 73 74
9 1 74 75
9 1 75 76
9 1 76 77
9 1 77 78
9 1 78 79
9 1 79 80
9 1 80 81
9 1 81 82
9 1 82 83
9 1 83 84
9 1 84 85
9 1 85 86
9 1 86 87
9 1 87 88
9 1 88 89
9 1 89 90
9 1 90 91
9 1 91 92
9 1 92 93
9 1 93 94
9 1 94 95
9 1 95 96
9 1 1553 1552
9 1 1554 1553
9 1 1555 1554
9 1 1556 1555
9 1 1557 1556
9 1 1558 1557
9 1 1559 1558
9 1 1560 1559
9 1 1561 1560
9 1 1562 1561
9 1 1563 1562
9 1 1564 1563
9 1 1565 1564
9 1 1566 1565
9 1 1567 1566
9 1 1568 1567
9 1 1569 1568
9 1 1570 1569
9 1 1571 1570
9 1 1572 1571
9 1 1573 1572
9 1 1574 1573
9 1 1575 1574
9 1 1576 1575
9 1 1577 1576
9 1 1578 1577
9 1 1579 1578
9 1 1580 1579
9 1 1581 1580
9 1 1582 1581
9 1 1583 1582
9 1 1584 1583
9 1 1585 1584
9 1 1586 1585
9 1 1587 1586
9 1 1588 1587
9 1 1589 1588
9 1 1590 1589
9 1 1591 1590
9 1 1592 1591
9 1 1593 1592
9 1 1594 1593
9 1 1595 1594
9 1 1596 1595
9 1 1597 1596
9 1 1598 1597
9 1 1599 1598
9 1 1600 1599
9 1 1601 1600
9 1 1602 1601
9 1 1603 1602
9 1 1604 1603
9 1 1605 1604
9 1 1606 1605
9 1 1607 1606
9 1 1608 1607
9 1 1609 1608
9 1 1610 1609
9 1 1611 1610
9 1 1612 1611
9 1 1613 1612
9 1 1614 1613
9 1 1615 1614
9 1 1616 1615
9 1 1617 1616
9 1 1618 1617
9 1 1619 1618
9 1 1620 1619
9 1 1621 1620
9 1 1622 1621
9 1 1623 1622
9 1 1624 1623
9 1 1625 1624
9 1 1626 1625
9 1 1627 1626
9 1 1628 1627
9 1 1629 1628
9 1 1630 1629
9 1 1631 1630
9 1 1632 1631
9 1 1633 1632
9 1 1634 1633
9 1 1635 1634
9 1 1636 1635
9 1 1637 1636
9 1 1638 1637
9 1 1639 1638
9 1 1640 1639
9 1 1641 1640
9 1 1642 1641
9 1 1643 1642
9 1 1644 1643
9 1 1645 1644
9 1 1646 1645
9 1 1647 1646
9 1 1648 1647

vertices
1649
2
0 0.00208
3.25e-05 0.00208
6.499999999999999e-05 0.00208
9.75e-05 0.00208
0.00013 0.00208
0.0001625 0.00208
0.000195 0.00208
0.0002275 0.00208
0.00026 0.00208
0.0002925 0.00208
0.000325 0.00208
0.0003575 0.00208
0.00039 0.00208
0.0004225 0.00208
0.000455 0.00208
0.0004875 0.00208
0.00052 0.00208
0.0005525 0.00208
0.000585 0.00208
0.0006175 0.00208
0.00065 0.00208
0.0006824999999999999 0.00208
0.000715 0.00208
0.0007475 0.00208
0.00078 0.00208
0.0008125 0.00208
0.000845 0.00208
0.0008775 0.00208
0.00091 0.00208
0.0009425 0.00208
0.000975 0.00208
0.0010075 0.00208
0.00104 0.00208
0.0010725 0.00208
0.001105 0.00208
0.0011375 0.00208
0.00117 0.00208
0.0012025 0.00208
0.001235 0.00208
0.0012675 0.00208
0.0013 0.00208
0.0013325 0.00208
0.001365 0.00208
0.0013975 0.00208
0.00143 0.00208
0.0014625 0.00208
0.001495 0.00208
0.0015275 0.00208
0.00156 0.00208
0.0015925 0.00208
0.001625 0.00208
0.0016575 0.00208
0.00169 0.00208
0.0017225 0.00208
0.001755 0.00208
0.0017875 0.00208
0.00182 0.00208
0.0018525 0.00208
0.001885 0.00208
0.0019175 0.00208
0.00195 0.00208
0.0019825 0.00208
0.002015 0.00208
0.0020475 0.00208
0.00208 0.00208
0.0021125 0.00208
0.002145 0.00208
0.0021775 0.00208
0.00221 0.00208
0.0022425 0.00208
0.002275 0.00208
0.0023075 0.00208
0.00234 0.00208
0.0023725 0.00208
0.002405 0.00208
0.0024375 0.00208
0.00247 0.00208
0.0025025 0.00208
0.002535 0.00208
0.0025675 0.00208
0.0026 0.00208
0.0026325 0.00208
0.002665 0.00208
0.0026975 0.00208
0.00273 0.00208
0.0027625 0.00208
0.002795 0.00208
0.0028275 0.00208
0.00286 0.00208
0.0028925 0.00208
0.002925 0.00208
0.0029575 0.00208
0.00299 0.00208
0.0030225 0.00208
0.003055 0.00208
0.0030875 0.00208
0.00312 0.00208
0 0.0021125
3.25e-05 0.0021125
6.499999999999999e-05 0.0021125
9.75e-05 0.0021125
0.00013 0.0021125
0.0001625 0.0021125
0.000195 0.0021125
0.0002275 0.0021125
0.00026 0.0021125
0.0002925 0.0021125
0.000325 0.0021125
0.0003575 0.0021125
0.00039 0.0021125
0.0004225 0.0021125
0.000455 0.0021125
0.0004875 0.0021125
0.00052 0.0021125
0.0005525 0.0021125
0.000585 0.0021125
0.0006175 0.0021125
0.00065 0.0021125
0.0006824999999999999 0.0021125
0.000715 0.0021125
0.0007475 0.0021125
0.00078 0.0021125
0.0008125 0.0021125
0.000845 0.0021125
0.0008775 0.0021125
0.00091 0.0021125
0.0009425 0.0021125
0.000975 0.0021125
0.0010075 0.0021125
0.00104 0.0021125
0.0010725 0.0021125
0.001105 0.0021125
0.0011375 0.0021125
0.00117 0.0021125
0.0012025 0.0021125
0.001235 0.0021125
0.0012675 0.0021125
0.0013 0.0021125
0.0013325 0.0021125
0.001365 0.0021125
0.0013975 0.0021125
0.00143 0.0021125
0.0014625 0.0021125
0.001495 0.0021125
0.0015275 0.0021125
0.00156 0.0021125
0.0015925 0.0021125
0.001625 0.0021125
0.0016575 0.0021125
0.00169 0.0021125
0.0017225 0.0021125
0.001755 0.0021125
0.0017875 0.0021125
0.00182 0.0021125
0.0018525 0.0021125
0.001885 0.0021125
0.0019175 0.0021125
0.00195 0.0021125
0.0019825 0.0021125
0.002015 0.0021125
0.0020475 0.0021125
0.00208 0.0021125
0.0021125 0.0021125
0.002145 0.0021125
0.0021775 0.0021125
0.00221 0.0021125
0.0022425 0.0021125
0.002275 0.0021125
0.0023075 0.0021125
0.00234 0.0021125
0.0023725 0.0021125
0.002405 0.0021125
0.0024375 0.0021125
0.00247 0.0021125
0.0025025 0.0021125
0.002535 0.0021125
0.0025675 0.0021125
0.0026 0.0021125
0.0026325 0.0021125
0.002665 0.0021125
0.0026975 0.0021125
0.00273 0.0021125
0.0027625 0.0021125
0.002795 0.0021125
0.0028275 0.0021125
0.00286 0.0021125
0.0028925 0.0021125
0.002925 0.0021125
0.0029575 0.0021125
0.00299 0.0021125
0.0030225 0.0021125
0.003055 0.0021125
0.0030875 0.0021125
0.00312 0.0021125
0 0.002145
3.25e-05 0.002145
6.499999999999999e-05 0.002145
9.75e-05 0.002145
0.00013 0.002145
0.0001625 0.002145
0.000195 0.002145
0.0002275 0.002145
0.00026 0.002145
0.0002925 0.002145
0.000325 0.002145
0.0003575 0.002145
0.00039 0.002145
0.0004225 0.002145
0.000455 0.002145
0.0004875 0.002145
0.00052 0.002145
0.0005525 0.002145
0.000585 0.002145
0.0006175 0.002145
0.00065 0.002145
0.0006824999999999999 0.002145
0.000715 0.002145
0.0007475 0.002145
0.00078 0.002145
0.0008125 0.002145
0.000845 0.002145
0.0008775 0.002145
0.00091 0.002145
0.0009425 0.002145
0.000975 0.002145
0.0010075 0.002145
0.00104 0.002145
0.0010725 0.002145
0.001105 0.002145
0.0011375 0.002145
0.00117 0.002145
0.0012025 0.002145
0.001235 0.002145
0.0012675 0.002145
0.0013 0.002145
0.0013325 0.002145
0.001365 0.002145
0.0013975 0.002145
0.00143 0.002145
0.0014625 0.002145
0.001495 0.002145
0.0015275 0.002145
0.00156 0.002145
0.0015925 0.002145
0.001625 0.002145
0.0016575 0.002145
0.00169 0.002145
0.0017225 0.002145
0.001755 0.002145
0.0017875 0.002145
0.00182 0.002145
0.0018525 0.002145
0.001885 0.002145
0.0019175 0.002145
0.00195 0.002145
0.0019825 0.002145
0.002015 0.002145
0.0020475 0.002145
0.00208 0.002145
0.0021125 0.002145
0.002145 0.002145
0.0021775 0.002145
0.00221 0.002145
0.0022425 0.002145
0.002275 0.002145
0.0023075 0.002145
0.00234 0.002145
0.0023725 0.002145
0.002405 0.002145
0.0024375 0.002145
0.00247 0.002145
0.0025025 0.002145
0.002535 0.002145
0.0025675 0.002145
0.0026 0.002145
0.0026325 0.002145
0.002665 0.002145
0.0026975 0.002145
0.00273 0.002145
0.0027625 0.002145
0.002795 0.002145
0.0028275 0.002145
0.00286 0.002145
0.0028925 0.002145
0.002925 0.002145
0.0029575 0.002145
0.00299 0.002145
0.0030225 0.002145
0.003055 0.002145
0.0030875 0.002145
0.00312 0.002145
0 0.0021775
3.25e-05 0.0021775
6.499999999999999e-05 0.0021775
9.75e-05 0.0021775
0.00013 0.0021775
0.0001625 0.0021775
0.000195 0.0021775
0.0002275 0.0021775
0.00026 0.0021775
0.0002925 0.0021775
0.000325 0.0021775
0.0003575 0.0021775
0.00039 0.0021775
0.0004225 0.0021775
0.000455 0.0021775
0.0004875 0.0021775
0.00052 0.0021775
0.0005525 0.0021775
0.000585 0.0021775
0.0006175 0.0021775
0.00065 0.0021775
0.0006824999999999999 0.0021775
0.000715 0.0021775
0.0007475 0.0021775
0.00078 0.0021775
0.0008125 0.0021775
0.000845 0.0021775
0.0008775 0.0021775
0.00091 0.0021775
0.0009425 0.0021775
0.000975 0.0021775
0.0010075 0.0021775
0.00104 0.0021775
0.0010725 0.0021775
0.001105 0.0021775
0.0011375 0.0021775
0.00117 0.0021775
0.0012025 0.0021775
0.001235 0.0021775
0.0012675 0.0021775
0.0013 0.0021775
0.0013325 0.0021775
0.001365 0.0021775
0.0013975 0.0021775
0.00143 0.0021775
0.0014625 0.0021775
0.001495 0.0021775
0.0015275 0.0021775
0.00156 0.0021775
0.0015925 0.0021775
0.001625 0.0021775
0.0016575 0.0021775
0.00169 0.0021775
0.0017225 0.0021775
0.001755 0.0021775
0.0017875 0.0021775
0.00182 0.0021775
0.0018525 0.0021775
0.001885 0.0021775
0.0019175 0.0021775
0.00195 0.0021775
0.0019825 0.0021775
0.002015 0.0021775
0.0020475 0.0021775
0.00208 0.0021775
0.0021125 0.0021775
0.002145 0.0021775
0.0021775 0.0021775
0.00221 0.0021775
0.0022425 0.0021775
0.002275 0.0021775
0.0023075 0.0021775
0.00234 0.0021775
0.0023725 0.0021775
0.002405 0.0021775
0.0024375 0.0021775
0.00247 0.0021775
0.0025025 0.0021775
0.002535 0.0021775
0.0025675 0.0021775
0.0026 0.0021775
0.0026325 0.0021775
0.002665 0.0021775
0.0026975 0.0021775
0.00273 0.0021775
0.0027625 0.0021775
0.002795 0.0021775
0.0028275 0.0021775
0.00286 0.0021775
0.0028925 0.0021775
0.002925 0.0021775
0.0029575 0.0021775
0.00299 0.0021775
0.0030225 0.0021775
0.003055 0.0021775
0.0030875 0.0021775
0.00312 0.0021775
0 0.00221
3.25e-05 0.00221
6.499999999999999e-05 0.00221
9.75e-05 0.00221
0.00013 0.00221
0.0001625 0.00221
0.000195 0.00221
0.0002275 0.00221
0.00026 0.00221
0.0002925 0.00221
0.000325 0.00221
0.0003575 0.00221
0.00039 0.00221
0.0004225 0.00221
0.000455 0.00221
0.0004875 0.00221
0.00052 0.00221
0.0005525 0.00221
0.000585 0.00221
0.0006175 0.00221
0.00065 0.00221
0.0006824999999999999 0.00221
0.000715 0.00221
0.0007475 0.00221
0.00078 0.00221
0.0008125 0.00221
0.000845 0.00221
0.0008775 0.00221
0.00091 0.00221
0.0009425 0.00221
0.000975 0.00221
0.0010075 0.00221
0.00104 0.00221
0.0010725 0.00221
0.001105 0.00221
0.0011375 0.00221
0.00117 0.00221
0.0012025 0.00221
0.001235 0.00221
0.0012675 0.00221
0.0013 0.00221
0.0013325 0.00221
0.001365 0.00221
0.0013975 0.00221
0.00143 0.00221
0.0014625 0.00221
0.001495 0.00221
0.0015275 0.00221
0.00156 0.00221
0.0015925 0.00221
0.001625 0.00221
0.0016575 0.00221
0.00169 0.00221
0.0017225 0.00221
0.001755 0.00221
0.0017875 0.00221
0.00182 0.00221
0.0018525 0.00221
0.001885 0.00221
0.0019175 0.00221
0.00195 0.00221
0.0019825 0.00221
0.002015 0.00221
0.0020475 0.00221
0.00208 0.00221
0.0021125 0.00221
0.002145 0.00221
0.0021775 0.00221
0.00221 0.00221
0.0022425 0.00221
0.002275 0.00221
0.0023075 0.00221
0.00234 0.00221
0.0023725 0.00221
0.002405 0.00221
0.0024375 0.00221
0.00247 0.00221
0.0025025 0.00221
0.002535 0.00221
0.0025675 0.00221
0.0026 0.00221
0.0026325 0.00221
0.002665 0.00221
0.0026975 0.00221
0.00273 0.00221
0.0027625 0.00221
0.002795 0.00221
0.0028275 0.00221
0.00286 0.00221
0.0028925 0.00221
0.002925 0.00221
0.0029575 0.00221
0.00299 0.00221
0.0030225 0.00221
0.003055 0.00221
0.0030875 0.00221
0.00312 0.00221
0 0.0022425
3.25e-05 0.0022425
6.499999999999999e-05 0.0022425
9.75e-05 0.0022425
0.00013 0.0022425
0.0001625 0.0022425
0.000195 0.0022425
0.0002275 0.0022425
0.00026 0.0022425
0.0002925 0.0022425
0.000325 0.0022425
0.0003575 0.0022425
0.00039 0.0022425
0.0004225 0.0022425
0.000455 0.0022425
0.0004875 0.0022425
0.00052 0.0022425
0.0005525 0.0022425
0.000585 0.0022425
0.0006175 0.0022425
0.00065 0.0022425
0.0006824999999999999 0.0022425
0.000715 0.0022425
0.0007475 0.0022425
0.00078 0.0022425
0.0008125 0.0022425
0.000845 0.0022425
0.0008775 0.0022425
0.00091 0.0022425
0.0009425 0.0022425
0.000975 0.0022425
0.0010075 0.0022425
0.00104 0.0022425
0.0010725 0.0022425
0.001105 0.0022425
0.0011375 0.0022425
0.00117 0.0022425
0.0012025 0.0022425
0.001235 0.0022425
0.0012675 0.0022425
0.0013 0.0022425
0.0013325 0.0022425
0.001365 0.0022425
0.0013975 0.0022425
0.00143 0.0022425
0.0014625 0.0022425
0.001495 0.0022425
0.0015275 0.0022425
0.00156 0.0022425
0.0015925 0.0022425
0.001625 0.0022425
0.0016575 0.0022425
0.00169 0.0022425
0.0017225 0.0022425
0.001755 0.0022425
0.0017875 0.0022425
0.00182 0.0022425
0.0018525 0.0022425
0.001885 0.0022425
0.0019175 0.0022425
0.00195 0.0022425
0.0019825 0.0022425
0.002015 0.0022425
0.0020475 0.0022425
0.00208 0.0022425
0.0021125 0.0022425
0.002145 0.0022425
0.0021775 0.0022425
0.00221 0.0022425
0.0022425 0.0022425
0.002275 0.0022425
0.0023075 0.0022425
0.00234 0.0022425
0.0023725 0.0022425
0.002405 0.0022425
0.0024375 0.0022425
0.00247 0.0022425
0.0025025 0.0022425
0.002535 0.0022425
0.0025675 0.0022425
0.0026 0.0022425
0.0026325 0.0022425
0.002665 0.0022425
0.0026975 0.0022425
0.00273 0.0022425
0.0027625 0.0022425
0.002795 0.0022425
0.0028275 0.0022425
0.00286 0.0022425
0.0028925 0.0022425
0.002925 0.0022425
0.0029575 0.0022425
0.00299 0.0022425
0.0030225 0.0022425
0.003055 0.0022425
0.0030875 0.0022425
0.00312 0.0022425
0 0.002275
3.25e-05 0.002275
6.499999999999999e-05 0.002275
9.75e-05 0.002275
0.00013 0.002275
0.0001625 0.002275
0.000195 0.002275
0.0002275 0.002275
0.00026 0.002275
0.0002925 0.002275
0.000325 0.002275
0.0003575 0.002275
0.00039 0.002275
0.0004225 0.002275
0.000455 0.002275
0.0004875 0.002275
0.00052 0.002275
0.0005525 0.002275
0.000585 0.002275
0.0006175 0.002275
0.00065 0.002275
0.0006824999999999999 0.002275
0.000715 0.002275
0.0007475 0.002275
0.00078 0.002275
0.0008125 0.002275
0.000845 0.002275
0.0008775 0.002275
0.00091 0.002275
0.0009425 0.002275
0.000975 0.002275
0.0010075 0.002275
0.00104 0.002275
0.0010725 0.002275
0.001105 0.002275
0.0011375 0.002275
0.00117 0.002275
0.0012025 0.002275
0.001235 0.002275
0.0012675 0.002275
0.0013 0.002275
0.0013325 0.002275
0.001365 0.002275
0.0013975 0.002275
0.00143 0.002275
0.0014625 0.002275
0.001495 0.002275
0.0015275 0.002275
0.00156 0.002275
0.0015925 0.002275
0.001625 0.002275
0.0016575 0.002275
0.00169 0.002275
0.0017225 0.002275
0.001755 0.002275
0.0017875 0.002275
0.00182 0.002275
0.0018525 0.002275
0.001885 0.002275
0.0019175 0.002275
0.00195 0.002275
0.0019825 0.002275
0.002015 0.002275
0.0020475 0.002275
0.00208 0.002275
0.0021125 0.002275
0.002145 0.002275
0.0021775 0.002275
0.00221 0.002275
0.0022425 0.002275
0.002275 0.002275
0.0023075 0.002275
0.00234 0.002275
0.0023725 0.002275
0.002405 0.002275
0.0024375 0.002275
0.00247 0.002275
0.0025025 0.002275
0.002535 0.002275
0.0025675 0.002275
0.0026 0.002275
0.0026325 0.002275
0.002665 0.002275
0.0026975 0.002275
0.00273 0.002275
0.0027625 0.002275
0.002795 0.002275
0.0028275 0.002275
0.00286 0.002275
0.0028925 0.002275
0.002925 0.002275
0.0029575 0.002275
0.00299 0.002275
0.0030225 0.002275
0.003055 0.002275
0.0030875 0.002275
0.00312 0.002275
0 0.0023075
3.25e-05 0.0023075
6.499999999999999e-05 0.0023075
9.75e-05 0.0023075
0.00013 0.0023075
0.0001625 0.0023075
0.000195 0.0023075
0.0002275 0.0023075
0.00026 0.0023075
0.0002925 0.0023075
0.000325 0.0023075
0.0003575 0.0023075
0.00039 0.0023075
0.0004225 0.0023075
0.000455 0.0023075
0.0004875 0.0023075
0.00052 0.0023075
0.0005525 0.0023075
0.000585 0.0023075
0.0006175 0.0023075
0.00065 0.0023075
0.0006824999999999999 0.0023075
0.000715 0.0023075
0.0007475 0.0023075
0.00078 0.0023075
0.0008125 0.0023075
0.000845 0.0023075
0.0008775 0.0023075
0.00091 0.0023075
0.0009425 0.0023075
0.000975 0.0023075
0.0010075 0.0023075
0.00104 0.0023075
0.0010725 0.0023075
0.001105 0.0023075
0.0011375 0.0023075
0.00117 0.0023075
0.0012025 0.0023075
0.001235 0.0023075
0.0012675 0.0023075
0.0013 0.0023075
0.0013325 0.0023075
0.001365 0.0023075
0.0013975 0.0023075
0.00143 0.0023075
0.0014625 0.0023075
0.001495 0.0023075
0.0015275 0.0023075
0.00156 0.0023075
0.0015925 0.0023075
0.001625 0.0023075
0.0016575 0.0023075
0.00169 0.0023075
0.0017225 0.0023075
0.001755 0.0023075
0.0017875 0.0023075
0.00182 0.0023075
0.0018525 0.0023075
0.001885 0.0023075
0.0019175 0.0023075
0.00195 0.0023075
0.0019825 0.0023075
0.002015 0.0023075
0.0020475 0.0023075
0.00208 0.0023075
0.0021125 0.0023075
0.002145 0.0023075
0.0021775 0.0023075
0.00221 0.0023075
0.0022425 0.0023075
0.002275 0.0023075
0.0023075 0.0023075
0.00234 0.0023075
0.0023725 0.0023075
0.002405 0.0023075
0.0024375 0.0023075
0.00247 0.0023075
0.0025025 0.0023075
0.002535 0.0023075
0.0025675 0.0023075
0.0026 0.0023075
0.0026325 0.0023075
0.002665 0.0023075
0.0026975 0.0023075
0.00273 0.0023075
0.0027625 0.0023075
0.002795 0.0023075
0.0028275 0.0023075
0.00286 0.0023075
0.0028925 0.0023075
0.002925 0.0023075
0.0029575 0.0023075
0.00299 0.0023075
0.0030225 0.0023075
0.003055 0.0023075
0.0030875 0.0023075
0.00312 0.0023075
0 0.00234
3.25e-05 0.00234
6.499999999999999e-05 0.00234
9.75e-05 0.00234
0.00013 0.00234
0.0001625 0.00234
0.000195 0.00234
0.0002275 0.00234
0.00026 0.00234
0.0002925 0.00234
0.000325 0.00234
0.0003575 0.00234
0.00039 0.00234
0.0004225 0.00234
0.000455 0.00234
0.0004875 0.00234
0.00052 0.00234
0.0005525 0.00234
0.000585 0.00234
0.0006175 0.00234
0.00065 0.00234
0.0006824999999999999 0.00234
0.000715 0.00234
0.0007475 0.00234
0.00078 0.00234
0.0008125 0.00234
0.000845 0.00234
0.0008775 0.00234
0.00091 0.00234
0.0009425 0.00234
0.000975 0.00234
0.0010075 0.00234
0.00104 0.00234
0.0010725 0.00234
0.001105 0.00234
0.0011375 0.00234
0.00117 0.00234
0.0012025 0.00234
0.001235 0.00234
0.0012675 0.00234
0.0013 0.00234
0.0013325 0.00234
0.001365 0.00234
0.0013975 0.00234
0.00143 0.00234
0.0014625 0.00234
0.001495 0.00234
0.0015275 0.00234
0.00156 0.00234
0.0015925 0.00234
0.001625 0.00234
0.0016575 0.00234
0.00169 0.00234
0.0017225 0.00234
0.001755 0.00234
0.0017875 0.00234
0.00182 0.00234
0.0018525 0.00234
0.001885 0.00234
0.0019175 0.00234
0.00195 0.00234
0.0019825 0.00234
0.002015 0.00234
0.0020475 0.00234
0.00208 0.00234
0.0021125 0.00234
0.002145 0.00234
0.0021775 0.00234
0.00221 0.00234
0.0022425 0.00234
0.002275 0.00234
0.0023075 0.00234
0.00234 0.00234
0.0023725 0.00234
0.002405 0.00234
0.0024375 0.00234
0.00247 0.00234
0.0025025 0.00234
0.002535 0.00234
0.0025675 0.00234
0.0026 0.00234
0.0026325 0.00234
0.002665 0.00234
0.0026975 0.00234
0.00273 0.00234
0.0027625 0.00234
0.002795 0.00234
0.0028275 0.00234
0.00286 0.00234
0.0028925 0.00234
0.002925 0.00234
0.0029575 0.00234
0.00299 0.00234
0.0030225 0.00234
0.003055 0.00234
0.0030875 0.00234
0.00312 0.00234
0 0.0023725
3.25e-05 0.0023725
6.499999999999999e-05 0.0023725
9.75e-05 0.0023725
0.00013 0.0023725
0.0001625 0.0023725
0.000195 0.0023725
0.0002275 0.0023725
0.00026 0.0023725
0.0002925 0.0023725
0.000325 0.0023725
0.0003575 0.0023725
0.00039 0.0023725
0.0004225 0.0023725
0.000455 0.0023725
0.0004875 0.0023725
0.00052 0.0023725
0.0005525 0.0023725
0.000585 0.0023725
0.0006175 0.0023725
0.00065 0.0023725
0.0006824999999999999 0.0023725
0.000715 0.0023725
0.0007475 0.0023725
0.00078 0.0023725
0.0008125 0.0023725
0.000845 0.0023725
0.0008775 0.0023725
0.00091 0.0023725
0.0009425 0.0023725
0.000975 0.0023725
0.0010075 0.0023725
0.00104 0.0023725
0.0010725 0.0023725
0.001105 0.0023725
0.0011375 0.0023725
0.00117 0.0023725
0.0012025 0.0023725
0.001235 0.0023725
0.0012675 0.0023725
0.0013 0.0023725
0.0013325 0.0023725
0.001365 0.0023725
0.0013975 0.0023725
0.00143 0.0023725
0.0014625 0.0023725
0.001495 0.0023725
0.0015275 0.0023725
0.00156 0.0023725
0.0015925 0.0023725
0.001625 0.0023725
0.0016575 0.0023725
0.00169 0.0023725
0.0017225 0.0023725
0.001755 0.0023725
0.0017875 0.0023725
0.00182 0.0023725
0.0018525 0.0023725
0.001885 0.0023725
0.0019175 0.0023725
0.00195 0.0023725
0.0019825 0.0023725
0.002015 0.0023725
0.0020475 0.0023725
0.00208 0.0023725
0.0021125 0.0023725
0.002145 0.0023725
0.0021775 0.0023725
0.00221 0.0023725
0.0022425 0.0023725
0.002275 0.0023725
0.0023075 0.0023725
0.00234 0.0023725
0.0023725 0.0023725
0.002405 0.0023725
0.0024375 0.0023725
0.00247 0.0023725
0.0025025 0.0023725
0.002535 0.0023725
0.0025675 0.0023725
0.0026 0.0023725
0.0026325 0.0023725
0.002665 0.0023725
0.0026975 0.0023725
0.00273 0.0023725
0.0027625 0.0023725
0.002795 0.0023725
0.0028275 0.0023725
0.00286 0.0023725
0.0028925 0.0023725
0.002925 0.0023725
0.0029575 0.0023725
0.00299 0.0023725
0.0030225 0.0023725
0.003055 0.0023725
0.0030875 0.0023725
0.00312 0.0023725
0 0.002405
3.25e-05 0.002405
6.499999999999999e-05 0.002405
9.75e-05 0.002405
0.00013 0.002405
0.0001625 0.002405
0.000195 0.002405
0.0002275 0.002405
0.00026 0.002405
0.0002925 0.002405
0.000325 0.002405
0.0003575 0.002405
0.00039 0.002405
0.0004225 0.002405
0.000455 0.002405
0.0004875 0.002405
0.00052 0.002405
0.0005525 0.002405
0.000585 0.002405
0.0006175 0.002405
0.00065 0.002405
0.0006824999999999999 0.002405
0.000715 0.002405
0.0007475 0.002405
0.00078 0.002405
0.0008125 0.002405
0.000845 0.002405
0.0008775 0.002405
0.00091 0.002405
0.0009425 0.002405
0.000975 0.002405
0.0010075 0.002405
0.00104 0.002405
0.0010725 0.002405
0.001105 0.002405
0.0011375 0.002405
0.00117 0.002405
0.0012025 0.002405
0.001235 0.002405
0.0012675 0.002405
0.0013 0.002405
0.0013325 0.002405
0.001365 0.002405
0.0013975 0.002405
0.00143 0.002405
0.0014625 0.002405
0.001495 0.002405
0.0015275 0.002405
0.00156 0.002405
0.0015925 0.002405
0.001625 0.002405
0.0016575 0.002405
0.00169 0.002405
0.0017225 0.002405
0.001755 0.002405
0.0017875 0.002405
0.00182 0.002405
0.0018525 0.002405
0.001885 0.002405
0.0019175 0.002405
0.00195 0.002405
0.0019825 0.002405
0.002015 0.002405
0.0020475 0.002405
0.00208 0.002405
0.0021125 0.002405
0.002145 0.002405
0.0021775 0.002405
0.00221 0.002405
0.0022425 0.002405
0.002275 0.002405
0.0023075 0.002405
0.00234 0.002405
0.0023725 0.002405
0.002405 0.002405
0.0024375 0.002405
0.00247 0.002405
0.0025025 0.002405
0.002535 0.002405
0.0025675 0.002405
0.0026 0.002405
0.0026325 0.002405
0.002665 0.002405
0.0026975 0.002405
0.00273 0.002405
0.0027625 0.002405
0.002795 0.002405
0.0028275 0.002405
0.00286 0.002405
0.0028925 0.002405
0.002925 0.002405
0.0029575 0.002405
0.00299 0.002405
0.0030225 0.002405
0.003055 0.002405
0.0030875 0.002405
0.00312 0.002405
0 0.0024375
3.25e-05 0.0024375
6.499999999999999e-05 0.0024375
9.75e-05 0.0024375
0.00013 0.0024375
0.0001625 0.0024375
0.000195 0.0024375
0.0002275 0.0024375
0.00026 0.0024375
0.0002925 0.0024375
0.000325 0.0024375
0.0003575 0.0024375
0.00039 0.0024375
0.0004225 0.0024375
0.000455 0.0024375
0.0004875 0.0024375
0.00052 0.0024375
0.0005525 0.0024375
0.000585 0.0024375
0.0006175 0.0024375
0.00065 0.0024375
0.0006824999999999999 0.0024375
0.000715 0.0024375
0.0007475 0.0024375
0.00078 0.0024375
0.0008125 0.0024375
0.000845 0.0024375
0.0008775 0.0024375
0.00091 0.0024375
0.0009425 0.0024375
0.000975 0.0024375
0.0010075 0.0024375
0.00104 0.0024375
0.0010725 0.0024375
0.001105 0.0024375
0.0011375 0.0024375
0.00117 0.0024375
0.0012025 0.0024375
0.001235 0.0024375
0.0012675 0.0024375
0.0013 0.0024375
0.0013325 0.0024375
0.001365 0.0024375
0.0013975 0.0024375
0.00143 0.0024375
0.0014625 0.0024375
0.001495 0.0024375
0.0015275 0.0024375
0.00156 0.0024375
0.0015925 0.0024375
0.001625 0.0024375
0.0016575 0.0024375
0.00169 0.0024375
0.0017225 0.0024375
0.001755 0.0024375
0.0017875 0.0024375
0.00182 0.0024375
0.0018525 0.0024375
0.001885 0.0024375
0.0019175 0.0024375
0.00195 0.0024375
0.0019825 0.0024375
0.002015 0.0024375
0.0020475 0.0024375
0.00208 0.0024375
0.0021125 0.0024375
0.002145 0.0024375
0.0021775 0.0024375
0.00221 0.0024375
0.0022425 0.0024375
0.002275 0.0024375
0.0023075 0.0024375
0.00234 0.0024375
0.0023725 0.0024375
0.002405 0.0024375
0.0024375 0.0024375
0.00247 0.0024375
0.0025025 0.0024375
0.002535 0.0024375
0.0025675 0.0024375
0.0026 0.0024375
0.0026325 0.0024375
0.002665 0.0024375
0.0026975 0.0024375
0.00273 0.0024375
0.0027625 0.0024375
0.002795 0.0024375
0.0028275 0.0024375
0.00286 0.0024375
0.0028925 0.0024375
0.002925 0.0024375
0.0029575 0.0024375
0.00299 0.0024375
0.0030225 0.0024375
0.003055 0.0024375
0.0030875 0.0024375
0.00312 0.0024375
0 0.00247
3.25e-05 0.00247
6.499999999999999e-05 0.00247
9.75e-05 0.00247
0.00013 0.00247
0.0001625 0.00247
0.000195 0.00247
0.0002275 0.00247
0.00026 0.00247
0.0002925 0.00247
0.000325 0.00247
0.0003575 0.00247
0.00039 0.00247
0.0004225 0.00247
0.000455 0.00247
0.0004875 0.00247
0.00052 0.00247
0.0005525 0.00247
0.000585 0.00247
0.0006175 0.00247
0.00065 0.00247
0.0006824999999999999 0.00247
0.000715 0.00247
0.0007475 0.00247
0.00078 0.00247
0.0008125 0.00247
0.000845 0.00247
0.0008775 0.00247
0.00091 0.00247
0.0009425 0.00247
0.000975 0.00247
0.0010075 0.00247
0.00104 0.00247
0.0010725 0.00247
0.001105 0.00247
0.0011375 0.00247
0.00117 0.00247
0.0012025 0.00247
0.001235 0.00247
0.0012675 0.00247
0.0013 0.00247
0.0013325 0.00247
0.001365 0.00247
0.0013975 0.00247
0.00143 0.00247
0.0014625 0.00247
0.001495 0.00247
0.0015275 0.00247
0.00156 0.00247
0.0015925 0.00247
0.001625 0.00247
0.0016575 0.00247
0.00169 0.00247
0.0017225 0.00247
0.001755 0.00247
0.0017875 0.00247
0.00182 0.00247
0.0018525 0.00247
0.001885 0.00247
0.0019175 0.00247
0.00195 0.00247
0.0019825 0.00247
0.002015 0.00247
0.0020475 0.00247
0.00208 0.00247
0.0021125 0.00247
0.002145 0.00247
0.0021775 0.00247
0.00221 0.00247
0.0022425 0.00247
0.002275 0.00247
0.0023075 0.00247
0.00234 0.00247
0.0023725 0.00247
0.002405 0.00247
0.0024375 0.00247
0.00247 0.00247
0.0025025 0.00247
0.002535 0.00247
0.0025675 0.00247
0.0026 0.00247
0.0026325 0.00247
0.002665 0.00247
0.0026975 0.00247
0.00273 0.00247
0.0027625 0.00247
0.002795 0.00247
0.0028275 0.00247
0.00286 0.00247
0.0028925 0.00247
0.002925 0.00247
0.0029575 0.00247
0.00299 0.00247
0.0030225 0.00247
0.003055 0.00247
0.0030875 0.00247
0.00312 0.00247
0 0.0025025
3.25e-05 0.0025025
6.499999999999999e-05 0.0025025
9.75e-05 0.0025025
0.00013 0.0025025
0.0001625 0.0025025
0.000195 0.0025025
0.0002275 0.0025025
0.00026 0.0025025
0.0002925 0.0025025
0.000325 0.0025025
0.0003575 0.0025025
0.00039 0.0025025
0.0004225 0.0025025
0.000455 0.0025025
0.0004875 0.0025025
0.00052 0.0025025
0.0005525 0.0025025
0.000585 0.0025025
0.0006175 0.0025025
0.00065 0.0025025
0.0006824999999999999 0.0025025
0.000715 0.0025025
0.0007475 0.0025025
0.00078 0.0025025
0.0008125 0.0025025
0.000845 0.0025025
0.0008775 0.0025025
0.00091 0.0025025
0.0009425 0.0025025
0.000975 0.0025025
0.0010075 0.0025025
0.00104 0.0025025
0.0010725 0.0025025
0.001105 0.0025025
0.0011375 0.0025025
0.00117 0.0025025
0.0012025 0.0025025
0.001235 0.0025025
0.0012675 0.0025025
0.0013 0.0025025
0.0013325 0.0025025
0.001365 0.0025025
0.0013975 0.0025025
0.00143 0.0025025
0.0014625 0.0025025
0.001495 0.0025025
0.0015275 0.0025025
0.00156 0.0025025
0.0015925 0.0025025
0.001625 0.0025025
0.0016575 0.0025025
0.00169 0.0025025
0.0017225 0.0025025
0.001755 0.0025025
0.0017875 0.0025025
0.00182 0.0025025
0.0018525 0.0025025
0.001885 0.0025025
0.0019175 0.0025025
0.00195 0.0025025
0.0019825 0.0025025
0.002015 0.0025025
0.0020475 0.0025025
0.00208 0.0025025
0.0021125 0.0025025
0.002145 0.0025025
0.0021775 0.0025025
0.00221 0.0025025
0.0022425 0.0025025
0.002275 0.0025025
0.0023075 0.0025025
0.00234 0.0025025
0.0023725 0.0025025
0.002405 0.0025025
0.0024375 0.0025025
0.00247 0.0025025
0.0025025 0.0025025
0.002535 0.0025025
0.0025675 0.0025025
0.0026 0.0025025
0.0026325 0.0025025
0.002665 0.0025025
0.0026975 0.0025025
0.00273 0.0025025
0.0027625 0.0025025
0.002795 0.0025025
0.0028275 0.0025025
0.00286 0.0025025
0.0028925 0.0025025
0.002925 0.0025025
0.0029575 0.0025025
0.00299 0.0025025
0.0030225 0.0025025
0.003055 0.0025025
0.0030875 0.0025025
0.00312 0.0025025
0 0.002535
3.25e-05 0.002535
6.499999999999999e-05 0.002535
9.75e-05 0.002535
0.00013 0.002535
0.0001625 0.002535
0.000195 0.002535
0.0002275 0.002535
0.00026 0.002535
0.0002925 0.002535
0.000325 0.002535
0.0003575 0.002535
0.00039 0.002535
0.0004225 0.002535
0.000455 0.002535
0.0004875 0.002535
0.00052 0.002535
0.0005525 0.002535
0.000585 0.002535
0.0006175 0.002535
0.00065 0.002535
0.0006824999999999999 0.002535
0.000715 0.002535
0.0007475 0.002535
0.00078 0.002535
0.0008125 0.002535
0.000845 0.002535
0.0008775 0.002535
0.00091 0.002535
0.0009425 0.002535
0.000975 0.002535
0.0010075 0.002535
0.00104 0.002535
0.0010725 0.002535
0.001105 0.002535
0.0011375 0.002535
0.00117 0.002535
0.0012025 0.002535
0.001235 0.002535
0.0012675 0.002535
0.0013 0.002535
0.0013325 0.002535
0.001365 0.002535
0.0013975 0.002535
0.00143 0.002535
0.0014625 0.002535
0.001495 0.002535
0.0015275 0.002535
0.00156 0.002535
0.0015925 0.002535
0.001625 0.002535
0.0016575 0.002535
0.00169 0.002535
0.0017225 0.002535
0.001755 0.002535
0.0017875 0.002535
0.00182 0.002535
0.0018525 0.002535
0.001885 0.002535
0.0019175 0.002535
0.00195 0.002535
0.0019825 0.002535
0.002015 0.002535
0.0020475 0.002535
0.00208 0.002535
0.0021125 0.002535
0.002145 0.002535
0.0021775 0.002535
0.00221 0.002535
0.0022425 0.002535
0.002275 0.002535
0.0023075 0.002535
0.00234 0.002535
0.0023725 0.002535
0.002405 0.002535
0.0024375 0.002535
0.00247 0.002535
0.0025025 0.002535
0.002535 0.002535
0.0025675 0.002535
0.0026 0.002535
0.0026325 0.002535
0.002665 0.002535
0.0026975 0.002535
0.00273 0.002535
0.0027625 0.002535
0.002795 0.002535
0.0028275 0.002535
0.00286 0.002535
0.0028925 0.002535
0.002925 0.002535
0.0029575 0.002535
0.00299 0.002535
0.0030225 0.002535
0.003055 0.002535
0.0030875 0.002535
0.00312 0.002535
0 0.0025675
3.25e-05 0.0025675
6.499999999999999e-05 0.0025675
9.75e-05 0.0025675
0.00013 0.0025675
0.0001625 0.0025675
0.000195 0.0025675
0.0002275 0.0025675
0.00026 0.0025675
0.0002925 0.0025675
0.000325 0.0025675
0.0003575 0.0025675
0.00039 0.0025675
0.0004225 0.0025675
0.000455 0.0025675
0.0004875 0.0025675
0.00052 0.0025675
0.0005525 0.0025675
0.000585 0.0025675
0.0006175 0.0025675
0.00065 0.0025675
0.0006824999999999999 0.0025675
0.000715 0.0025675
0.0007475 0.0025675
0.00078 0.0025675
0.0008125 0.0025675
0.000845 0.0025675
0.0008775 0.0025675
0.00091 0.0025675
0.0009425 0.0025675
0.000975 0.0025675
0.0010075 0.0025675
0.00104 0.0025675
0.0010725 0.0025675
0.001105 0.0025675
0.0011375 0.0025675
0.00117 0.0025675
0.0012025 0.0025675
0.001235 0.0025675
0.0012675 0.0025675
0.0013 0.0025675
0.0013325 0.0025675
0.001365 0.0025675
0.0013975 0.0025675
0.00143 0.0025675
0.0014625 0.0025675
0.001495 0.0025675
0.0015275 0.0025675
0.00156 0.0025675
0.0015925 0.0025675
0.001625 0.0025675
0.0016575 0.0025675
0.00169 0.0025675
0.0017225 0.0025675
0.001755 0.0025675
0.0017875 0.0025675
0.00182 0.0025675
0.0018525 0.0025675
0.001885 0.0025675
0.0019175 0.0025675
0.00195 0.0025675
0.0019825 0.0025675
0.002015 0.0025675
0.0020475 0.0025675
0.00208 0.0025675
0.0021125 0.0025675
0.002145 0.0025675
0.0021775 0.0025675
0.00221 0.0025675
0.0022425 0.0025675
0.002275 0.0025675
0.0023075 0.0025675
0.00234 0.0025675
0.0023725 0.0025675
0.002405 0.0025675
0.0024375 0.0025675
0.00247 0.0025675
0.0025025 0.0025675
0.002535 0.0025675
0.0025675 0.0025675
0.0026 0.0025675
0.0026325 0.0025675
0.002665 0.0025675
0.0026975 0.0025675
0.00273 0.0025675
0.0027625 0.0025675
0.002795 0.0025675
0.0028275 0.0025675
0.00286 0.0025675
0.0028925 0.0025675
0.002925 0.0025675
0.0029575 0.0025675
0.00299 0.0025675
0.0030225 0.0025675
0.003055 0.0025675
0.0030875 0.0025675
0.00312 0.0025675
0 0.0026
3.25e-05 0.0026
6.499999999999999e-05 0.0026
9.75e-05 0.0026
0.00013 0.0026
0.0001625 0.0026
0.000195 0.0026
0.0002275 0.0026
0.00026 0.0026
0.0002925 0.0026
0.000325 0.0026
0.0003575 0.0026
0.00039 0.0026
0.0004225 0.0026
0.000455 0.0026
0.0004875 0.0026
0.00052 0.0026
0.0005525 0.0026
0.000585 0.0026
0.0006175 0.0026
0.00065 0.0026
0.0006824999999999999 0.0026
0.000715 0.0026
0.0007475 0.0026
0.00078 0.0026
0.0008125 0.0026
0.000845 0.0026
0.0008775 0.0026
0.00091 0.0026
0.0009425 0.0026
0.000975 0.0026
0.0010075 0.0026
0.00104 0.0026
0.0010725 0.0026
0.001105 0.0026
0.0011375 0.0026
0.00117 0.0026
0.0012025 0.0026
0.001235 0.0026
0.0012675 0.0026
0.0013 0.0026
0.0013325 0.0026
0.001365 0.0026
0.0013975 0.0026
0.00143 0.0026
0.0014625 0.0026
0.001495 0.0026
0.0015275 0.0026
0.00156 0.0026
0.0015925 0.0026
0.001625 0.0026
0.0016575 0.0026
0.00169 0.0026
0.0017225 0.0026
0.001755 0.0026
0.0017875 0.0026
0.00182 0.0026
0.0018525 0.0026
0.001885 0.0026
0.0019175 0.0026
0.00195 0.0026
0.0019825 0.0026
0.002015 0.0026
0.0020475 0.0026
0.00208 0.0026
0.0021125 0.0026
0.002145 0.0026
0.0021775 0.0026
0.00221 0.0026
0.0022425 0.0026
0.002275 0.0026
0.0023075 0.0026
0.00234 0.0026
0.0023725 0.0026
0.002405 0.0026
0.0024375 0.0026
0.00247 0.0026
0.0025025 0.0026
0.002535 0.0026
0.0025675 0.0026
0.0026 0.0026
0.0026325 0.0026
0.002665 0.0026
0.0026975 0.0026
0.00273 0.0026
0.0027625 0.0026
0.002795 0.0026
0.0028275 0.0026
0.00286 0.0026
0.0028925 0.0026
0.002925 0.0026
0.0029575 0.0026
0.00299 0.0026
0.0030225 0.0026
0.003055 0.0026
0.0030875 0.0026
0.00312 0.0026
