FiniteElementSpace
FiniteElementCollection: H1_3D_P1
VDim: 1
Ordering: 0

0.9761584718142293
0.8692249180654557
0.522464665605028
0.1546140574411417
0.03016511825047929
0.005363430631431854
0.000954361319112973
0.0001733634710895382
3.234767699167307e-05
6.2255384238874e-06
1.241175254684812e-06
1e-06
1e-06
1e-06
1e-06
1e-06
1e-06
1e-06
1e-06
1e-06
1e-06
1e-06
1e-06
1e-06
1e-06
1e-06
1e-06
1e-06
1e-06
1e-06
1e-06
1e-06
1e-06
1e-06
1e-06
1e-06
1e-06
1e-06
1e-06
1.241175254684812e-06
6.2255384238874e-06
3.234767699167307e-05
0.0001733634710895382
0.000954361319112973
0.005363430631431854
0.03016511825047929
0.1546140574411417
0.522464665605028
0.8692249180654557
0.9761584718142293
0.9960996320891573
0.9993796877047774
0.9999026219938875
0.999984861910975
0.9999976667498152
0.9999996431576527
0.9999999458117886
0.999999991824744
0.9999999987739899
0.9999999998171532
0.999999999972869
0.9999999999959932
0.9999999999994109
0.9999999999999137
0.9999999999999873
0.9999999999999982
0.9999999999999998
1
1
1
1
1
1
1
1
1
1
1
1
1
1
0.9490431175829392
0.7461856243244485
0.3195781779686189
0.07067430462166868
0.01234574771759633
0.002085235641164918
0.0003558951622628648
6.197539061303381e-05
1.105698440251324e-05
2.028389096686567e-06
1e-06
1e-06
1e-06
1e-06
1e-06
1e-06
1e-06
1e-06
1e-06
1e-06
1e-06
1e-06
1e-06
1e-06
1e-06
1e-06
1e-06
1e-06
1e-06
1e-06
1e-06
1e-06
1e-06
1e-06
1e-06
1e-06
1e-06
1e-06
1e-06
1e-06
2.028389096686567e-06
1.105698440251324e-05
6.197539061303381e-05
0.0003558951622628648
0.002085235641164918
0.01234574771759633
0.07067430462166868
0.3195781779686189
0.7461856243244485
0.9490431175829392
0.9916853231994306
0.9987051131031535
0.9998012968037921
0.9999697792994935
0.9999954376702843
0.9999993158003557
0.9999998980120841
0.9999999848815897
0.9999999977702679
0.9999999996726857
0.9999999999521588
0.9999999999930352
0.9999999999989898
0.9999999999998539
0.9999999999999789
0.999999999999997
0.9999999999999996
1
1
1
1
1
1
1
1
1
1
1
1
1
1
0.9003870544653629
0.5814961349801083
0.1774797185407191
0.03278175665597838
0.005363430631431854
0.000869661206841732
0.00014280055653626
2.38748136921485e-05
4.077151899428699e-06
1e-06
1e-06
1e-06
1e-06
1e-06
1e-06
1e-06
1e-06
1e-06
1e-06
1e-06
1e-06
1e-06
1e-06
1e-06
1e-06
1e-06
1e-06
1e-06
1e-06
1e-06
1e-06
1e-06
1e-06
1e-06
1e-06
1e-06
1e-06
1e-06
1e-06
1e-06
1e-06
4.077151899428699e-06
2.38748136921485e-05
0.00014280055653626
0.000869661206841732
0.005363430631431854
0.03278175665597838
0.1774797185407191
0.5814961349801083
0.9003870544653629
0.9834270106717354
0.9974604049132592
0.9996183196017169
0.999943123794074
0.9999915782290212
0.9999987598964082
0.9999998183145935
0.9999999735040787
0.9999999961522921
0.9999999994434066
0.999999999919773
0.9999999999884742
0.9999999999983492
0.9999999999997642
0.9999999999999665
0.9999999999999952
0.9999999999999993
0.9999999999999999
1
1
1
1
1
1
1
1
1
1
1
1
1
0.8243491285667206
0.4130833082947356
0.09619952521790731
0.01598923741877345
0.002500807149562689
0.0003913478997151776
6.197539061303381e-05
9.96683808829335e-06
1.631909050336944e-06
1e-06
1e-06
1e-06
1e-06
1e-06
1e-06
1e-06
1e-06
1e-06
1e-06
1e-06
1e-06
1e-06
1e-06
1e-06
1e-06
1e-06
1e-06
1e-06
1e-06
1e-06
1e-06
1e-06
1e-06
1e-06
1e-06
1e-06
1e-06
1e-06
1e-06
1e-06
1e-06
1.631909050336944e-06
9.96683808829335e-06
6.197539061303381e-05
0.0003913478997151776
0.002500807149562689
0.01598923741877345
0.09619952521790731
0.4130833082947356
0.8243491285667206
0.9692583267955839
0.9953324486378312
0.9993112987211716
0.9998992774778759
0.9999853492854776
0.9999978786594227
0.9999996940977731
0.9999999560525767
0.9999999937078337
0.9999999991019399
0.999999999872192
0.9999999999818592
0.9999999999974314
0.9999999999996372
0.9999999999999489
0.9999999999999928
0.999999999999999
0.9999999999999998
1
1
1
1
1
1
1
1
1
1
1
1
1
0.7232757853448294
0.2770382766179029
0.05352917062860485
0.008339944507397501
0.001259673815813156
0.0001909512936458801
2.924071586063448e-05
4.534249701593218e-06
1e-06
1e-06
1e-06
1e-06
1e-06
1e-06
1e-06
1e-06
1e-06
1e-06
1e-06
1e-06
1e-06
1e-06
1e-06
1e-06
1e-06
1e-06
1e-06
1e-06
1e-06
1e-06
1e-06
1e-06
1e-06
1e-06
1e-06
1e-06
1e-06
1e-06
1e-06
1e-06
1e-06
1e-06
4.534249701593218e-06
2.924071586063448e-05
0.0001909512936458801
0.001259673815813156
0.008339944507397501
0.05352917062860485
0.2770382766179029
0.7232757853448294
0.9471835999376709
0.9919809202295149
0.9988349835775981
0.9998324602554216
0.9999760201288153
0.9999965802544826
0.9999995138806592
0.9999999310993943
0.9999999902603418
0.9999999986265851
0.9999999998067661
0.999999999972869
0.9999999999961979
0.9999999999994682
0.9999999999999257
0.9999999999999896
0.9999999999999986
0.9999999999999998
1
1
1
1
1
1
1
1
1
1
1
1
1
0.6101619458936749
0.1835814671100666
0.03144771930795098
0.004693036412593665
0.0006887238530426387
0.0001014758335451393
1.507135747413901e-05
2.260324297953531e-06
1e-06
1e-06
1e-06
1e-06
1e-06
1e-06
1e-06
1e-06
1e-06
1e-06
1e-06
1e-06
1e-06
1e-06
1e-06
1e-06
1e-06
1e-06
1e-06
1e-06
1e-06
1e-06
1e-06
1e-06
1e-06
1e-06
1e-06
1e-06
1e-06
1e-06
1e-06
1e-06
1e-06
1e-06
2.260324297953531e-06
1.507135747413901e-05
0.0001014758335451393
0.0006887238530426387
0.004693036412593665
0.03144771930795098
0.1835814671100666
0.6101619458936749
0.9162725973063708
0.9871504364510444
0.998155814731434
0.9997386695774577
0.9999631262143166
0.9999948118292947
0.9999992717895335
0.9999998980120841
0.9999999857448048
0.9999999980111419
0.9999999997229836
0.9999999999614755
0.9999999999946501
0.999999999999258
0.9999999999998972
0.9999999999999858
0.999999999999998
0.9999999999999998
1
1
1
1
1
1
1
1
1
1
1
1
1
0.9761584718142293
0.8692249180654557
0.522464665605028
0.1546140574411417
0.03016511825047929
0.005363430631431854
0.000954361319112973
0.0001733634710895382
3.234767699167307e-05
6.2255384238874e-06
1.241175254684812e-06
1e-06
1e-06
1e-06
1e-06
1e-06
1e-06
1e-06
1e-06
1e-06
1e-06
1e-06
1e-06
1e-06
1e-06
1e-06
1e-06
1e-06
1e-06
1e-06
1e-06
1e-06
1e-06
1e-06
1e-06
1e-06
1e-06
1e-06
1e-06
1.241175254684812e-06
6.2255384238874e-06
3.234767699167307e-05
0.0001733634710895382
0.000954361319112973
0.005363430631431854
0.03016511825047929
0.1546140574411417
0.522464665605028
0.8692249180654557
0.9761584718142293
0.9960996320891573
0.9993796877047774
0.9999026219938875
0.999984861910975
0.9999976667498152
0.9999996431576527
0.9999999458117886
0.999999991824744
0.9999999987739899
0.9999999998171532
0.999999999972869
0.9999999999959932
0.9999999999994109
0.9999999999999137
0.9999999999999873
0.9999999999999982
0.9999999999999998
1
1
1
1
1
1
1
1
1
1
1
1
1
1
0.9490431175829392
0.7461856243244485
0.3195781779686189
0.07067430462166868
0.01234574771759633
0.002085235641164918
0.0003558951622628648
6.197539061303381e-05
1.105698440251324e-05
2.028389096686567e-06
1e-06
1e-06
1e-06
1e-06
1e-06
1e-06
1e-06
1e-06
1e-06
1e-06
1e-06
1e-06
1e-06
1e-06
1e-06
1e-06
1e-06
1e-06
1e-06
1e-06
1e-06
1e-06
1e-06
1e-06
1e-06
1e-06
1e-06
1e-06
1e-06
1e-06
2.028389096686567e-06
1.105698440251324e-05
6.197539061303381e-05
0.0003558951622628648
0.002085235641164918
0.01234574771759633
0.07067430462166868
0.3195781779686189
0.7461856243244485
0.9490431175829392
0.9916853231994306
0.9987051131031535
0.9998012968037921
0.9999697792994935
0.9999954376702843
0.9999993158003557
0.9999998980120841
0.9999999848815897
0.9999999977702679
0.9999999996726857
0.9999999999521588
0.9999999999930352
0.9999999999989898
0.9999999999998539
0.9999999999999789
0.999999999999997
0.9999999999999996
1
1
1
1
1
1
1
1
1
1
1
1
1
1
0.9003870544653629
0.5814961349801083
0.1774797185407191
0.03278175665597838
0.005363430631431854
0.000869661206841732
0.00014280055653626
2.38748136921485e-05
4.077151899428699e-06
1e-06
1e-06
1e-06
1e-06
1e-06
1e-06
1e-06
1e-06
1e-06
1e-06
1e-06
1e-06
1e-06
1e-06
1e-06
1e-06
1e-06
1e-06
1e-06
1e-06
1e-06
1e-06
1e-06
1e-06
1e-06
1e-06
1e-06
1e-06
1e-06
1e-06
1e-06
1e-06
4.077151899428699e-06
2.38748136921485e-05
0.00014280055653626
0.000869661206841732
0.005363430631431854
0.03278175665597838
0.1774797185407191
0.5814961349801083
0.9003870544653629
0.9834270106717354
0.9974604049132592
0.9996183196017169
0.999943123794074
0.9999915782290212
0.9999987598964082
0.9999998183145935
0.9999999735040787
0.9999999961522921
0.9999999994434066
0.999999999919773
0.9999999999884742
0.9999999999983492
0.9999999999997642
0.9999999999999665
0.9999999999999952
0.9999999999999993
0.9999999999999999
1
1
1
1
1
1
1
1
1
1
1
1
1
0.8243491285667206
0.4130833082947356
0.09619952521790731
0.01598923741877345
0.002500807149562689
0.0003913478997151776
6.197539061303381e-05
9.96683808829335e-06
1.631909050336944e-06
1e-06
1e-06
1e-06
1e-06
1e-06
1e-06
1e-06
1e-06
1e-06
1e-06
1e-06
1e-06
1e-06
1e-06
1e-06
1e-06
1e-06
1e-06
1e-06
1e-06
1e-06
1e-06
1e-06
1e-06
1e-06
1e-06
1e-06
1e-06
1e-06
1e-06
1e-06
1e-06
1.631909050336944e-06
9.96683808829335e-06
6.197539061303381e-05
0.0003913478997151776
0.002500807149562689
0.01598923741877345
0.09619952521790731
0.4130833082947356
0.8243491285667206
0.9692583267955839
0.9953324486378312
0.9993112987211716
0.9998992774778759
0.9999853492854776
0.9999978786594227
0.9999996940977731
0.9999999560525767
0.9999999937078337
0.9999999991019399
0.999999999872192
0.9999999999818592
0.9999999999974314
0.9999999999996372
0.9999999999999489
0.9999999999999928
0.999999999999999
0.9999999999999998
1
1
1
1
1
1
1
1
1
1
1
1
1
0.7232757853448294
0.2770382766179029
0.05352917062860485
0.008339944507397501
0.001259673815813156
0.0001909512936458801
2.924071586063448e-05
4.534249701593218e-06
1e-06
1e-06
1e-06
1e-06
1e-06
1e-06
1e-06
1e-06
1e-06
1e-06
1e-06
1e-06
1e-06
1e-06
1e-06
1e-06
1e-06
1e-06
1e-06
1e-06
1e-06
1e-06
1e-06
1e-06
1e-06
1e-06
1e-06
1e-06
1e-06
1e-06
1e-06
1e-06
1e-06
1e-06
4.534249701593218e-06
2.924071586063448e-05
0.0001909512936458801
0.001259673815813156
0.008339944507397501
0.05352917062860485
0.2770382766179029
0.7232757853448294
0.9471835999376709
0.9919809202295149
0.9988349835775981
0.9998324602554216
0.9999760201288153
0.9999965802544826
0.9999995138806592
0.9999999310993943
0.9999999902603418
0.9999999986265851
0.9999999998067661
0.999999999972869
0.9999999999961979
0.9999999999994682
0.9999999999999257
0.9999999999999896
0.9999999999999986
0.9999999999999998
1
1
1
1
1
1
1
1
1
1
1
1
1
0.6101619458936749
0.1835814671100666
0.03144771930795098
0.004693036412593665
0.0006887238530426387
0.0001014758335451393
1.507135747413901e-05
2.260324297953531e-06
1e-06
1e-06
1e-06
1e-06
1e-06
1e-06
1e-06
1e-06
1e-06
1e-06
1e-06
1e-06
1e-06
1e-06
1e-06
1e-06
1e-06
1e-06
1e-06
1e-06
1e-06
1e-06
1e-06
1e-06
1e-06
1e-06
1e-06
1e-06
1e-06
1e-06
1e-06
1e-06
1e-06
1e-06
2.260324297953531e-06
1.507135747413901e-05
0.0001014758335451393
0.0006887238530426387
0.004693036412593665
0.03144771930795098
0.1835814671100666
0.6101619458936749
0.9162725973063708
0.9871504364510444
0.998155814731434
0.9997386695774577
0.9999631262143166
0.9999948118292947
0.9999992717895335
0.9999998980120841
0.9999999857448048
0.9999999980111419
0.9999999997229836
0.9999999999614755
0.9999999999946501
0.999999999999258
0.9999999999998972
0.9999999999999858
0.999999999999998
0.9999999999999998
1
1
1
1
1
1
1
1
1
1
1
1
1
