FiniteElementSpace
FiniteElementCollection: H1_2D_P1
VDim: 1
Ordering: 0

0.9999999999999998
0.9999999999999994
0.9999999999999983
0.9999999999999951
0.9999999999999863
0.9999999999999626
0.9999999999999011
0.9999999999997464
0.9999999999993772
0.999999999998517
0.9999999999965963
0.9999999999925175
0.9999999999840496
0.9999999999676319
0.9999999999370847
0.9999999998821417
0.9999999997898242
0.9999999996387816
0.9999999994126408
0.9999999990795458
0.9999999986352679
0.9999999980618627
0.9999999973797602
0.999999996648461
0.9999999958938058
0.9999999952108988
0.9999999947153611
0.9999999944486837
0.9999999944486837
0.9999999947153611
0.9999999952108988
0.9999999958938058
0.999999996648461
0.9999999973797602
0.9999999980618627
0.9999999986352679
0.9999999990795458
0.9999999994126408
0.9999999996387816
0.9999999997898242
0.9999999998821417
0.9999999999370847
0.9999999999676319
0.9999999999840496
0.9999999999925175
0.9999999999965963
0.999999999998517
0.9999999999993772
0.9999999999997464
0.9999999999999011
0.9999999999999626
0.9999999999999863
0.9999999999999951
0.9999999999999983
0.9999999999999994
0.9999999999999998
1
1
1
1
1
1
1
1
1
1
1
1
1
1
1
1
1
1
1
1
1
1
1
1
1
1
1
1
1
1
1
1
1
1
1
1
1
1
1
1
1
1
0.9999999999999999
0.9999999999999997
0.9999999999999991
0.9999999999999976
0.9999999999999934
0.9999999999999829
0.9999999999999574
0.9999999999998967
0.9999999999997586
0.9999999999994561
0.9999999999988189
0.9999999999975435
0.9999999999950762
0.9999999999904879
0.9999999999825071
0.9999999999691868
0.9999999999480116
0.9999999999159828
0.9999999998699467
0.9999999998083566
0.9999999997311649
0.9999999996387816
0.9999999995408015
0.9999999994408567
0.9999999993518656
0.9999999992848019
0.999999999248711
0.999999999248711
0.9999999992848019
0.9999999993518656
0.9999999994408567
0.9999999995408015
0.9999999996387816
0.9999999997311649
0.9999999998083566
0.9999999998699467
0.9999999999159828
0.9999999999480116
0.9999999999691868
0.9999999999825071
0.9999999999904879
0.9999999999950762
0.9999999999975435
0.9999999999988189
0.9999999999994561
0.9999999999997586
0.9999999999998967
0.9999999999999574
0.9999999999999829
0.9999999999999934
0.9999999999999976
0.9999999999999991
0.9999999999999997
0.9999999999999999
1
1
1
1
1
1
1
1
1
1
1
1
1
1
1
1
1
1
1
1
1
1
1
1
1
1
1
1
1
1
1
1
1
1
1
1
1
1
1
1
1
1
1
1
1
0.9999999999999998
0.9999999999999996
0.9999999999999989
0.9999999999999971
0.9999999999999929
0.9999999999999829
0.9999999999999609
0.9999999999999136
0.9999999999998147
0.9999999999996216
0.999999999999251
0.9999999999985795
0.9999999999974196
0.9999999999955103
0.9999999999925175
0.9999999999879821
0.9999999999817372
0.9999999999732534
0.9999999999627105
0.9999999999502035
0.9999999999370847
0.9999999999233911
0.999999999911743
0.999999999902611
0.9999999998976965
0.9999999998976965
0.999999999902611
0.999999999911743
0.9999999999233911
0.9999999999370847
0.9999999999502035
0.9999999999627105
0.9999999999732534
0.9999999999817372
0.9999999999879821
0.9999999999925175
0.9999999999955103
0.9999999999974196
0.9999999999985795
0.999999999999251
0.9999999999996216
0.9999999999998147
0.9999999999999136
0.9999999999999609
0.9999999999999829
0.9999999999999929
0.9999999999999971
0.9999999999999989
0.9999999999999996
0.9999999999999998
1
1
1
1
1
1
1
1
1
1
1
1
1
1
1
1
1
1
1
1
1
1
1
1
1
1
1
1
1
1
1
1
1
1
1
1
1
1
1
1
1
1
1
1
1
1
1
1
1
0.9999999999999998
0.9999999999999996
0.9999999999999989
0.9999999999999972
0.9999999999999938
0.9999999999999863
0.9999999999999714
0.9999999999999417
0.9999999999998868
0.9999999999997892
0.9999999999996216
0.9999999999993459
0.9999999999989231
0.9999999999982915
0.9999999999974196
0.9999999999962672
0.9999999999948277
0.9999999999931773
0.9999999999913799
0.9999999999895681
0.9999999999879821
0.9999999999868199
0.9999999999861547
0.9999999999861547
0.9999999999868199
0.9999999999879821
0.9999999999895681
0.9999999999913799
0.9999999999931773
0.9999999999948277
0.9999999999962672
0.9999999999974196
0.9999999999982915
0.9999999999989231
0.9999999999993459
0.9999999999996216
0.9999999999997892
0.9999999999998868
0.9999999999999417
0.9999999999999714
0.9999999999999863
0.9999999999999938
0.9999999999999972
0.9999999999999989
0.9999999999999996
0.9999999999999998
1
1
1
1
1
1
1
1
1
1
1
1
1
1
1
1
1
1
1
1
1
1
1
1
1
1
1
1
1
1
1
1
1
1
1
1
1
1
1
1
1
1
1
1
1
1
1
1
1
1
1
1
1
0.9999999999999998
0.9999999999999996
0.999999999999999
0.9999999999999978
0.9999999999999956
0.9999999999999911
0.9999999999999829
0.9999999999999687
0.9999999999999445
0.9999999999999052
0.9999999999998459
0.9999999999997586
0.9999999999996376
0.9999999999994791
0.9999999999992826
0.9999999999990594
0.9999999999988189
0.9999999999985795
0.9999999999983735
0.9999999999982163
0.9999999999981262
0.9999999999981262
0.9999999999982163
0.9999999999983735
0.9999999999985795
0.9999999999988189
0.9999999999990594
0.9999999999992826
0.9999999999994791
0.9999999999996376
0.9999999999997586
0.9999999999998459
0.9999999999999052
0.9999999999999445
0.9999999999999687
0.9999999999999829
0.9999999999999911
0.9999999999999956
0.9999999999999978
0.999999999999999
0.9999999999999996
0.9999999999999998
1
1
1
1
1
1
1
1
1
1
1
1
1
1
1
1
1
1
1
1
1
1
1
1
1
1
1
1
1
1
1
1
1
1
1
1
1
1
1
1
1
1
1
1
1
1
1
1
1
1
1
1
1
1
1
1
1
0.9999999999999998
0.9999999999999997
0.9999999999999993
0.9999999999999987
0.9999999999999974
0.9999999999999953
0.9999999999999919
0.9999999999999863
0.999999999999978
0.9999999999999657
0.9999999999999492
0.9999999999999273
0.9999999999999011
0.9999999999998712
0.9999999999998381
0.9999999999998066
0.9999999999997785
0.9999999999997586
0.9999999999997464
0.9999999999997464
0.9999999999997586
0.9999999999997785
0.9999999999998066
0.9999999999998381
0.9999999999998712
0.9999999999999011
0.9999999999999273
0.9999999999999492
0.9999999999999657
0.999999999999978
0.9999999999999863
0.9999999999999919
0.9999999999999953
0.9999999999999974
0.9999999999999987
0.9999999999999993
0.9999999999999997
0.9999999999999998
1
1
1
1
1
1
1
1
1
1
1
1
1
1
1
1
1
1
1
1
1
1
1
1
1
1
1
1
1
1
1
1
1
1
1
1
1
1
1
1
1
1
1
1
1
1
1
1
1
1
1
1
1
1
1
1
1
1
1
1
1
0.9999999999999999
0.9999999999999998
0.9999999999999996
0.9999999999999993
0.9999999999999989
0.999999999999998
0.9999999999999969
0.9999999999999951
0.9999999999999929
0.9999999999999899
0.9999999999999863
0.9999999999999822
0.999999999999978
0.9999999999999737
0.99999999999997
0.9999999999999674
0.9999999999999657
0.9999999999999657
0.9999999999999674
0.99999999999997
0.9999999999999737
0.999999999999978
0.9999999999999822
0.9999999999999863
0.9999999999999899
0.9999999999999929
0.9999999999999951
0.9999999999999969
0.999999999999998
0.9999999999999989
0.9999999999999993
0.9999999999999996
0.9999999999999998
0.9999999999999999
1
1
1
1
1
1
1
1
1
1
1
1
1
1
1
1
1
1
1
1
1
1
1
1
1
1
1
1
1
1
1
1
1
1
1
1
1
1
1
1
1
1
1
1
1
1
1
1
1
1
1
1
1
1
1
1
1
1
1
1
1
1
1
1
1
1
0.9999999999999999
0.9999999999999998
0.9999999999999998
0.9999999999999996
0.9999999999999993
0.999999999999999
0.9999999999999987
0.9999999999999981
0.9999999999999976
0.999999999999997
0.9999999999999964
0.9999999999999959
0.9999999999999956
0.9999999999999953
0.9999999999999953
0.9999999999999956
0.9999999999999959
0.9999999999999964
0.999999999999997
0.9999999999999976
0.9999999999999981
0.9999999999999987
0.999999999999999
0.9999999999999993
0.9999999999999996
0.9999999999999998
0.9999999999999998
0.9999999999999999
1
1
1
1
1
1
1
1
1
1
1
1
1
1
1
1
1
1
1
1
1
1
1
1
1
1
1
1
1
1
1
1
1
1
1
1
1
1
1
1
1
1
1
1
1
1
1
1
1
1
1
1
1
1
1
1
1
1
1
1
1
1
1
1
1
1
1
1
1
1
1
1
1
0.9999999999999999
0.9999999999999998
0.9999999999999998
0.9999999999999998
0.9999999999999997
0.9999999999999996
0.9999999999999996
0.9999999999999994
0.9999999999999993
0.9999999999999993
0.9999999999999993
0.9999999999999993
0.9999999999999994
0.9999999999999996
0.9999999999999996
0.9999999999999997
0.9999999999999998
0.9999999999999998
0.9999999999999998
0.9999999999999999
1
1
1
1
1
1
1
1
1
1
1
1
1
1
1
1
1
1
1
1
1
1
1
1
1
1
1
1
1
1
1
1
1
1
1
1
1
1
1
1
1
1
1
1
1
1
1
1
1
1
1
1
1
1
1
1
1
1
1
