FiniteElementSpace
FiniteElementCollection: H1_2D_P1
VDim: 1
Ordering: 0

0.9999999999453881
0.9999999997986857
0.9999999992848019
0.9999999975056328
0.9999999916672886
0.9999999728404876
0.9999999146856495
0.9999997417224429
0.9999992417922789
0.9999978811085426
0.9999942579717118
0.9999851871396652
0.9999633984957091
0.9999133759252556
0.999804848354467
0.9995815194340945
0.999145906463877
0.998351358803888
0.9969908289318908
0.9948077615817006
0.9915330079539344
0.986954154342067
0.981123289782922
0.9743424029759449
0.9674148021851221
0.9608342772032357
0.9556707716418424
0.9529894043279656
0.9529894043279656
0.9556707716418424
0.9608342772032357
0.9674148021851221
0.9743424029759449
0.981123289782922
0.986954154342067
0.9915330079539344
0.9948077615817006
0.9969908289318908
0.998351358803888
0.999145906463877
0.9995815194340945
0.999804848354467
0.9999133759252556
0.9999633984957091
0.9999851871396652
0.9999942579717118
0.9999978811085426
0.9999992417922789
0.9999997417224429
0.9999999146856495
0.9999999728404876
0.9999999916672886
0.9999999975056328
0.9999999992848019
0.9999999997986857
0.9999999999453881
0.9999999999855453
0.9999999999962672
0.9999999999990594
0.9999999999997689
0.9999999999999445
0.9999999999999869
0.999999999999997
0.9999999999999993
0.9999999999999998
1
1
1
1
1
1
1
1
1
1
1
1
1
1
1
1
1
1
1
1
1
1
1
1
1
1
1
1
1
1
1
1
0.9999999999879821
0.9999999999570408
0.9999999998501727
0.9999999994932873
0.9999999983279757
0.9999999947153611
0.9999999838033524
0.9999999518637747
0.9999998629715214
0.999999624063853
0.9999990060107602
0.9999974981098214
0.9999939309820978
0.9999859852278388
0.9999691915981106
0.9999351310705649
0.9998699800081847
0.9997534483097675
0.9995576987390415
0.9992447395139107
0.9987800105184651
0.9981472518133697
0.9973383765372912
0.9963829090706224
0.995406283275735
0.9944800221043797
0.993761572915389
0.9933682371479975
0.9933682371479975
0.993761572915389
0.9944800221043797
0.995406283275735
0.9963829090706224
0.9973383765372912
0.9981472518133697
0.9987800105184651
0.9992447395139107
0.9995576987390415
0.9997534483097675
0.9998699800081847
0.9999351310705649
0.9999691915981106
0.9999859852278388
0.9999939309820978
0.9999974981098214
0.9999990060107602
0.999999624063853
0.9999998629715214
0.9999999518637747
0.9999999838033524
0.9999999947153611
0.9999999983279757
0.9999999994932873
0.9999999998501727
0.9999999999570408
0.9999999999879821
0.9999999999967397
0.9999999999991424
0.9999999999997785
0.9999999999999445
0.9999999999999863
0.9999999999999967
0.9999999999999992
0.9999999999999998
1
1
1
1
1
1
1
1
1
1
1
1
1
1
1
1
1
1
1
1
1
1
1
1
1
1
1
1
1
1
1
1
1
0.9999999999974196
0.9999999999909449
0.9999999999691868
0.9999999998976965
0.999999999672653
0.9999999989843046
0.9999999969627329
0.9999999911927652
0.9999999755382183
0.999999934116953
0.9999998310809655
0.9999995800278103
0.9999990060107602
0.9999977604441854
0.9999951369805009
0.9999900093024667
0.9999803403596472
0.9999633984957091
0.9999351310705649
0.9998912286541324
0.9998263788922388
0.9997394115759642
0.9996276800544511
0.9994997988929204
0.9993681041310758
0.9992447395139107
0.999145906463877
0.9990973122576627
0.9990973122576627
0.999145906463877
0.9992447395139107
0.9993681041310758
0.9994997988929204
0.9996276800544511
0.9997394115759642
0.9998263788922388
0.9998912286541324
0.9999351310705649
0.9999633984957091
0.9999803403596472
0.9999900093024667
0.9999951369805009
0.9999977604441854
0.9999990060107602
0.9999995800278103
0.9999998310809655
0.999999934116953
0.9999999755382183
0.9999999911927652
0.9999999969627329
0.9999999989843046
0.999999999672653
0.9999999998976965
0.9999999999691868
0.9999999999909449
0.9999999999974196
0.9999999999992826
0.9999999999998066
0.9999999999999492
0.9999999999999869
0.9999999999999967
0.9999999999999991
0.9999999999999998
1
1
1
1
1
1
1
1
1
1
1
1
1
1
1
1
1
1
1
1
1
1
1
1
1
1
1
1
1
1
1
1
1
1
0.9999999999994561
0.9999999999981262
0.999999999993779
0.9999999999798475
0.9999999999370847
0.9999999998083566
0.9999999994408567
0.9999999984180623
0.999999995686596
0.9999999886651596
0.9999999714699443
0.9999999307923143
0.9999998391955947
0.9999996443188398
0.9999992417922789
0.9999984708075311
0.9999970458826428
0.9999945673437098
0.9999905475843207
0.9999843436041058
0.9999753135353893
0.9999633984957091
0.9999483396963473
0.9999310140329325
0.9999133759252556
0.9998970885222219
0.9998843255832957
0.9998777390713425
0.9998777390713425
0.9998843255832957
0.9998970885222219
0.9999133759252556
0.9999310140329325
0.9999483396963473
0.9999633984957091
0.9999753135353893
0.9999843436041058
0.9999905475843207
0.9999945673437098
0.9999970458826428
0.9999984708075311
0.9999992417922789
0.9999996443188398
0.9999998391955947
0.9999999307923143
0.9999999714699443
0.9999999886651596
0.999999995686596
0.9999999984180623
0.9999999994408567
0.9999999998083566
0.9999999999370847
0.9999999999798475
0.999999999993779
0.9999999999981262
0.9999999999994561
0.9999999999998459
0.9999999999999574
0.9999999999999885
0.999999999999997
0.9999999999999992
0.9999999999999998
1
1
1
1
1
1
1
1
1
1
1
1
1
1
1
1
1
1
1
1
1
1
1
1
1
1
1
1
1
1
1
1
1
1
1
0.9999999999998868
0.9999999999996216
0.999999999998767
0.9999999999960787
0.9999999999879821
0.9999999999645017
0.9999999998976965
0.9999999997175988
0.999999999248711
0.9999999980618627
0.9999999952108988
0.9999999886651596
0.9999999741451919
0.9999999438581701
0.9999998832320307
0.9999997673769225
0.9999995588348735
0.9999992035310724
0.9999986227006827
0.9999977604441854
0.9999965119137837
0.9999948600472874
0.9999928339861919
0.9999905475843207
0.9999881306407445
0.9999859852278388
0.9999843436041058
0.9999834520332278
0.9999834520332278
0.9999843436041058
0.9999859852278388
0.9999881306407445
0.9999905475843207
0.9999928339861919
0.9999948600472874
0.9999965119137837
0.9999977604441854
0.9999986227006827
0.9999992035310724
0.9999995588348735
0.9999997673769225
0.9999998832320307
0.9999999438581701
0.9999999741451919
0.9999999886651596
0.9999999952108988
0.9999999980618627
0.999999999248711
0.9999999997175988
0.9999999998976965
0.9999999999645017
0.9999999999879821
0.9999999999960787
0.999999999998767
0.9999999999996216
0.9999999999998868
0.9999999999999674
0.9999999999999907
0.9999999999999974
0.9999999999999993
0.9999999999999998
1
1
1
1
1
1
1
1
1
1
1
1
1
1
1
1
1
1
1
1
1
1
1
1
1
1
1
1
1
1
1
1
1
1
1
1
0.999999999999977
0.9999999999999241
0.9999999999997586
0.999999999999251
0.9999999999977602
0.999999999993465
0.9999999999817372
0.9999999999502035
0.9999999998699467
0.999999999672653
0.9999999992059274
0.9999999981549681
0.9999999958938058
0.9999999911927652
0.9999999820171295
0.9999999648301606
0.999999934116953
0.9999998832320307
0.9999998017716825
0.9999996796483295
0.9999995071581058
0.9999992826435831
0.9999990060107602
0.9999986969078408
0.9999983837246648
0.9999980915757906
0.9999978811085426
0.9999977604441854
0.9999977604441854
0.9999978811085426
0.9999980915757906
0.9999983837246648
0.9999986969078408
0.9999990060107602
0.9999992826435831
0.9999995071581058
0.9999996796483295
0.9999998017716825
0.9999998832320307
0.999999934116953
0.9999999648301606
0.9999999820171295
0.9999999911927652
0.9999999958938058
0.9999999981549681
0.9999999992059274
0.999999999672653
0.9999999998699467
0.9999999999502035
0.9999999999817372
0.999999999993465
0.9999999999977602
0.999999999999251
0.9999999999997586
0.9999999999999241
0.999999999999977
0.9999999999999931
0.999999999999998
0.9999999999999994
0.9999999999999998
1
1
1
1
1
1
1
1
1
1
1
1
1
1
1
1
1
1
1
1
1
1
1
1
1
1
1
1
1
1
1
1
1
1
1
1
1
0.9999999999999953
0.9999999999999851
0.9999999999999534
0.9999999999998587
0.9999999999995851
0.9999999999988189
0.9999999999967397
0.9999999999913799
0.9999999999778987
0.9999999999453881
0.9999999998699467
0.999999999703348
0.9999999993518656
0.9999999986352679
0.9999999972475357
0.9999999947153611
0.9999999902814634
0.9999999828810011
0.9999999714699443
0.9999999544572973
0.9999999307923143
0.9999998998826838
0.9999998629715214
0.9999998214615258
0.9999997785518022
0.9999997417224429
0.9999997114685737
0.9999996969084926
0.9999996969084926
0.9999997114685737
0.9999997417224429
0.9999997785518022
0.9999998214615258
0.9999998629715214
0.9999998998826838
0.9999999307923143
0.9999999544572973
0.9999999714699443
0.9999999828810011
0.9999999902814634
0.9999999947153611
0.9999999972475357
0.9999999986352679
0.9999999993518656
0.999999999703348
0.9999999998699467
0.9999999999453881
0.9999999999778987
0.9999999999913799
0.9999999999967397
0.9999999999988189
0.9999999999995851
0.9999999999998587
0.9999999999999534
0.9999999999999851
0.9999999999999953
0.9999999999999987
0.9999999999999996
0.9999999999999999
1
1
1
1
1
1
1
1
1
1
1
1
1
1
1
1
1
1
1
1
1
1
1
1
1
1
1
1
1
1
1
1
1
1
1
1
1
1
0.9999999999999991
0.9999999999999971
0.9999999999999911
0.9999999999999737
0.9999999999999241
0.9999999999997892
0.9999999999994287
0.999999999998517
0.9999999999962672
0.9999999999909449
0.9999999999788305
0.9999999999525957
0.9999999998976965
0.9999999997898242
0.9999999995812915
0.9999999992059274
0.9999999985663998
0.9999999975056328
0.9999999958938058
0.9999999935254363
0.9999999902814634
0.9999999861129308
0.9999999811096647
0.9999999755382183
0.9999999698452418
0.9999999648301606
0.999999960951508
0.9999999589810142
0.9999999589810142
0.999999960951508
0.9999999648301606
0.9999999698452418
0.9999999755382183
0.9999999811096647
0.9999999861129308
0.9999999902814634
0.9999999935254363
0.9999999958938058
0.9999999975056328
0.9999999985663998
0.9999999992059274
0.9999999995812915
0.9999999997898242
0.9999999998976965
0.9999999999525957
0.9999999999788305
0.9999999999909449
0.9999999999962672
0.999999999998517
0.9999999999994287
0.9999999999997892
0.9999999999999241
0.9999999999999737
0.9999999999999911
0.9999999999999971
0.9999999999999991
0.9999999999999998
0.9999999999999999
1
1
1
1
1
1
1
1
1
1
1
1
1
1
1
1
1
1
1
1
1
1
1
1
1
1
1
1
1
1
1
1
1
1
1
1
1
1
1
0.9999999999999998
0.9999999999999994
0.9999999999999983
0.9999999999999951
0.9999999999999863
0.9999999999999626
0.9999999999999011
0.9999999999997464
0.9999999999993772
0.999999999998517
0.9999999999965963
0.9999999999925175
0.9999999999840496
0.9999999999676319
0.9999999999370847
0.9999999998821417
0.9999999997898242
0.9999999996387816
0.9999999994126408
0.9999999990795458
0.9999999986352679
0.9999999980618627
0.9999999973797602
0.999999996648461
0.9999999958938058
0.9999999952108988
0.9999999947153611
0.9999999944486837
0.9999999944486837
0.9999999947153611
0.9999999952108988
0.9999999958938058
0.999999996648461
0.9999999973797602
0.9999999980618627
0.9999999986352679
0.9999999990795458
0.9999999994126408
0.9999999996387816
0.9999999997898242
0.9999999998821417
0.9999999999370847
0.9999999999676319
0.9999999999840496
0.9999999999925175
0.9999999999965963
0.999999999998517
0.9999999999993772
0.9999999999997464
0.9999999999999011
0.9999999999999626
0.9999999999999863
0.9999999999999951
0.9999999999999983
0.9999999999999994
0.9999999999999998
1
1
1
1
1
1
1
1
1
1
1
1
1
1
1
1
1
1
1
1
1
1
1
1
1
1
1
1
1
1
1
1
1
1
1
1
1
1
1
1
1
