FiniteElementSpace
FiniteElementCollection: H1_3D_P1
VDim: 1
Ordering: 0

0.2770382766179029
0.0493848314262797
0.006994740854965542
0.000954361319112973
0.0001295585096485752
1.757963936599438e-05
2.385772025048638e-06
1e-06
1e-06
1e-06
1e-06
1e-06
1e-06
1e-06
1e-06
1e-06
1e-06
1e-06
1e-06
1e-06
1e-06
1e-06
1e-06
1e-06
1e-06
1e-06
1e-06
1e-06
1e-06
1e-06
1e-06
1e-06
1e-06
1e-06
1e-06
1e-06
1e-06
1e-06
1e-06
1e-06
1e-06
1e-06
1e-06
2.385772025048638e-06
1.757963936599438e-05
0.0001295585096485752
0.000954361319112973
0.006994740854965542
0.0493848314262797
0.2770382766179029
0.7386957318665853
0.9542494979467955
0.9935445335346146
0.9991203241432929
0.9998807165411956
0.9999838371339012
0.9999978102872557
0.9999997033646697
0.999999959817893
0.9999999945572392
0.999999999262801
0.9999999999001541
0.9999999999864775
0.9999999999981686
0.999999999999752
0.9999999999999665
0.9999999999999954
0.9999999999999993
0.9999999999999999
1
1
1
1
1
1
1
1
1
1
1
1
0.2689414213699951
0.04742587317756675
0.006692850924284843
0.0009110511944006028
0.0001233945759862021
1.670142184817536e-05
2.260324297953531e-06
1e-06
1e-06
1e-06
1e-06
1e-06
1e-06
1e-06
1e-06
1e-06
1e-06
1e-06
1e-06
1e-06
1e-06
1e-06
1e-06
1e-06
1e-06
1e-06
1e-06
1e-06
1e-06
1e-06
1e-06
1e-06
1e-06
1e-06
1e-06
1e-06
1e-06
1e-06
1e-06
1e-06
1e-06
1e-06
1e-06
2.260324297953531e-06
1.670142184817536e-05
0.0001233945759862021
0.0009110511944006028
0.006692850924284843
0.04742587317756675
0.2689414213699951
0.7310585786300049
0.9525741268224333
0.9933071490757152
0.9990889488055994
0.9998766054240138
0.9999832985781518
0.999997739675702
0.9999996940977731
0.9999999586006245
0.9999999943972036
0.9999999992417439
0.9999999998973812
0.999999999986112
0.9999999999981204
0.9999999999997456
0.9999999999999656
0.9999999999999953
0.9999999999999993
0.9999999999999999
1
1
1
1
1
1
1
1
1
1
1
1
0.2770382766179029
0.0493848314262797
0.006994740854965542
0.000954361319112973
0.0001295585096485752
1.757963936599438e-05
2.385772025048638e-06
1e-06
1e-06
1e-06
1e-06
1e-06
1e-06
1e-06
1e-06
1e-06
1e-06
1e-06
1e-06
1e-06
1e-06
1e-06
1e-06
1e-06
1e-06
1e-06
1e-06
1e-06
1e-06
1e-06
1e-06
1e-06
1e-06
1e-06
1e-06
1e-06
1e-06
1e-06
1e-06
1e-06
1e-06
1e-06
1e-06
2.385772025048638e-06
1.757963936599438e-05
0.0001295585096485752
0.000954361319112973
0.006994740854965542
0.0493848314262797
0.2770382766179029
0.7386957318665853
0.9542494979467955
0.9935445335346146
0.9991203241432929
0.9998807165411956
0.9999838371339012
0.9999978102872557
0.9999997033646697
0.999999959817893
0.9999999945572392
0.999999999262801
0.9999999999001541
0.9999999999864775
0.9999999999981686
0.999999999999752
0.9999999999999665
0.9999999999999954
0.9999999999999993
0.9999999999999999
1
1
1
1
1
1
1
1
1
1
1
1
0.3021657716140754
0.05571943088550524
0.00798184358093379
0.001096697925549339
0.0001499078000722909
2.049296516948296e-05
2.804137356315906e-06
1e-06
1e-06
1e-06
1e-06
1e-06
1e-06
1e-06
1e-06
1e-06
1e-06
1e-06
1e-06
1e-06
1e-06
1e-06
1e-06
1e-06
1e-06
1e-06
1e-06
1e-06
1e-06
1e-06
1e-06
1e-06
1e-06
1e-06
1e-06
1e-06
1e-06
1e-06
1e-06
1e-06
1e-06
1e-06
1e-06
2.804137356315906e-06
2.049296516948296e-05
0.0001499078000722909
0.001096697925549339
0.00798184358093379
0.05571943088550524
0.3021657716140754
0.7607184092956616
0.9589374368221177
0.9942068137231141
0.9992080172103087
0.9998922337008391
0.9999853492854776
0.9999980089698524
0.999999729491109
0.9999999632562184
0.9999999950100742
0.9999999993224833
0.9999999999080252
0.9999999999875162
0.9999999999983058
0.9999999999997702
0.9999999999999688
0.9999999999999958
0.9999999999999994
1
1
1
1
1
1
1
1
1
1
1
1
1
0.3465996199601167
0.06795287034406527
0.009934454312247487
0.001381209707096653
0.0001909512936458801
2.642534354091453e-05
3.665029897681471e-06
1e-06
1e-06
1e-06
1e-06
1e-06
1e-06
1e-06
1e-06
1e-06
1e-06
1e-06
1e-06
1e-06
1e-06
1e-06
1e-06
1e-06
1e-06
1e-06
1e-06
1e-06
1e-06
1e-06
1e-06
1e-06
1e-06
1e-06
1e-06
1e-06
1e-06
1e-06
1e-06
1e-06
1e-06
1e-06
1e-06
3.665029897681471e-06
2.642534354091453e-05
0.0001909512936458801
0.001381209707096653
0.009934454312247487
0.06795287034406527
0.3465996199601167
0.7944120567970078
0.9657275986318534
0.9951615217631593
0.9993349078220461
0.9999089763347722
0.9999875573944432
0.9999983003209174
0.9999997679553048
0.9999999683371014
0.9999999956815885
0.9999999994112798
0.999999999919773
0.9999999999890712
0.9999999999985117
0.9999999999997974
0.9999999999999725
0.9999999999999962
0.9999999999999996
1
1
1
1
1
1
1
1
1
1
1
1
1
0.4130833082947356
0.08915387222008098
0.01346081199548421
0.001903521028299382
0.0002673183857128114
3.761983122019252e-05
5.314780130327712e-06
1e-06
1e-06
1e-06
1e-06
1e-06
1e-06
1e-06
1e-06
1e-06
1e-06
1e-06
1e-06
1e-06
1e-06
1e-06
1e-06
1e-06
1e-06
1e-06
1e-06
1e-06
1e-06
1e-06
1e-06
1e-06
1e-06
1e-06
1e-06
1e-06
1e-06
1e-06
1e-06
1e-06
1e-06
1e-06
1e-06
5.314780130327712e-06
3.761983122019252e-05
0.0002673183857128114
0.001903521028299382
0.01346081199548421
0.08915387222008098
0.4130833082947356
0.8352962435680163
0.9734126667125977
0.9962370162344116
0.9994787012346968
0.9999280813199691
0.9999900939364261
0.999998637114702
0.9999998126818984
0.999999974278063
0.9999999964708897
0.9999999995161677
0.9999999999337144
0.9999999999909246
0.9999999999987582
0.9999999999998301
0.9999999999999768
0.9999999999999969
0.9999999999999996
1
1
1
1
1
1
1
1
1
1
1
1
1
0.2770382766179029
0.0493848314262797
0.006994740854965542
0.000954361319112973
0.0001295585096485752
1.757963936599438e-05
2.385772025048638e-06
1e-06
1e-06
1e-06
1e-06
1e-06
1e-06
1e-06
1e-06
1e-06
1e-06
1e-06
1e-06
1e-06
1e-06
1e-06
1e-06
1e-06
1e-06
1e-06
1e-06
1e-06
1e-06
1e-06
1e-06
1e-06
1e-06
1e-06
1e-06
1e-06
1e-06
1e-06
1e-06
1e-06
1e-06
1e-06
1e-06
2.385772025048638e-06
1.757963936599438e-05
0.0001295585096485752
0.000954361319112973
0.006994740854965542
0.0493848314262797
0.2770382766179029
0.7386957318665853
0.9542494979467955
0.9935445335346146
0.9991203241432929
0.9998807165411956
0.9999838371339012
0.9999978102872557
0.9999997033646697
0.999999959817893
0.9999999945572392
0.999999999262801
0.9999999999001541
0.9999999999864775
0.9999999999981686
0.999999999999752
0.9999999999999665
0.9999999999999954
0.9999999999999993
0.9999999999999999
1
1
1
1
1
1
1
1
1
1
1
1
0.2689414213699951
0.04742587317756675
0.006692850924284843
0.0009110511944006028
0.0001233945759862021
1.670142184817536e-05
2.260324297953531e-06
1e-06
1e-06
1e-06
1e-06
1e-06
1e-06
1e-06
1e-06
1e-06
1e-06
1e-06
1e-06
1e-06
1e-06
1e-06
1e-06
1e-06
1e-06
1e-06
1e-06
1e-06
1e-06
1e-06
1e-06
1e-06
1e-06
1e-06
1e-06
1e-06
1e-06
1e-06
1e-06
1e-06
1e-06
1e-06
1e-06
2.260324297953531e-06
1.670142184817536e-05
0.0001233945759862021
0.0009110511944006028
0.006692850924284843
0.04742587317756675
0.2689414213699951
0.7310585786300049
0.9525741268224333
0.9933071490757152
0.9990889488055994
0.9998766054240138
0.9999832985781518
0.999997739675702
0.9999996940977731
0.9999999586006245
0.9999999943972036
0.9999999992417439
0.9999999998973812
0.999999999986112
0.9999999999981204
0.9999999999997456
0.9999999999999656
0.9999999999999953
0.9999999999999993
0.9999999999999999
1
1
1
1
1
1
1
1
1
1
1
1
0.2770382766179029
0.0493848314262797
0.006994740854965542
0.000954361319112973
0.0001295585096485752
1.757963936599438e-05
2.385772025048638e-06
1e-06
1e-06
1e-06
1e-06
1e-06
1e-06
1e-06
1e-06
1e-06
1e-06
1e-06
1e-06
1e-06
1e-06
1e-06
1e-06
1e-06
1e-06
1e-06
1e-06
1e-06
1e-06
1e-06
1e-06
1e-06
1e-06
1e-06
1e-06
1e-06
1e-06
1e-06
1e-06
1e-06
1e-06
1e-06
1e-06
2.385772025048638e-06
1.757963936599438e-05
0.0001295585096485752
0.000954361319112973
0.006994740854965542
0.0493848314262797
0.2770382766179029
0.7386957318665853
0.9542494979467955
0.9935445335346146
0.9991203241432929
0.9998807165411956
0.9999838371339012
0.9999978102872557
0.9999997033646697
0.999999959817893
0.9999999945572392
0.999999999262801
0.9999999999001541
0.9999999999864775
0.9999999999981686
0.999999999999752
0.9999999999999665
0.9999999999999954
0.9999999999999993
0.9999999999999999
1
1
1
1
1
1
1
1
1
1
1
1
0.3021657716140754
0.05571943088550524
0.00798184358093379
0.001096697925549339
0.0001499078000722909
2.049296516948296e-05
2.804137356315906e-06
1e-06
1e-06
1e-06
1e-06
1e-06
1e-06
1e-06
1e-06
1e-06
1e-06
1e-06
1e-06
1e-06
1e-06
1e-06
1e-06
1e-06
1e-06
1e-06
1e-06
1e-06
1e-06
1e-06
1e-06
1e-06
1e-06
1e-06
1e-06
1e-06
1e-06
1e-06
1e-06
1e-06
1e-06
1e-06
1e-06
2.804137356315906e-06
2.049296516948296e-05
0.0001499078000722909
0.001096697925549339
0.00798184358093379
0.05571943088550524
0.3021657716140754
0.7607184092956616
0.9589374368221177
0.9942068137231141
0.9992080172103087
0.9998922337008391
0.9999853492854776
0.9999980089698524
0.999999729491109
0.9999999632562184
0.9999999950100742
0.9999999993224833
0.9999999999080252
0.9999999999875162
0.9999999999983058
0.9999999999997702
0.9999999999999688
0.9999999999999958
0.9999999999999994
1
1
1
1
1
1
1
1
1
1
1
1
1
0.3465996199601167
0.06795287034406527
0.009934454312247487
0.001381209707096653
0.0001909512936458801
2.642534354091453e-05
3.665029897681471e-06
1e-06
1e-06
1e-06
1e-06
1e-06
1e-06
1e-06
1e-06
1e-06
1e-06
1e-06
1e-06
1e-06
1e-06
1e-06
1e-06
1e-06
1e-06
1e-06
1e-06
1e-06
1e-06
1e-06
1e-06
1e-06
1e-06
1e-06
1e-06
1e-06
1e-06
1e-06
1e-06
1e-06
1e-06
1e-06
1e-06
3.665029897681471e-06
2.642534354091453e-05
0.0001909512936458801
0.001381209707096653
0.009934454312247487
0.06795287034406527
0.3465996199601167
0.7944120567970078
0.9657275986318534
0.9951615217631593
0.9993349078220461
0.9999089763347722
0.9999875573944432
0.9999983003209174
0.9999997679553048
0.9999999683371014
0.9999999956815885
0.9999999994112798
0.999999999919773
0.9999999999890712
0.9999999999985117
0.9999999999997974
0.9999999999999725
0.9999999999999962
0.9999999999999996
1
1
1
1
1
1
1
1
1
1
1
1
1
0.4130833082947356
0.08915387222008098
0.01346081199548421
0.001903521028299382
0.0002673183857128114
3.761983122019252e-05
5.314780130327712e-06
1e-06
1e-06
1e-06
1e-06
1e-06
1e-06
1e-06
1e-06
1e-06
1e-06
1e-06
1e-06
1e-06
1e-06
1e-06
1e-06
1e-06
1e-06
1e-06
1e-06
1e-06
1e-06
1e-06
1e-06
1e-06
1e-06
1e-06
1e-06
1e-06
1e-06
1e-06
1e-06
1e-06
1e-06
1e-06
1e-06
5.314780130327712e-06
3.761983122019252e-05
0.0002673183857128114
0.001903521028299382
0.01346081199548421
0.08915387222008098
0.4130833082947356
0.8352962435680163
0.9734126667125977
0.9962370162344116
0.9994787012346968
0.9999280813199691
0.9999900939364261
0.999998637114702
0.9999998126818984
0.999999974278063
0.9999999964708897
0.9999999995161677
0.9999999999337144
0.9999999999909246
0.9999999999987582
0.9999999999998301
0.9999999999999768
0.9999999999999969
0.9999999999999996
1
1
1
1
1
1
1
1
1
1
1
1
1
