FiniteElementSpace
FiniteElementCollection: H1_3D_P1
VDim: 1
Ordering: 0

0.4130833082947356
0.08915387222008098
0.01346081199548421
0.001903521028299382
0.0002673183857128114
3.761983122019252e-05
5.314780130327712e-06
1e-06
1e-06
1e-06
1e-06
1e-06
1e-06
1e-06
1e-06
1e-06
1e-06
1e-06
1e-06
1e-06
1e-06
1e-06
1e-06
1e-06
1e-06
1e-06
1e-06
1e-06
1e-06
1e-06
1e-06
1e-06
1e-06
1e-06
1e-06
1e-06
1e-06
1e-06
1e-06
1e-06
1e-06
1e-06
1e-06
5.314780130327712e-06
3.761983122019252e-05
0.0002673183857128114
0.001903521028299382
0.01346081199548421
0.08915387222008098
0.4130833082947356
0.8352962435680163
0.9734126667125977
0.9962370162344116
0.9994787012346968
0.9999280813199691
0.9999900939364261
0.999998637114702
0.9999998126818984
0.999999974278063
0.9999999964708897
0.9999999995161677
0.9999999999337144
0.9999999999909246
0.9999999999987582
0.9999999999998301
0.9999999999999768
0.9999999999999969
0.9999999999999996
1
1
1
1
1
1
1
1
1
1
1
1
1
0.5024997291731242
0.1247776297967931
0.01979605852634658
0.00286442303412715
0.0004103439579348223
5.897394771747777e-05
8.525296755879097e-06
1.241175254684812e-06
1e-06
1e-06
1e-06
1e-06
1e-06
1e-06
1e-06
1e-06
1e-06
1e-06
1e-06
1e-06
1e-06
1e-06
1e-06
1e-06
1e-06
1e-06
1e-06
1e-06
1e-06
1e-06
1e-06
1e-06
1e-06
1e-06
1e-06
1e-06
1e-06
1e-06
1e-06
1e-06
1e-06
1e-06
1.241175254684812e-06
8.525296755879097e-06
5.897394771747777e-05
0.0004103439579348223
0.00286442303412715
0.01979605852634658
0.1247776297967931
0.5024997291731242
0.8777341301410624
0.9808317599311118
0.9972726653370185
0.9996183196017169
0.9999468030981022
0.9999926015881706
0.9999989728420353
0.9999998576151654
0.9999999802903647
0.9999999972752033
0.9999999996237499
0.9999999999481024
0.9999999999928487
0.9999999999990155
0.9999999999998646
0.9999999999999813
0.9999999999999974
0.9999999999999997
1
1
1
1
1
1
1
1
1
1
1
1
1
0.6101619458936749
0.1835814671100666
0.03144771930795098
0.004693036412593665
0.0006887238530426387
0.0001014758335451393
1.507135747413901e-05
2.260324297953531e-06
1e-06
1e-06
1e-06
1e-06
1e-06
1e-06
1e-06
1e-06
1e-06
1e-06
1e-06
1e-06
1e-06
1e-06
1e-06
1e-06
1e-06
1e-06
1e-06
1e-06
1e-06
1e-06
1e-06
1e-06
1e-06
1e-06
1e-06
1e-06
1e-06
1e-06
1e-06
1e-06
1e-06
1e-06
2.260324297953531e-06
1.507135747413901e-05
0.0001014758335451393
0.0006887238530426387
0.004693036412593665
0.03144771930795098
0.1835814671100666
0.6101619458936749
0.9162725973063708
0.9871504364510444
0.998155814731434
0.9997386695774577
0.9999631262143166
0.9999948118292947
0.9999992717895335
0.9999998980120841
0.9999999857448048
0.9999999980111419
0.9999999997229836
0.9999999999614755
0.9999999999946501
0.999999999999258
0.9999999999998972
0.9999999999999858
0.999999999999998
0.9999999999999998
1
1
1
1
1
1
1
1
1
1
1
1
1
0.7232757853448294
0.2770382766179029
0.05352917062860485
0.008339944507397501
0.001259673815813156
0.0001909512936458801
2.924071586063448e-05
4.534249701593218e-06
1e-06
1e-06
1e-06
1e-06
1e-06
1e-06
1e-06
1e-06
1e-06
1e-06
1e-06
1e-06
1e-06
1e-06
1e-06
1e-06
1e-06
1e-06
1e-06
1e-06
1e-06
1e-06
1e-06
1e-06
1e-06
1e-06
1e-06
1e-06
1e-06
1e-06
1e-06
1e-06
1e-06
1e-06
4.534249701593218e-06
2.924071586063448e-05
0.0001909512936458801
0.001259673815813156
0.008339944507397501
0.05352917062860485
0.2770382766179029
0.7232757853448294
0.9471835999376709
0.9919809202295149
0.9988349835775981
0.9998324602554216
0.9999760201288153
0.9999965802544826
0.9999995138806592
0.9999999310993943
0.9999999902603418
0.9999999986265851
0.9999999998067661
0.999999999972869
0.9999999999961979
0.9999999999994682
0.9999999999999257
0.9999999999999896
0.9999999999999986
0.9999999999999998
1
1
1
1
1
1
1
1
1
1
1
1
1
0.8243491285667206
0.4130833082947356
0.09619952521790731
0.01598923741877345
0.002500807149562689
0.0003913478997151776
6.197539061303381e-05
9.96683808829335e-06
1.631909050336944e-06
1e-06
1e-06
1e-06
1e-06
1e-06
1e-06
1e-06
1e-06
1e-06
1e-06
1e-06
1e-06
1e-06
1e-06
1e-06
1e-06
1e-06
1e-06
1e-06
1e-06
1e-06
1e-06
1e-06
1e-06
1e-06
1e-06
1e-06
1e-06
1e-06
1e-06
1e-06
1e-06
1.631909050336944e-06
9.96683808829335e-06
6.197539061303381e-05
0.0003913478997151776
0.002500807149562689
0.01598923741877345
0.09619952521790731
0.4130833082947356
0.8243491285667206
0.9692583267955839
0.9953324486378312
0.9993112987211716
0.9998992774778759
0.9999853492854776
0.9999978786594227
0.9999996940977731
0.9999999560525767
0.9999999937078337
0.9999999991019399
0.999999999872192
0.9999999999818592
0.9999999999974314
0.9999999999996372
0.9999999999999489
0.9999999999999928
0.999999999999999
0.9999999999999998
1
1
1
1
1
1
1
1
1
1
1
1
1
0.9003870544653629
0.5814961349801083
0.1774797185407191
0.03278175665597838
0.005363430631431854
0.000869661206841732
0.00014280055653626
2.38748136921485e-05
4.077151899428699e-06
1e-06
1e-06
1e-06
1e-06
1e-06
1e-06
1e-06
1e-06
1e-06
1e-06
1e-06
1e-06
1e-06
1e-06
1e-06
1e-06
1e-06
1e-06
1e-06
1e-06
1e-06
1e-06
1e-06
1e-06
1e-06
1e-06
1e-06
1e-06
1e-06
1e-06
1e-06
1e-06
4.077151899428699e-06
2.38748136921485e-05
0.00014280055653626
0.000869661206841732
0.005363430631431854
0.03278175665597838
0.1774797185407191
0.5814961349801083
0.9003870544653629
0.9834270106717354
0.9974604049132592
0.9996183196017169
0.999943123794074
0.9999915782290212
0.9999987598964082
0.9999998183145935
0.9999999735040787
0.9999999961522921
0.9999999994434066
0.999999999919773
0.9999999999884742
0.9999999999983492
0.9999999999997642
0.9999999999999665
0.9999999999999952
0.9999999999999993
0.9999999999999999
1
1
1
1
1
1
1
1
1
1
1
1
1
0.4130833082947356
0.08915387222008098
0.01346081199548421
0.001903521028299382
0.0002673183857128114
3.761983122019252e-05
5.314780130327712e-06
1e-06
1e-06
1e-06
1e-06
1e-06
1e-06
1e-06
1e-06
1e-06
1e-06
1e-06
1e-06
1e-06
1e-06
1e-06
1e-06
1e-06
1e-06
1e-06
1e-06
1e-06
1e-06
1e-06
1e-06
1e-06
1e-06
1e-06
1e-06
1e-06
1e-06
1e-06
1e-06
1e-06
1e-06
1e-06
1e-06
5.314780130327712e-06
3.761983122019252e-05
0.0002673183857128114
0.001903521028299382
0.01346081199548421
0.08915387222008098
0.4130833082947356
0.8352962435680163
0.9734126667125977
0.9962370162344116
0.9994787012346968
0.9999280813199691
0.9999900939364261
0.999998637114702
0.9999998126818984
0.999999974278063
0.9999999964708897
0.9999999995161677
0.9999999999337144
0.9999999999909246
0.9999999999987582
0.9999999999998301
0.9999999999999768
0.9999999999999969
0.9999999999999996
1
1
1
1
1
1
1
1
1
1
1
1
1
0.5024997291731242
0.1247776297967931
0.01979605852634658
0.00286442303412715
0.0004103439579348223
5.897394771747777e-05
8.525296755879097e-06
1.241175254684812e-06
1e-06
1e-06
1e-06
1e-06
1e-06
1e-06
1e-06
1e-06
1e-06
1e-06
1e-06
1e-06
1e-06
1e-06
1e-06
1e-06
1e-06
1e-06
1e-06
1e-06
1e-06
1e-06
1e-06
1e-06
1e-06
1e-06
1e-06
1e-06
1e-06
1e-06
1e-06
1e-06
1e-06
1e-06
1.241175254684812e-06
8.525296755879097e-06
5.897394771747777e-05
0.0004103439579348223
0.00286442303412715
0.01979605852634658
0.1247776297967931
0.5024997291731242
0.8777341301410624
0.9808317599311118
0.9972726653370185
0.9996183196017169
0.9999468030981022
0.9999926015881706
0.9999989728420353
0.9999998576151654
0.9999999802903647
0.9999999972752033
0.9999999996237499
0.9999999999481024
0.9999999999928487
0.9999999999990155
0.9999999999998646
0.9999999999999813
0.9999999999999974
0.9999999999999997
1
1
1
1
1
1
1
1
1
1
1
1
1
0.6101619458936749
0.1835814671100666
0.03144771930795098
0.004693036412593665
0.0006887238530426387
0.0001014758335451393
1.507135747413901e-05
2.260324297953531e-06
1e-06
1e-06
1e-06
1e-06
1e-06
1e-06
1e-06
1e-06
1e-06
1e-06
1e-06
1e-06
1e-06
1e-06
1e-06
1e-06
1e-06
1e-06
1e-06
1e-06
1e-06
1e-06
1e-06
1e-06
1e-06
1e-06
1e-06
1e-06
1e-06
1e-06
1e-06
1e-06
1e-06
1e-06
2.260324297953531e-06
1.507135747413901e-05
0.0001014758335451393
0.0006887238530426387
0.004693036412593665
0.03144771930795098
0.1835814671100666
0.6101619458936749
0.9162725973063708
0.9871504364510444
0.998155814731434
0.9997386695774577
0.9999631262143166
0.9999948118292947
0.9999992717895335
0.9999998980120841
0.9999999857448048
0.9999999980111419
0.9999999997229836
0.9999999999614755
0.9999999999946501
0.999999999999258
0.9999999999998972
0.9999999999999858
0.999999999999998
0.9999999999999998
1
1
1
1
1
1
1
1
1
1
1
1
1
0.7232757853448294
0.2770382766179029
0.05352917062860485
0.008339944507397501
0.001259673815813156
0.0001909512936458801
2.924071586063448e-05
4.534249701593218e-06
1e-06
1e-06
1e-06
1e-06
1e-06
1e-06
1e-06
1e-06
1e-06
1e-06
1e-06
1e-06
1e-06
1e-06
1e-06
1e-06
1e-06
1e-06
1e-06
1e-06
1e-06
1e-06
1e-06
1e-06
1e-06
1e-06
1e-06
1e-06
1e-06
1e-06
1e-06
1e-06
1e-06
1e-06
4.534249701593218e-06
2.924071586063448e-05
0.0001909512936458801
0.001259673815813156
0.008339944507397501
0.05352917062860485
0.2770382766179029
0.7232757853448294
0.9471835999376709
0.9919809202295149
0.9988349835775981
0.9998324602554216
0.9999760201288153
0.9999965802544826
0.9999995138806592
0.9999999310993943
0.9999999902603418
0.9999999986265851
0.9999999998067661
0.999999999972869
0.9999999999961979
0.9999999999994682
0.9999999999999257
0.9999999999999896
0.9999999999999986
0.9999999999999998
1
1
1
1
1
1
1
1
1
1
1
1
1
0.8243491285667206
0.4130833082947356
0.09619952521790731
0.01598923741877345
0.002500807149562689
0.0003913478997151776
6.197539061303381e-05
9.96683808829335e-06
1.631909050336944e-06
1e-06
1e-06
1e-06
1e-06
1e-06
1e-06
1e-06
1e-06
1e-06
1e-06
1e-06
1e-06
1e-06
1e-06
1e-06
1e-06
1e-06
1e-06
1e-06
1e-06
1e-06
1e-06
1e-06
1e-06
1e-06
1e-06
1e-06
1e-06
1e-06
1e-06
1e-06
1e-06
1.631909050336944e-06
9.96683808829335e-06
6.197539061303381e-05
0.0003913478997151776
0.002500807149562689
0.01598923741877345
0.09619952521790731
0.4130833082947356
0.8243491285667206
0.9692583267955839
0.9953324486378312
0.9993112987211716
0.9998992774778759
0.9999853492854776
0.9999978786594227
0.9999996940977731
0.9999999560525767
0.9999999937078337
0.9999999991019399
0.999999999872192
0.9999999999818592
0.9999999999974314
0.9999999999996372
0.9999999999999489
0.9999999999999928
0.999999999999999
0.9999999999999998
1
1
1
1
1
1
1
1
1
1
1
1
1
0.9003870544653629
0.5814961349801083
0.1774797185407191
0.03278175665597838
0.005363430631431854
0.000869661206841732
0.00014280055653626
2.38748136921485e-05
4.077151899428699e-06
1e-06
1e-06
1e-06
1e-06
1e-06
1e-06
1e-06
1e-06
1e-06
1e-06
1e-06
1e-06
1e-06
1e-06
1e-06
1e-06
1e-06
1e-06
1e-06
1e-06
1e-06
1e-06
1e-06
1e-06
1e-06
1e-06
1e-06
1e-06
1e-06
1e-06
1e-06
1e-06
4.077151899428699e-06
2.38748136921485e-05
0.00014280055653626
0.000869661206841732
0.005363430631431854
0.03278175665597838
0.1774797185407191
0.5814961349801083
0.9003870544653629
0.9834270106717354
0.9974604049132592
0.9996183196017169
0.999943123794074
0.9999915782290212
0.9999987598964082
0.9999998183145935
0.9999999735040787
0.9999999961522921
0.9999999994434066
0.999999999919773
0.9999999999884742
0.9999999999983492
0.9999999999997642
0.9999999999999665
0.9999999999999952
0.9999999999999993
0.9999999999999999
1
1
1
1
1
1
1
1
1
1
1
1
1
