FiniteElementSpace
FiniteElementCollection: H1_2D_P1
VDim: 1
Ordering: 0

0.04784463494694258
0.007268407747719419
0.001072250141784692
0.0001573433130562796
2.335641822182044e-05
3.488086216307806e-06
1e-06
1e-06
1e-06
1e-06
1e-06
1e-06
1e-06
1e-06
1e-06
1e-06
1e-06
1e-06
1e-06
1e-06
1e-06
1e-06
1e-06
1e-06
1e-06
1e-06
1e-06
1e-06
1e-06
1e-06
1e-06
1e-06
1e-06
1e-06
1e-06
1e-06
1e-06
1e-06
1e-06
1e-06
1e-06
1e-06
1e-06
1e-06
1e-06
1e-06
1e-06
1e-06
1e-06
1e-06
3.488086216307806e-06
2.335641822182044e-05
0.0001573433130562796
0.001072250141784692
0.007268407747719419
0.04784463494694258
0.2576035664506309
0.7068222210935676
0.943665335968047
0.9915330079539344
0.9987800105184651
0.9998263788922388
0.9999753135353893
0.9999965119137837
0.9999995071581058
0.9999999307923143
0.9999999902814634
0.9999999986352679
0.9999999998083566
0.9999999999732534
0.9999999999962672
0.9999999999994791
0.9999999999999273
0.9999999999999899
0.9999999999999987
0.9999999999999998
1
1
1
1
1
1
1
1
1
1
1
1
1
1
1
1
1
1
1
1
1
0.08085628067064832
0.01288832217127922
0.00194606098508554
0.0002929005112078942
4.456748026493429e-05
6.821771035614432e-06
1.057079060284849e-06
1e-06
1e-06
1e-06
1e-06
1e-06
1e-06
1e-06
1e-06
1e-06
1e-06
1e-06
1e-06
1e-06
1e-06
1e-06
1e-06
1e-06
1e-06
1e-06
1e-06
1e-06
1e-06
1e-06
1e-06
1e-06
1e-06
1e-06
1e-06
1e-06
1e-06
1e-06
1e-06
1e-06
1e-06
1e-06
1e-06
1e-06
1e-06
1e-06
1e-06
1e-06
1e-06
1.057079060284849e-06
6.821771035614432e-06
4.456748026493429e-05
0.0002929005112078942
0.00194606098508554
0.01288832217127922
0.08085628067064832
0.3735720022342771
0.8026716958352498
0.9652120556207153
0.9948077615817006
0.9992447395139107
0.9998912286541324
0.9999843436041058
0.9999977604441854
0.9999996796483295
0.9999999544572973
0.9999999935254363
0.9999999990795458
0.9999999998699467
0.9999999999817372
0.9999999999974196
0.9999999999996376
0.9999999999999492
0.9999999999999929
0.999999999999999
0.9999999999999998
1
1
1
1
1
1
1
1
1
1
1
1
1
1
1
1
1
1
1
1
1
0.1407311199310048
0.02416327088497661
0.003775707604424472
0.0005833417459968349
9.099496490239112e-05
1.436402710064399e-05
2.281285376826148e-06
1e-06
1e-06
1e-06
1e-06
1e-06
1e-06
1e-06
1e-06
1e-06
1e-06
1e-06
1e-06
1e-06
1e-06
1e-06
1e-06
1e-06
1e-06
1e-06
1e-06
1e-06
1e-06
1e-06
1e-06
1e-06
1e-06
1e-06
1e-06
1e-06
1e-06
1e-06
1e-06
1e-06
1e-06
1e-06
1e-06
1e-06
1e-06
1e-06
1e-06
1e-06
1e-06
2.281285376826148e-06
1.436402710064399e-05
9.099496490239112e-05
0.0005833417459968349
0.003775707604424472
0.02416327088497661
0.1407311199310048
0.5215251490102326
0.878845067475303
0.979949182097027
0.9969908289318908
0.9995576987390415
0.9999351310705649
0.9999905475843207
0.9999986227006827
0.9999998017716825
0.9999999714699443
0.9999999958938058
0.9999999994126408
0.9999999999159828
0.9999999999879821
0.9999999999982915
0.9999999999997586
0.9999999999999657
0.9999999999999951
0.9999999999999993
0.9999999999999999
1
1
1
1
1
1
1
1
1
1
1
1
1
1
1
1
1
1
1
1
1
0.2448715932188932
0.04784463494694258
0.007821110096169592
0.001242693304143838
0.0001987871845166023
3.23630278649123e-05
5.300562514243268e-06
1e-06
1e-06
1e-06
1e-06
1e-06
1e-06
1e-06
1e-06
1e-06
1e-06
1e-06
1e-06
1e-06
1e-06
1e-06
1e-06
1e-06
1e-06
1e-06
1e-06
1e-06
1e-06
1e-06
1e-06
1e-06
1e-06
1e-06
1e-06
1e-06
1e-06
1e-06
1e-06
1e-06
1e-06
1e-06
1e-06
1e-06
1e-06
1e-06
1e-06
1e-06
1e-06
5.300562514243268e-06
3.23630278649123e-05
0.0001987871845166023
0.001242693304143838
0.007821110096169592
0.04784463494694258
0.2448715932188932
0.678004288195777
0.9326226842276854
0.9891294641474724
0.998351358803888
0.9997534483097675
0.9999633984957091
0.9999945673437098
0.9999992035310724
0.9999998832320307
0.9999999828810011
0.9999999975056328
0.9999999996387816
0.9999999999480116
0.9999999999925175
0.9999999999989231
0.9999999999998459
0.999999999999978
0.9999999999999969
0.9999999999999996
1
1
1
1
1
1
1
1
1
1
1
1
1
1
1
1
1
1
1
1
1
1
0.4057558925033475
0.09783293310400887
0.01703364117394512
0.002812768743476912
0.0004646106232903957
7.754183742991749e-05
1.317833644032262e-05
2.281285376826148e-06
1e-06
1e-06
1e-06
1e-06
1e-06
1e-06
1e-06
1e-06
1e-06
1e-06
1e-06
1e-06
1e-06
1e-06
1e-06
1e-06
1e-06
1e-06
1e-06
1e-06
1e-06
1e-06
1e-06
1e-06
1e-06
1e-06
1e-06
1e-06
1e-06
1e-06
1e-06
1e-06
1e-06
1e-06
1e-06
1e-06
1e-06
1e-06
1e-06
1e-06
2.281285376826148e-06
1.317833644032262e-05
7.754183742991749e-05
0.0004646106232903957
0.002812768743476912
0.01703364117394512
0.09783293310400887
0.4057558925033475
0.8122375710471457
0.9652120556207153
0.9944800221043797
0.999145906463877
0.9998699800081847
0.9999803403596472
0.9999970458826428
0.9999995588348735
0.999999934116953
0.9999999902814634
0.9999999985663998
0.9999999997898242
0.9999999999691868
0.9999999999955103
0.9999999999993459
0.9999999999999052
0.9999999999999863
0.999999999999998
0.9999999999999998
1
1
1
1
1
1
1
1
1
1
1
1
1
1
1
1
1
1
1
1
1
1
0.6016410908745222
0.1983048266846694
0.03916572279676434
0.006754497879365884
0.001154333770394311
0.0001987871845166023
3.505835505990262e-05
6.258658329372224e-06
1.152188585873404e-06
1e-06
1e-06
1e-06
1e-06
1e-06
1e-06
1e-06
1e-06
1e-06
1e-06
1e-06
1e-06
1e-06
1e-06
1e-06
1e-06
1e-06
1e-06
1e-06
1e-06
1e-06
1e-06
1e-06
1e-06
1e-06
1e-06
1e-06
1e-06
1e-06
1e-06
1e-06
1e-06
1e-06
1e-06
1e-06
1e-06
1e-06
1e-06
1.152188585873404e-06
6.258658329372224e-06
3.505835505990262e-05
0.0001987871845166023
0.001154333770394311
0.006754497879365884
0.03916572279676434
0.1983048266846694
0.6016410908745222
0.9037844582893072
0.9833736438921183
0.9973383765372912
0.9995815194340945
0.9999351310705649
0.9999900093024667
0.9999984708075311
0.9999997673769225
0.9999999648301606
0.9999999947153611
0.9999999992059274
0.9999999998821417
0.9999999999825071
0.9999999999974196
0.9999999999996216
0.9999999999999445
0.9999999999999919
0.9999999999999989
0.9999999999999998
1
1
1
1
1
1
1
1
1
1
1
1
1
1
1
1
1
1
1
1
1
1
0.7803474531206918
0.3735720022342771
0.09150592719535156
0.01703364117394512
0.003027689899803176
0.0005418388173772382
9.857292164738851e-05
1.826018610096014e-05
3.488086216307806e-06
1e-06
1e-06
1e-06
1e-06
1e-06
1e-06
1e-06
1e-06
1e-06
1e-06
1e-06
1e-06
1e-06
1e-06
1e-06
1e-06
1e-06
1e-06
1e-06
1e-06
1e-06
1e-06
1e-06
1e-06
1e-06
1e-06
1e-06
1e-06
1e-06
1e-06
1e-06
1e-06
1e-06
1e-06
1e-06
1e-06
1e-06
1e-06
3.488086216307806e-06
1.826018610096014e-05
9.857292164738851e-05
0.0005418388173772382
0.003027689899803176
0.01703364117394512
0.09150592719535156
0.3735720022342771
0.7803474531206918
0.9556707716418424
0.9925061747027408
0.9987800105184651
0.999804848354467
0.9999691915981106
0.9999951369805009
0.9999992417922789
0.9999998832320307
0.9999999820171295
0.9999999972475357
0.9999999995812915
0.9999999999370847
0.9999999999904879
0.9999999999985795
0.9999999999997892
0.9999999999999687
0.9999999999999953
0.9999999999999993
0.9999999999999999
1
1
1
1
1
1
1
1
1
1
1
1
1
1
1
1
1
1
1
1
1
1
0.8982986070953465
0.6016410908745222
0.2092866334682777
0.04485356726280343
0.008364287870532339
0.001550397532529502
0.0002929005112078942
5.66556865142509e-05
1.122985942791921e-05
2.281285376826148e-06
1e-06
1e-06
1e-06
1e-06
1e-06
1e-06
1e-06
1e-06
1e-06
1e-06
1e-06
1e-06
1e-06
1e-06
1e-06
1e-06
1e-06
1e-06
1e-06
1e-06
1e-06
1e-06
1e-06
1e-06
1e-06
1e-06
1e-06
1e-06
1e-06
1e-06
1e-06
1e-06
1e-06
1e-06
1e-06
1e-06
2.281285376826148e-06
1.122985942791921e-05
5.66556865142509e-05
0.0002929005112078942
0.001550397532529502
0.008364287870532339
0.04485356726280343
0.2092866334682777
0.6016410908745222
0.8982986070953465
0.981123289782922
0.9968004437393019
0.9994713289723447
0.9999133759252556
0.9999859852278388
0.9999977604441854
0.9999996443188398
0.9999999438581701
0.9999999911927652
0.9999999986352679
0.9999999997898242
0.9999999999676319
0.9999999999950762
0.999999999999251
0.9999999999998868
0.9999999999999829
0.9999999999999974
0.9999999999999996
1
1
1
1
1
1
1
1
1
1
1
1
1
1
1
1
1
1
1
1
1
1
1
0.9582059076787669
0.8026716958352498
0.4206757478512505
0.1172781648098138
0.02416327088497661
0.004707657094599194
0.0009194920629980174
0.0001846390475602755
3.797815175765606e-05
8.054828569248329e-06
1.772572466363087e-06
1e-06
1e-06
1e-06
1e-06
1e-06
1e-06
1e-06
1e-06
1e-06
1e-06
1e-06
1e-06
1e-06
1e-06
1e-06
1e-06
1e-06
1e-06
1e-06
1e-06
1e-06
1e-06
1e-06
1e-06
1e-06
1e-06
1e-06
1e-06
1e-06
1e-06
1e-06
1e-06
1e-06
1e-06
1.772572466363087e-06
8.054828569248329e-06
3.797815175765606e-05
0.0001846390475602755
0.0009194920629980174
0.004707657094599194
0.02416327088497661
0.1172781648098138
0.4206757478512505
0.8026716958352498
0.9582059076787669
0.9925061747027408
0.9987026765374449
0.9997806484272322
0.9999633984957091
0.9999939309820978
0.9999990060107602
0.9999998391955947
0.9999999741451919
0.9999999958938058
0.9999999993518656
0.9999999998976965
0.9999999999840496
0.9999999999975435
0.9999999999996216
0.9999999999999417
0.9999999999999911
0.9999999999999987
0.9999999999999998
1
1
1
1
1
1
1
1
1
1
1
1
1
1
1
1
1
1
1
1
1
1
1
