FiniteElementSpace
FiniteElementCollection: H1_2D_P1
VDim: 1
Ordering: 0

0.9582059076787669
0.8026716958352498
0.4206757478512505
0.1172781648098138
0.02416327088497661
0.004707657094599194
0.0009194920629980174
0.0001846390475602755
3.797815175765606e-05
8.054828569248329e-06
1.772572466363087e-06
1e-06
1e-06
1e-06
1e-06
1e-06
1e-06
1e-06
1e-06
1e-06
1e-06
1e-06
1e-06
1e-06
1e-06
1e-06
1e-06
1e-06
1e-06
1e-06
1e-06
1e-06
1e-06
1e-06
1e-06
1e-06
1e-06
1e-06
1e-06
1e-06
1e-06
1e-06
1e-06
1e-06
1e-06
1.772572466363087e-06
8.054828569248329e-06
3.797815175765606e-05
0.0001846390475602755
0.0009194920629980174
0.004707657094599194
0.02416327088497661
0.1172781648098138
0.4206757478512505
0.8026716958352498
0.9582059076787669
0.9925061747027408
0.9987026765374449
0.9997806484272322
0.9999633984957091
0.9999939309820978
0.9999990060107602
0.9999998391955947
0.9999999741451919
0.9999999958938058
0.9999999993518656
0.9999999998976965
0.9999999999840496
0.9999999999975435
0.9999999999996216
0.9999999999999417
0.9999999999999911
0.9999999999999987
0.9999999999999998
1
1
1
1
1
1
1
1
1
1
1
1
1
1
1
1
1
1
1
1
1
1
1
0.9843504290819796
0.9195998861549226
0.678004288195777
0.2843313650622077
0.07094205506676043
0.01481888557773248
0.003027689899803176
0.0006318958689242038
0.0001349098001772742
2.969163871036073e-05
6.821771035614432e-06
1.626252295716668e-06
1e-06
1e-06
1e-06
1e-06
1e-06
1e-06
1e-06
1e-06
1e-06
1e-06
1e-06
1e-06
1e-06
1e-06
1e-06
1e-06
1e-06
1e-06
1e-06
1e-06
1e-06
1e-06
1e-06
1e-06
1e-06
1e-06
1e-06
1e-06
1e-06
1e-06
1e-06
1e-06
1.626252295716668e-06
6.821771035614432e-06
2.969163871036073e-05
0.0001349098001772742
0.0006318958689242038
0.003027689899803176
0.01481888557773248
0.07094205506676043
0.2843313650622077
0.678004288195777
0.9195998861549226
0.9843504290819796
0.9971699176793772
0.9994997988929204
0.9999133759252556
0.9999851871396652
0.9999974981098214
0.9999995800278103
0.9999999307923143
0.9999999886651596
0.9999999981549681
0.999999999703348
0.9999999999525957
0.9999999999925175
0.9999999999988189
0.9999999999998147
0.9999999999999714
0.9999999999999956
0.9999999999999993
0.9999999999999999
1
1
1
1
1
1
1
1
1
1
1
1
1
1
1
1
1
1
1
1
1
1
1
0.9944800221043797
0.9710791770525151
0.8643978248915769
0.5536389523657657
0.1983048266846694
0.04784463494694258
0.01041698352111664
0.002255090149992922
0.0005002011070796009
0.0001149648415244009
2.740889961361237e-05
6.821771035614432e-06
1.772572466363087e-06
1e-06
1e-06
1e-06
1e-06
1e-06
1e-06
1e-06
1e-06
1e-06
1e-06
1e-06
1e-06
1e-06
1e-06
1e-06
1e-06
1e-06
1e-06
1e-06
1e-06
1e-06
1e-06
1e-06
1e-06
1e-06
1e-06
1e-06
1e-06
1e-06
1e-06
1.772572466363087e-06
6.821771035614432e-06
2.740889961361237e-05
0.0001149648415244009
0.0005002011070796009
0.002255090149992922
0.01041698352111664
0.04784463494694258
0.1983048266846694
0.5536389523657657
0.8643978248915769
0.9710791770525151
0.9944800221043797
0.998979206650994
0.9998164934959017
0.9999672362098255
0.9999942579717118
0.9999990060107602
0.9999998310809655
0.9999999714699443
0.9999999952108988
0.9999999992059274
0.9999999998699467
0.9999999999788305
0.9999999999965963
0.9999999999994561
0.9999999999999136
0.9999999999999863
0.9999999999999978
0.9999999999999997
1
1
1
1
1
1
1
1
1
1
1
1
1
1
1
1
1
1
1
1
1
1
1
1
0.9981472518133697
0.9904346813279084
0.9529894043279656
0.8026716958352498
0.4539767964441981
0.1491176267382952
0.03647939987561866
0.008364287870532339
0.00194606098508554
0.0004646106232903957
0.0001149648415244009
2.969163871036073e-05
8.054828569248329e-06
2.281285376826148e-06
1e-06
1e-06
1e-06
1e-06
1e-06
1e-06
1e-06
1e-06
1e-06
1e-06
1e-06
1e-06
1e-06
1e-06
1e-06
1e-06
1e-06
1e-06
1e-06
1e-06
1e-06
1e-06
1e-06
1e-06
1e-06
1e-06
1e-06
1e-06
2.281285376826148e-06
8.054828569248329e-06
2.969163871036073e-05
0.0001149648415244009
0.0004646106232903957
0.00194606098508554
0.008364287870532339
0.03647939987561866
0.1491176267382952
0.4539767964441981
0.8026716958352498
0.9529894043279656
0.9904346813279084
0.9981472518133697
0.9996498935282341
0.9999351310705649
0.9999881306407445
0.9999978811085426
0.999999624063853
0.999999934116953
0.9999999886651596
0.9999999980618627
0.999999999672653
0.9999999999453881
0.9999999999909449
0.999999999998517
0.9999999999997586
0.9999999999999609
0.9999999999999938
0.999999999999999
0.9999999999999998
1
1
1
1
1
1
1
1
1
1
1
1
1
1
1
1
1
1
1
1
1
1
1
1
0.9994021295765924
0.9969908289318908
0.9852706884569912
0.9326226842276854
0.7447431747235661
0.3895436731160733
0.1244695056246369
0.03181810176234579
0.007821110096169592
0.00194606098508554
0.0005002011070796009
0.0001349098001772742
3.797815175765606e-05
1.122985942791921e-05
3.488086216307806e-06
1.152188585873404e-06
1e-06
1e-06
1e-06
1e-06
1e-06
1e-06
1e-06
1e-06
1e-06
1e-06
1e-06
1e-06
1e-06
1e-06
1e-06
1e-06
1e-06
1e-06
1e-06
1e-06
1e-06
1e-06
1e-06
1e-06
1.152188585873404e-06
3.488086216307806e-06
1.122985942791921e-05
3.797815175765606e-05
0.0001349098001772742
0.0005002011070796009
0.00194606098508554
0.007821110096169592
0.03181810176234579
0.1244695056246369
0.3895436731160733
0.7447431747235661
0.9326226842276854
0.9852706884569912
0.9969908289318908
0.9994021295765924
0.9998843255832957
0.999978037537433
0.9999958814282552
0.9999992417922789
0.9999998629715214
0.9999999755382183
0.999999995686596
0.999999999248711
0.9999999998699467
0.9999999999778987
0.9999999999962672
0.9999999999993772
0.9999999999998967
0.9999999999999829
0.9999999999999972
0.9999999999999996
1
1
1
1
1
1
1
1
1
1
1
1
1
1
1
1
1
1
1
1
1
1
1
1
1
0.9998164934959017
0.9990973122576627
0.9956792664800881
0.979949182097027
0.9144507023506931
0.7068222210935676
0.3578712866059172
0.1172781648098138
0.03181810176234579
0.008364287870532339
0.002255090149992922
0.0006318958689242038
0.0001846390475602755
5.66556865142509e-05
1.826018610096014e-05
6.258658329372224e-06
2.281285376826148e-06
1e-06
1e-06
1e-06
1e-06
1e-06
1e-06
1e-06
1e-06
1e-06
1e-06
1e-06
1e-06
1e-06
1e-06
1e-06
1e-06
1e-06
1e-06
1e-06
1e-06
1e-06
1e-06
2.281285376826148e-06
6.258658329372224e-06
1.826018610096014e-05
5.66556865142509e-05
0.0001846390475602755
0.0006318958689242038
0.002255090149992922
0.008364287870532339
0.03181810176234579
0.1172781648098138
0.3578712866059172
0.7068222210935676
0.9144507023506931
0.979949182097027
0.9956792664800881
0.9990973122576627
0.9998164934959017
0.9999633984957091
0.9999928339861919
0.9999986227006827
0.9999997417224429
0.9999999518637747
0.9999999911927652
0.9999999984180623
0.9999999997175988
0.9999999999502035
0.9999999999913799
0.999999999998517
0.9999999999997464
0.9999999999999574
0.9999999999999929
0.9999999999999989
0.9999999999999998
1
1
1
1
1
1
1
1
1
1
1
1
1
1
1
1
1
1
1
1
1
1
1
1
1
0.999945397954848
0.9997394115759642
0.9987800105184651
0.9944800221043797
0.9759814090473591
0.9037844582893072
0.6926010414130492
0.3578712866059172
0.1244695056246369
0.03647939987561866
0.01041698352111664
0.003027689899803176
0.0009194920629980174
0.0002929005112078942
9.857292164738851e-05
3.505835505990262e-05
1.317833644032262e-05
5.300562514243268e-06
2.281285376826148e-06
1.057079060284849e-06
1e-06
1e-06
1e-06
1e-06
1e-06
1e-06
1e-06
1e-06
1e-06
1e-06
1e-06
1e-06
1e-06
1e-06
1e-06
1e-06
1.057079060284849e-06
2.281285376826148e-06
5.300562514243268e-06
1.317833644032262e-05
3.505835505990262e-05
9.857292164738851e-05
0.0002929005112078942
0.0009194920629980174
0.003027689899803176
0.01041698352111664
0.03647939987561866
0.1244695056246369
0.3578712866059172
0.6926010414130492
0.9037844582893072
0.9759814090473591
0.9944800221043797
0.9987800105184651
0.9997394115759642
0.999945397954848
0.9999888390344296
0.9999977604441854
0.9999995588348735
0.9999999146856495
0.9999999838033524
0.9999999969627329
0.9999999994408567
0.9999999998976965
0.9999999999817372
0.9999999999967397
0.9999999999994287
0.9999999999999011
0.9999999999999829
0.9999999999999971
0.9999999999999996
1
1
1
1
1
1
1
1
1
1
1
1
1
1
1
1
1
1
1
1
1
1
1
1
1
1
0.9999843436041058
0.9999270857717459
0.9996687506015222
0.9985420002733423
0.993761572915389
0.9743424029759449
0.9037844582893072
0.7068222210935676
0.3895436731160733
0.1491176267382952
0.04784463494694258
0.01481888557773248
0.004707657094599194
0.001550397532529502
0.0005418388173772382
0.0001987871845166023
7.754183742991749e-05
3.23630278649123e-05
1.436402710064399e-05
6.821771035614432e-06
3.488086216307806e-06
1.932057599907111e-06
1.152188585873404e-06
1e-06
1e-06
1e-06
1e-06
1e-06
1e-06
1e-06
1e-06
1e-06
1e-06
1.152188585873404e-06
1.932057599907111e-06
3.488086216307806e-06
6.821771035614432e-06
1.436402710064399e-05
3.23630278649123e-05
7.754183742991749e-05
0.0001987871845166023
0.0005418388173772382
0.001550397532529502
0.004707657094599194
0.01481888557773248
0.04784463494694258
0.1491176267382952
0.3895436731160733
0.7068222210935676
0.9037844582893072
0.9743424029759449
0.993761572915389
0.9985420002733423
0.9996687506015222
0.9999270857717459
0.9999843436041058
0.9999966998471148
0.9999993212938703
0.9999998629715214
0.9999999728404876
0.9999999947153611
0.9999999989843046
0.9999999998083566
0.9999999999645017
0.999999999993465
0.9999999999988189
0.9999999999997892
0.9999999999999626
0.9999999999999934
0.9999999999999989
0.9999999999999998
1
1
1
1
1
1
1
1
1
1
1
1
1
1
1
1
1
1
1
1
1
1
1
1
1
1
0.9999956468887461
0.9999803403596472
0.9999133759252556
0.9996276800544511
0.9984496024674705
0.993761572915389
0.9759814090473591
0.9144507023506931
0.7447431747235661
0.4539767964441981
0.1983048266846694
0.07094205506676043
0.02416327088497661
0.008364287870532339
0.003027689899803176
0.001154333770394311
0.0004646106232903957
0.0001987871845166023
9.099496490239112e-05
4.456748026493429e-05
2.335641822182044e-05
1.317833644032262e-05
8.054828569248329e-06
5.300562514243268e-06
3.80192210536201e-06
2.954117357178987e-06
2.486541245461105e-06
2.281285376826148e-06
2.281285376826148e-06
2.486541245461105e-06
2.954117357178987e-06
3.80192210536201e-06
5.300562514243268e-06
8.054828569248329e-06
1.317833644032262e-05
2.335641822182044e-05
4.456748026493429e-05
9.099496490239112e-05
0.0001987871845166023
0.0004646106232903957
0.001154333770394311
0.003027689899803176
0.008364287870532339
0.02416327088497661
0.07094205506676043
0.1983048266846694
0.4539767964441981
0.7447431747235661
0.9144507023506931
0.9759814090473591
0.993761572915389
0.9984496024674705
0.9996276800544511
0.9999133759252556
0.9999803403596472
0.9999956468887461
0.999999059565672
0.9999998017716825
0.9999999589810142
0.9999999916672886
0.9999999983279757
0.999999999672653
0.9999999999370847
0.9999999999879821
0.9999999999977602
0.9999999999995851
0.9999999999999241
0.9999999999999863
0.9999999999999976
0.9999999999999996
1
1
1
1
1
1
1
1
1
1
1
1
1
1
1
1
1
1
1
1
1
1
1
1
1
1
1
0.9999988335430227
0.9999948600472874
0.999978037537433
0.9999084433909884
0.9996276800544511
0.9985420002733423
0.9944800221043797
0.979949182097027
0.9326226842276854
0.8026716958352498
0.5536389523657657
0.2843313650622077
0.1172781648098138
0.04485356726280343
0.01703364117394512
0.006754497879365884
0.002812768743476912
0.001242693304143838
0.0005833417459968349
0.0002929005112078942
0.0001573433130562796
9.099496490239112e-05
5.66556865142509e-05
3.797815175765606e-05
2.740889961361237e-05
2.156073017078874e-05
1.826018610096014e-05
1.68562999425248e-05
1.68562999425248e-05
1.826018610096014e-05
2.156073017078874e-05
2.740889961361237e-05
3.797815175765606e-05
5.66556865142509e-05
9.099496490239112e-05
0.0001573433130562796
0.0002929005112078942
0.0005833417459968349
0.001242693304143838
0.002812768743476912
0.006754497879365884
0.01703364117394512
0.04485356726280343
0.1172781648098138
0.2843313650622077
0.5536389523657657
0.8026716958352498
0.9326226842276854
0.979949182097027
0.9944800221043797
0.9985420002733423
0.9996276800544511
0.9999084433909884
0.999978037537433
0.9999948600472874
0.9999988335430227
0.9999997417224429
0.9999999438581701
0.9999999880931725
0.9999999975056328
0.9999999994932873
0.9999999998976965
0.9999999999798475
0.9999999999960787
0.999999999999251
0.9999999999998587
0.9999999999999737
0.9999999999999951
0.9999999999999991
0.9999999999999998
1
1
1
1
1
1
1
1
1
1
1
1
1
1
1
1
1
1
1
1
1
1
1
1
1
1
1
0.9999996969084926
0.9999986969078408
0.9999945673437098
0.999978037537433
0.9999133759252556
0.9996687506015222
0.9987800105184651
0.9956792664800881
0.9852706884569912
0.9529894043279656
0.8643978248915769
0.678004288195777
0.4206757478512505
0.2092866334682777
0.09150592719535156
0.03916572279676434
0.01703364117394512
0.007821110096169592
0.003775707604424472
0.00194606098508554
0.001072250141784692
0.0006318958689242038
0.0003983853629819789
0.0002720559369713271
0.0001987871845166023
0.0001573433130562796
0.0001349098001772742
0.0001245387335917503
0.0001245387335917503
0.0001349098001772742
0.0001573433130562796
0.0001987871845166023
0.0002720559369713271
0.0003983853629819789
0.0006318958689242038
0.001072250141784692
0.00194606098508554
0.003775707604424472
0.007821110096169592
0.01703364117394512
0.03916572279676434
0.09150592719535156
0.2092866334682777
0.4206757478512505
0.678004288195777
0.8643978248915769
0.9529894043279656
0.9852706884569912
0.9956792664800881
0.9987800105184651
0.9996687506015222
0.9999133759252556
0.999978037537433
0.9999945673437098
0.9999986969078408
0.9999996969084926
0.9999999307923143
0.9999999845814163
0.999999996648461
0.9999999992848019
0.9999999998501727
0.9999999999691868
0.999999999993779
0.999999999998767
0.9999999999997586
0.9999999999999534
0.9999999999999911
0.9999999999999983
0.9999999999999997
1
1
1
1
1
1
1
1
1
1
1
1
1
1
1
1
1
1
1
1
1
1
1
1
1
1
1
1
0.9999999231598493
0.9999996796483295
0.9999986969078408
0.9999948600472874
0.9999803403596472
0.9999270857717459
0.9997394115759642
0.9990973122576627
0.9969908289318908
0.9904346813279084
0.9710791770525151
0.9195998861549226
0.8026716958352498
0.6016410908745222
0.3735720022342771
0.1983048266846694
0.09783293310400887
0.04784463494694258
0.02416327088497661
0.01288832217127922
0.007268407747719419
0.004374006336821723
0.002812768743476912
0.00194606098508554
0.001440190776647254
0.001154333770394311
0.0009898932386189774
0.0009194920629980174
0.0009194920629980174
0.0009898932386189774
0.001154333770394311
0.001440190776647254
0.00194606098508554
0.002812768743476912
0.004374006336821723
0.007268407747719419
0.01288832217127922
0.02416327088497661
0.04784463494694258
0.09783293310400887
0.1983048266846694
0.3735720022342771
0.6016410908745222
0.8026716958352498
0.9195998861549226
0.9710791770525151
0.9904346813279084
0.9969908289318908
0.9990973122576627
0.9997394115759642
0.9999270857717459
0.9999803403596472
0.9999948600472874
0.9999986969078408
0.9999996796483295
0.9999999231598493
0.9999999820171295
0.9999999958938058
0.9999999990795458
0.9999999997986857
0.9999999999570408
0.9999999999909449
0.9999999999981262
0.9999999999996216
0.9999999999999241
0.9999999999999851
0.9999999999999971
0.9999999999999994
0.9999999999999999
1
1
1
1
1
1
1
1
1
1
1
1
1
1
1
1
1
1
1
1
1
1
1
1
1
1
1
1
0.9999999811096647
0.9999999231598493
0.9999996969084926
0.9999988335430227
0.9999956468887461
0.9999843436041058
0.999945397954848
0.9998164934959017
0.9994021295765924
0.9981472518133697
0.9944800221043797
0.9843504290819796
0.9582059076787669
0.8982986070953465
0.7803474531206918
0.6016410908745222
0.4057558925033475
0.2448715932188932
0.1407311199310048
0.08085628067064832
0.04784463494694258
0.02979759806572568
0.01957282674836591
0.01377853176195099
0.01041698352111664
0.008364287870532339
0.007268407747719419
0.006754497879365884
0.006754497879365884
0.007268407747719419
0.008364287870532339
0.01041698352111664
0.01377853176195099
0.01957282674836591
0.02979759806572568
0.04784463494694258
0.08085628067064832
0.1407311199310048
0.2448715932188932
0.4057558925033475
0.6016410908745222
0.7803474531206918
0.8982986070953465
0.9582059076787669
0.9843504290819796
0.9944800221043797
0.9981472518133697
0.9994021295765924
0.9998164934959017
0.999945397954848
0.9999843436041058
0.9999956468887461
0.9999988335430227
0.9999996969084926
0.9999999231598493
0.9999999811096647
0.9999999954409604
0.9999999989330498
0.9999999997563734
0.9999999999453881
0.9999999999879821
0.9999999999974196
0.9999999999994561
0.9999999999998868
0.999999999999977
0.9999999999999953
0.9999999999999991
0.9999999999999998
1
1
1
1
1
1
1
1
1
1
1
1
1
1
1
1
1
1
1
1
1
1
1
1
1
1
1
1
1
0.9999999954409604
0.9999999820171295
0.9999999307923143
0.9999997417224429
0.999999059565672
0.9999966998471148
0.9999888390344296
0.9999633984957091
0.9998843255832957
0.9996498935282341
0.998979206650994
0.9971699176793772
0.9925061747027408
0.981123289782922
0.9556707716418424
0.9037844582893072
0.8122375710471457
0.678004288195777
0.5215251490102326
0.3735720022342771
0.2576035664506309
0.1767590331187793
0.1244695056246369
0.09150592719535156
0.07094205506676043
0.05832999409117168
0.05102450721573804
0.04784463494694258
0.04784463494694258
0.05102450721573804
0.05832999409117168
0.07094205506676043
0.09150592719535156
0.1244695056246369
0.1767590331187793
0.2576035664506309
0.3735720022342771
0.5215251490102326
0.678004288195777
0.8122375710471457
0.9037844582893072
0.9556707716418424
0.981123289782922
0.9925061747027408
0.9971699176793772
0.998979206650994
0.9996498935282341
0.9998843255832957
0.9999633984957091
0.9999888390344296
0.9999966998471148
0.999999059565672
0.9999997417224429
0.9999999307923143
0.9999999820171295
0.9999999954409604
0.9999999988792085
0.9999999997311649
0.9999999999370847
0.9999999999855453
0.9999999999967397
0.9999999999992826
0.9999999999998459
0.9999999999999674
0.9999999999999931
0.9999999999999987
0.9999999999999998
1
1
1
1
1
1
1
1
1
1
1
1
1
1
1
1
1
1
1
1
1
1
1
1
1
1
1
1
1
1
0.9999999989330498
0.9999999958938058
0.9999999845814163
0.9999999438581701
0.9999998017716825
0.9999993212938703
0.9999977604441854
0.9999928339861919
0.999978037537433
0.9999351310705649
0.9998164934959017
0.9994997988929204
0.9987026765374449
0.9968004437393019
0.9925061747027408
0.9833736438921183
0.9652120556207153
0.9326226842276854
0.878845067475303
0.8026716958352498
0.7068222210935676
0.6016410908745222
0.5046152535320052
0.4206757478512505
0.3578712866059172
0.3126643903583393
0.2843313650622077
0.2707601669482408
0.2707601669482408
0.2843313650622077
0.3126643903583393
0.3578712866059172
0.4206757478512505
0.5046152535320052
0.6016410908745222
0.7068222210935676
0.8026716958352498
0.878845067475303
0.9326226842276854
0.9652120556207153
0.9833736438921183
0.9925061747027408
0.9968004437393019
0.9987026765374449
0.9994997988929204
0.9998164934959017
0.9999351310705649
0.999978037537433
0.9999928339861919
0.9999977604441854
0.9999993212938703
0.9999998017716825
0.9999999438581701
0.9999999845814163
0.9999999958938058
0.9999999989330498
0.9999999997311649
0.9999999999339098
0.9999999999840496
0.9999999999962672
0.9999999999991424
0.9999999999998066
0.9999999999999574
0.9999999999999907
0.999999999999998
0.9999999999999996
0.9999999999999999
1
1
1
1
1
1
1
1
1
1
1
1
1
1
1
1
1
1
1
1
1
1
1
1
1
1
1
1
1
1
0.9999999997563734
0.9999999990795458
0.999999996648461
0.9999999880931725
0.9999999589810142
0.9999998629715214
0.9999995588348735
0.9999986227006827
0.9999958814282552
0.9999881306407445
0.9999672362098255
0.9999133759252556
0.9997806484272322
0.9994713289723447
0.9987800105184651
0.9973383765372912
0.9944800221043797
0.9891294641474724
0.979949182097027
0.9652120556207153
0.943665335968047
0.9144507023506931
0.878845067475303
0.8404444151264581
0.8026716958352498
0.7696177090533233
0.7447431747235661
0.7328695825577287
0.7328695825577287
0.7447431747235661
0.7696177090533233
0.8026716958352498
0.8404444151264581
0.878845067475303
0.9144507023506931
0.943665335968047
0.9652120556207153
0.979949182097027
0.9891294641474724
0.9944800221043797
0.9973383765372912
0.9987800105184651
0.9994713289723447
0.9997806484272322
0.9999133759252556
0.9999672362098255
0.9999881306407445
0.9999958814282552
0.9999986227006827
0.9999995588348735
0.9999998629715214
0.9999999589810142
0.9999999880931725
0.999999996648461
0.9999999990795458
0.9999999997563734
0.9999999999370847
0.9999999999840496
0.9999999999960787
0.9999999999990594
0.9999999999997785
0.9999999999999492
0.9999999999999885
0.9999999999999974
0.9999999999999994
0.9999999999999999
1
1
1
1
1
1
1
1
1
1
1
1
1
1
1
1
1
1
1
1
1
1
1
1
1
1
1
1
1
1
1
0.9999999999453881
0.9999999997986857
0.9999999992848019
0.9999999975056328
0.9999999916672886
0.9999999728404876
0.9999999146856495
0.9999997417224429
0.9999992417922789
0.9999978811085426
0.9999942579717118
0.9999851871396652
0.9999633984957091
0.9999133759252556
0.999804848354467
0.9995815194340945
0.999145906463877
0.998351358803888
0.9969908289318908
0.9948077615817006
0.9915330079539344
0.986954154342067
0.981123289782922
0.9743424029759449
0.9674148021851221
0.9608342772032357
0.9556707716418424
0.9529894043279656
0.9529894043279656
0.9556707716418424
0.9608342772032357
0.9674148021851221
0.9743424029759449
0.981123289782922
0.986954154342067
0.9915330079539344
0.9948077615817006
0.9969908289318908
0.998351358803888
0.999145906463877
0.9995815194340945
0.999804848354467
0.9999133759252556
0.9999633984957091
0.9999851871396652
0.9999942579717118
0.9999978811085426
0.9999992417922789
0.9999997417224429
0.9999999146856495
0.9999999728404876
0.9999999916672886
0.9999999975056328
0.9999999992848019
0.9999999997986857
0.9999999999453881
0.9999999999855453
0.9999999999962672
0.9999999999990594
0.9999999999997689
0.9999999999999445
0.9999999999999869
0.999999999999997
0.9999999999999993
0.9999999999999998
1
1
1
1
1
1
1
1
1
1
1
1
1
1
1
1
1
1
1
1
1
1
1
1
1
1
1
1
1
1
1
1
