FiniteElementSpace
FiniteElementCollection: H1_2D_P1
VDim: 1
Ordering: 0

0.08085628067064832
0.01288832217127922
0.00194606098508554
0.0002929005112078942
4.456748026493429e-05
6.821771035614432e-06
1.057079060284849e-06
1e-06
1e-06
1e-06
1e-06
1e-06
1e-06
1e-06
1e-06
1e-06
1e-06
1e-06
1e-06
1e-06
1e-06
1e-06
1e-06
1e-06
1e-06
1e-06
1e-06
1e-06
1e-06
1e-06
1e-06
1e-06
1e-06
1e-06
1e-06
1e-06
1e-06
1e-06
1e-06
1e-06
1e-06
1e-06
1e-06
1e-06
1e-06
1e-06
1e-06
1e-06
1e-06
1.057079060284849e-06
6.821771035614432e-06
4.456748026493429e-05
0.0002929005112078942
0.00194606098508554
0.01288832217127922
0.08085628067064832
0.3735720022342771
0.8026716958352498
0.9652120556207153
0.9948077615817006
0.9992447395139107
0.9998912286541324
0.9999843436041058
0.9999977604441854
0.9999996796483295
0.9999999544572973
0.9999999935254363
0.9999999990795458
0.9999999998699467
0.9999999999817372
0.9999999999974196
0.9999999999996376
0.9999999999999492
0.9999999999999929
0.999999999999999
0.9999999999999998
1
1
1
1
1
1
1
1
1
1
1
1
1
1
1
1
1
1
1
1
1
0.04784463494694258
0.007268407747719419
0.001072250141784692
0.0001573433130562796
2.335641822182044e-05
3.488086216307806e-06
1e-06
1e-06
1e-06
1e-06
1e-06
1e-06
1e-06
1e-06
1e-06
1e-06
1e-06
1e-06
1e-06
1e-06
1e-06
1e-06
1e-06
1e-06
1e-06
1e-06
1e-06
1e-06
1e-06
1e-06
1e-06
1e-06
1e-06
1e-06
1e-06
1e-06
1e-06
1e-06
1e-06
1e-06
1e-06
1e-06
1e-06
1e-06
1e-06
1e-06
1e-06
1e-06
1e-06
1e-06
3.488086216307806e-06
2.335641822182044e-05
0.0001573433130562796
0.001072250141784692
0.007268407747719419
0.04784463494694258
0.2576035664506309
0.7068222210935676
0.943665335968047
0.9915330079539344
0.9987800105184651
0.9998263788922388
0.9999753135353893
0.9999965119137837
0.9999995071581058
0.9999999307923143
0.9999999902814634
0.9999999986352679
0.9999999998083566
0.9999999999732534
0.9999999999962672
0.9999999999994791
0.9999999999999273
0.9999999999999899
0.9999999999999987
0.9999999999999998
1
1
1
1
1
1
1
1
1
1
1
1
1
1
1
1
1
1
1
1
1
0.02979759806572568
0.004374006336821723
0.0006318958689242038
9.099496490239112e-05
1.317833644032262e-05
1.932057599907111e-06
1e-06
1e-06
1e-06
1e-06
1e-06
1e-06
1e-06
1e-06
1e-06
1e-06
1e-06
1e-06
1e-06
1e-06
1e-06
1e-06
1e-06
1e-06
1e-06
1e-06
1e-06
1e-06
1e-06
1e-06
1e-06
1e-06
1e-06
1e-06
1e-06
1e-06
1e-06
1e-06
1e-06
1e-06
1e-06
1e-06
1e-06
1e-06
1e-06
1e-06
1e-06
1e-06
1e-06
1e-06
1.932057599907111e-06
1.317833644032262e-05
9.099496490239112e-05
0.0006318958689242038
0.004374006336821723
0.02979759806572568
0.1767590331187793
0.6016410908745222
0.9144507023506931
0.986954154342067
0.9981472518133697
0.9997394115759642
0.9999633984957091
0.9999948600472874
0.9999992826435831
0.9999998998826838
0.9999999861129308
0.9999999980618627
0.9999999997311649
0.9999999999627105
0.9999999999948277
0.9999999999992826
0.9999999999999011
0.9999999999999863
0.9999999999999981
0.9999999999999998
1
1
1
1
1
1
1
1
1
1
1
1
1
1
1
1
1
1
1
1
1
0.01957282674836591
0.002812768743476912
0.0003983853629819789
5.66556865142509e-05
8.054828569248329e-06
1.152188585873404e-06
1e-06
1e-06
1e-06
1e-06
1e-06
1e-06
1e-06
1e-06
1e-06
1e-06
1e-06
1e-06
1e-06
1e-06
1e-06
1e-06
1e-06
1e-06
1e-06
1e-06
1e-06
1e-06
1e-06
1e-06
1e-06
1e-06
1e-06
1e-06
1e-06
1e-06
1e-06
1e-06
1e-06
1e-06
1e-06
1e-06
1e-06
1e-06
1e-06
1e-06
1e-06
1e-06
1e-06
1e-06
1.152188585873404e-06
8.054828569248329e-06
5.66556865142509e-05
0.0003983853629819789
0.002812768743476912
0.01957282674836591
0.1244695056246369
0.5046152535320052
0.878845067475303
0.981123289782922
0.9973383765372912
0.9996276800544511
0.9999483396963473
0.9999928339861919
0.9999990060107602
0.9999998629715214
0.9999999811096647
0.9999999973797602
0.9999999996387816
0.9999999999502035
0.9999999999931773
0.9999999999990594
0.9999999999998712
0.9999999999999822
0.9999999999999976
0.9999999999999997
1
1
1
1
1
1
1
1
1
1
1
1
1
1
1
1
1
1
1
1
1
0.01377853176195099
0.00194606098508554
0.0002720559369713271
3.797815175765606e-05
5.300562514243268e-06
1e-06
1e-06
1e-06
1e-06
1e-06
1e-06
1e-06
1e-06
1e-06
1e-06
1e-06
1e-06
1e-06
1e-06
1e-06
1e-06
1e-06
1e-06
1e-06
1e-06
1e-06
1e-06
1e-06
1e-06
1e-06
1e-06
1e-06
1e-06
1e-06
1e-06
1e-06
1e-06
1e-06
1e-06
1e-06
1e-06
1e-06
1e-06
1e-06
1e-06
1e-06
1e-06
1e-06
1e-06
1e-06
1e-06
5.300562514243268e-06
3.797815175765606e-05
0.0002720559369713271
0.00194606098508554
0.01377853176195099
0.09150592719535156
0.4206757478512505
0.8404444151264581
0.9743424029759449
0.9963829090706224
0.9994997988929204
0.9999310140329325
0.9999905475843207
0.9999986969078408
0.9999998214615258
0.9999999755382183
0.999999996648461
0.9999999995408015
0.9999999999370847
0.9999999999913799
0.9999999999988189
0.9999999999998381
0.999999999999978
0.999999999999997
0.9999999999999996
1
1
1
1
1
1
1
1
1
1
1
1
1
1
1
1
1
1
1
1
1
0.01041698352111664
0.001440190776647254
0.0001987871845166023
2.740889961361237e-05
3.80192210536201e-06
1e-06
1e-06
1e-06
1e-06
1e-06
1e-06
1e-06
1e-06
1e-06
1e-06
1e-06
1e-06
1e-06
1e-06
1e-06
1e-06
1e-06
1e-06
1e-06
1e-06
1e-06
1e-06
1e-06
1e-06
1e-06
1e-06
1e-06
1e-06
1e-06
1e-06
1e-06
1e-06
1e-06
1e-06
1e-06
1e-06
1e-06
1e-06
1e-06
1e-06
1e-06
1e-06
1e-06
1e-06
1e-06
1e-06
3.80192210536201e-06
2.740889961361237e-05
0.0001987871845166023
0.001440190776647254
0.01041698352111664
0.07094205506676043
0.3578712866059172
0.8026716958352498
0.9674148021851221
0.995406283275735
0.9993681041310758
0.9999133759252556
0.9999881306407445
0.9999983837246648
0.9999997785518022
0.9999999698452418
0.9999999958938058
0.9999999994408567
0.9999999999233911
0.9999999999895681
0.9999999999985795
0.9999999999998066
0.9999999999999737
0.9999999999999964
0.9999999999999996
1
1
1
1
1
1
1
1
1
1
1
1
1
1
1
1
1
1
1
1
1
0.008364287870532339
0.001154333770394311
0.0001573433130562796
2.156073017078874e-05
2.954117357178987e-06
1e-06
1e-06
1e-06
1e-06
1e-06
1e-06
1e-06
1e-06
1e-06
1e-06
1e-06
1e-06
1e-06
1e-06
1e-06
1e-06
1e-06
1e-06
1e-06
1e-06
1e-06
1e-06
1e-06
1e-06
1e-06
1e-06
1e-06
1e-06
1e-06
1e-06
1e-06
1e-06
1e-06
1e-06
1e-06
1e-06
1e-06
1e-06
1e-06
1e-06
1e-06
1e-06
1e-06
1e-06
1e-06
1e-06
2.954117357178987e-06
2.156073017078874e-05
0.0001573433130562796
0.001154333770394311
0.008364287870532339
0.05832999409117168
0.3126643903583393
0.7696177090533233
0.9608342772032357
0.9944800221043797
0.9992447395139107
0.9998970885222219
0.9999859852278388
0.9999980915757906
0.9999997417224429
0.9999999648301606
0.9999999952108988
0.9999999993518656
0.999999999911743
0.9999999999879821
0.9999999999983735
0.9999999999997785
0.99999999999997
0.9999999999999959
0.9999999999999994
1
1
1
1
1
1
1
1
1
1
1
1
1
1
1
1
1
1
1
1
1
0.007268407747719419
0.0009898932386189774
0.0001349098001772742
1.826018610096014e-05
2.486541245461105e-06
1e-06
1e-06
1e-06
1e-06
1e-06
1e-06
1e-06
1e-06
1e-06
1e-06
1e-06
1e-06
1e-06
1e-06
1e-06
1e-06
1e-06
1e-06
1e-06
1e-06
1e-06
1e-06
1e-06
1e-06
1e-06
1e-06
1e-06
1e-06
1e-06
1e-06
1e-06
1e-06
1e-06
1e-06
1e-06
1e-06
1e-06
1e-06
1e-06
1e-06
1e-06
1e-06
1e-06
1e-06
1e-06
1e-06
2.486541245461105e-06
1.826018610096014e-05
0.0001349098001772742
0.0009898932386189774
0.007268407747719419
0.05102450721573804
0.2843313650622077
0.7447431747235661
0.9556707716418424
0.993761572915389
0.999145906463877
0.9998843255832957
0.9999843436041058
0.9999978811085426
0.9999997114685737
0.999999960951508
0.9999999947153611
0.9999999992848019
0.999999999902611
0.9999999999868199
0.9999999999982163
0.9999999999997586
0.9999999999999674
0.9999999999999956
0.9999999999999993
1
1
1
1
1
1
1
1
1
1
1
1
1
1
1
1
1
1
1
1
1
0.006754497879365884
0.0009194920629980174
0.0001245387335917503
1.68562999425248e-05
2.281285376826148e-06
1e-06
1e-06
1e-06
1e-06
1e-06
1e-06
1e-06
1e-06
1e-06
1e-06
1e-06
1e-06
1e-06
1e-06
1e-06
1e-06
1e-06
1e-06
1e-06
1e-06
1e-06
1e-06
1e-06
1e-06
1e-06
1e-06
1e-06
1e-06
1e-06
1e-06
1e-06
1e-06
1e-06
1e-06
1e-06
1e-06
1e-06
1e-06
1e-06
1e-06
1e-06
1e-06
1e-06
1e-06
1e-06
1e-06
2.281285376826148e-06
1.68562999425248e-05
0.0001245387335917503
0.0009194920629980174
0.006754497879365884
0.04784463494694258
0.2707601669482408
0.7328695825577287
0.9529894043279656
0.9933682371479975
0.9990973122576627
0.9998777390713425
0.9999834520332278
0.9999977604441854
0.9999996969084926
0.9999999589810142
0.9999999944486837
0.999999999248711
0.9999999998976965
0.9999999999861547
0.9999999999981262
0.9999999999997464
0.9999999999999657
0.9999999999999953
0.9999999999999993
0.9999999999999999
1
1
1
1
1
1
1
1
1
1
1
1
1
1
1
1
1
1
1
1
