FiniteElementSpace
FiniteElementCollection: H1_3D_P1
VDim: 1
Ordering: 0

1e-06
2.189712744349315e-06
9.589294966527717e-06
4.074096169426333e-05
0.0001675397445783933
0.0006650921779539076
0.002539595086740898
0.009269181419144679
0.03187678393495591
0.09961294553463701
0.2613042681334147
0.5175050926618967
0.7544711157985985
0.8923257124338273
0.9544607704351452
0.9802039414736534
0.9908965529152542
0.9955117488571487
0.9976100838004605
0.9986187902929033
0.9991303387931583
0.9994016057697662
0.9995489260106702
0.9996267890246404
0.9996606357086776
0.9996606357086776
0.9996267890246404
0.9995489260106702
0.9994016057697662
0.9991303387931583
0.9986187902929033
0.9976100838004605
0.9955117488571487
0.9908965529152542
0.9802039414736534
0.9544607704351452
0.8923257124338273
0.7544711157985985
0.5175050926618967
0.2613042681334147
0.09961294553463701
0.03187678393495591
0.009269181419144679
0.002539595086740898
0.0006650921779539076
0.0001675397445783933
4.074096169426333e-05
9.589294966527717e-06
2.189712744349315e-06
1e-06
1e-06
1e-06
1e-06
1e-06
1e-06
1e-06
1e-06
1e-06
1e-06
1e-06
1e-06
1e-06
1e-06
1e-06
1e-06
1e-06
1e-06
1e-06
1e-06
1e-06
1e-06
1e-06
1e-06
1e-06
1e-06
1e-06
1e-06
1e-06
1e-06
1e-06
1e-06
1.754265768205698e-06
8.153163445545619e-06
3.687378568340005e-05
0.0001619295259086551
0.0006887012788283076
0.002826428917355184
0.01111226893694706
0.04106256317788232
0.1352204043239518
0.3528982442169535
0.6441729848975905
0.8507233891402558
0.9442805691144948
0.9793447054726219
0.9920181564190662
0.9967206339573542
0.9985538054797072
0.9993112761469574
0.9996441048377371
0.999799613670352
0.9998766054240138
0.9999166283617278
0.999938024609387
0.9999492047949439
0.9999540312145894
0.9999540312145894
0.9999492047949439
0.999938024609387
0.9999166283617278
0.9998766054240138
0.999799613670352
0.9996441048377371
0.9993112761469574
0.9985538054797072
0.9967206339573542
0.9920181564190662
0.9793447054726219
0.9442805691144948
0.8507233891402558
0.6441729848975905
0.3528982442169535
0.1352204043239518
0.04106256317788232
0.01111226893694706
0.002826428917355184
0.0006887012788283076
0.0001619295259086551
3.687378568340005e-05
8.153163445545619e-06
1.754265768205698e-06
1e-06
1e-06
1e-06
1e-06
1e-06
1e-06
1e-06
1e-06
1e-06
1e-06
1e-06
1e-06
1e-06
1e-06
1e-06
1e-06
1e-06
1e-06
1e-06
1e-06
1e-06
1e-06
1e-06
1e-06
1e-06
1e-06
1e-06
1e-06
1e-06
1e-06
1e-06
6.094827515068513e-06
2.923680382899141e-05
0.0001366136317022537
0.0006203122952225804
0.002727334662981529
0.01152307673310343
0.04575050205320447
0.1594447256264711
0.4185038650198917
0.7229617233820971
0.9000991203444957
0.9672182433440216
0.9891613434236723
0.996247357802202
0.9986187902929033
0.9994552879548504
0.9997684963529226
0.9998934301773079
0.9999466097381873
0.9999707592841394
0.999982420360634
0.9999883552304547
0.9999914747032441
0.9999930846689192
0.9999937744615761
0.9999937744615761
0.9999930846689192
0.9999914747032441
0.9999883552304547
0.999982420360634
0.9999707592841394
0.9999466097381873
0.9998934301773079
0.9997684963529226
0.9994552879548504
0.9986187902929033
0.996247357802202
0.9891613434236723
0.9672182433440216
0.9000991203444957
0.7229617233820971
0.4185038650198917
0.1594447256264711
0.04575050205320447
0.01152307673310343
0.002727334662981529
0.0006203122952225804
0.0001366136317022537
2.923680382899141e-05
6.094827515068513e-06
1.240103591759745e-06
1e-06
1e-06
1e-06
1e-06
1e-06
1e-06
1e-06
1e-06
1e-06
1e-06
1e-06
1e-06
1e-06
1e-06
1e-06
1e-06
1e-06
1e-06
1e-06
1e-06
1e-06
1e-06
1e-06
1e-06
1e-06
1e-06
1e-06
1e-06
1e-06
1e-06
2.033878834872827e-05
0.0001007225221241748
0.000486338994682034
0.002282270544053888
0.01033437516736541
0.04413270386442952
0.1647037564319837
0.4478006912161199
0.7619750296397481
0.9235865650327284
0.9775180194058957
0.9933071490757152
0.9979147643588351
0.9993112761469574
0.9997571121921454
0.9999080096791454
0.9999623801687798
0.9999832985781518
0.999991908445476
0.9999957002079625
0.9999974820158524
0.9999983680909497
0.9999988252292957
0.9999990579590972
0.9999991568446749
0.9999991568446749
0.9999990579590972
0.9999988252292957
0.9999983680909497
0.9999974820158524
0.9999957002079625
0.999991908445476
0.9999832985781518
0.9999623801687798
0.9999080096791454
0.9997571121921454
0.9993112761469574
0.9979147643588351
0.9933071490757152
0.9775180194058957
0.9235865650327284
0.7619750296397481
0.4478006912161199
0.1647037564319837
0.04413270386442952
0.01033437516736541
0.002282270544053888
0.000486338994682034
0.0001007225221241748
2.033878834872827e-05
4.013045161066486e-06
1e-06
1e-06
1e-06
1e-06
1e-06
1e-06
1e-06
1e-06
1e-06
1e-06
1e-06
1e-06
1e-06
1e-06
1e-06
1e-06
1e-06
1e-06
1e-06
1e-06
1e-06
1e-06
1e-06
1e-06
1e-06
1e-06
1e-06
1e-06
1e-06
1e-06
6.503043073008419e-05
0.0003324727925698712
0.001658213948795395
0.008019079770485105
0.03684494428386714
0.1493468262593726
0.4379765511991168
0.7693258316757621
0.9320471296559347
0.9818208192124133
0.9950931003770964
0.9986187902929033
0.9995896560420652
0.9998704414903514
0.9999562737227816
0.9999841339930673
0.9999937744615761
0.9999973426847711
0.9999987588247453
0.9999993619593481
0.9999996370459385
0.9999997703915178
0.9999998377811621
0.9999998715728127
0.9999998857980328
0.9999998857980328
0.9999998715728127
0.9999998377811621
0.9999997703915178
0.9999996370459385
0.9999993619593481
0.9999987588247453
0.9999973426847711
0.9999937744615761
0.9999841339930673
0.9999562737227816
0.9998704414903514
0.9995896560420652
0.9986187902929033
0.9950931003770964
0.9818208192124133
0.9320471296559347
0.7693258316757621
0.4379765511991168
0.1493468262593726
0.03684494428386714
0.008019079770485105
0.001658213948795395
0.0003324727925698712
6.503043073008419e-05
1.244260555677279e-05
2.333250184893831e-06
1e-06
1e-06
1e-06
1e-06
1e-06
1e-06
1e-06
1e-06
1e-06
1e-06
1e-06
1e-06
1e-06
1e-06
1e-06
1e-06
1e-06
1e-06
1e-06
1e-06
1e-06
1e-06
1e-06
1e-06
1e-06
1e-06
1e-06
1e-06
1e-06
0.00019870319620785
0.001048363488123816
0.005390292263184548
0.0265873332874022
0.1181971616668989
0.3898380541063252
0.7468157089908961
0.9293256953783313
0.982580982566098
0.995707828980201
0.9989033020744507
0.9997058590207343
0.9999166283617278
0.9999748814544687
0.999991908445476
0.9999971958626437
0.9999989478335694
0.9999995697099971
0.9999998069213452
0.9999999043099481
0.9999999472899581
0.999999967542076
0.9999999775445081
0.9999999824757924
0.999999984530242
0.999999984530242
0.9999999824757924
0.9999999775445081
0.999999967542076
0.9999999472899581
0.9999999043099481
0.9999998069213452
0.9999995697099971
0.9999989478335694
0.9999971958626437
0.999991908445476
0.9999748814544687
0.9999166283617278
0.9997058590207343
0.9989033020744507
0.995707828980201
0.982580982566098
0.9293256953783313
0.7468157089908961
0.3898380541063252
0.1181971616668989
0.0265873332874022
0.005390292263184548
0.001048363488123816
0.00019870319620785
3.687378568340005e-05
6.714551543052227e-06
1.201722995114451e-06
1e-06
1e-06
1e-06
1e-06
1e-06
1e-06
1e-06
1e-06
1e-06
1e-06
1e-06
1e-06
1e-06
1e-06
1e-06
1e-06
1e-06
1e-06
1e-06
1e-06
1e-06
1e-06
1e-06
1e-06
1e-06
1e-06
1e-06
1e-06
1e-06
2.189712744349315e-06
9.589294966527717e-06
4.074096169426333e-05
0.0001675397445783933
0.0006650921779539076
0.002539595086740898
0.009269181419144679
0.03187678393495591
0.09961294553463701
0.2613042681334147
0.5175050926618967
0.7544711157985985
0.8923257124338273
0.9544607704351452
0.9802039414736534
0.9908965529152542
0.9955117488571487
0.9976100838004605
0.9986187902929033
0.9991303387931583
0.9994016057697662
0.9995489260106702
0.9996267890246404
0.9996606357086776
0.9996606357086776
0.9996267890246404
0.9995489260106702
0.9994016057697662
0.9991303387931583
0.9986187902929033
0.9976100838004605
0.9955117488571487
0.9908965529152542
0.9802039414736534
0.9544607704351452
0.8923257124338273
0.7544711157985985
0.5175050926618967
0.2613042681334147
0.09961294553463701
0.03187678393495591
0.009269181419144679
0.002539595086740898
0.0006650921779539076
0.0001675397445783933
4.074096169426333e-05
9.589294966527717e-06
2.189712744349315e-06
1e-06
1e-06
1e-06
1e-06
1e-06
1e-06
1e-06
1e-06
1e-06
1e-06
1e-06
1e-06
1e-06
1e-06
1e-06
1e-06
1e-06
1e-06
1e-06
1e-06
1e-06
1e-06
1e-06
1e-06
1e-06
1e-06
1e-06
1e-06
1e-06
1e-06
1e-06
1e-06
1.754265768205698e-06
8.153163445545619e-06
3.687378568340005e-05
0.0001619295259086551
0.0006887012788283076
0.002826428917355184
0.01111226893694706
0.04106256317788232
0.1352204043239518
0.3528982442169535
0.6441729848975905
0.8507233891402558
0.9442805691144948
0.9793447054726219
0.9920181564190662
0.9967206339573542
0.9985538054797072
0.9993112761469574
0.9996441048377371
0.999799613670352
0.9998766054240138
0.9999166283617278
0.999938024609387
0.9999492047949439
0.9999540312145894
0.9999540312145894
0.9999492047949439
0.999938024609387
0.9999166283617278
0.9998766054240138
0.999799613670352
0.9996441048377371
0.9993112761469574
0.9985538054797072
0.9967206339573542
0.9920181564190662
0.9793447054726219
0.9442805691144948
0.8507233891402558
0.6441729848975905
0.3528982442169535
0.1352204043239518
0.04106256317788232
0.01111226893694706
0.002826428917355184
0.0006887012788283076
0.0001619295259086551
3.687378568340005e-05
8.153163445545619e-06
1.754265768205698e-06
1e-06
1e-06
1e-06
1e-06
1e-06
1e-06
1e-06
1e-06
1e-06
1e-06
1e-06
1e-06
1e-06
1e-06
1e-06
1e-06
1e-06
1e-06
1e-06
1e-06
1e-06
1e-06
1e-06
1e-06
1e-06
1e-06
1e-06
1e-06
1e-06
1e-06
1e-06
6.094827515068513e-06
2.923680382899141e-05
0.0001366136317022537
0.0006203122952225804
0.002727334662981529
0.01152307673310343
0.04575050205320447
0.1594447256264711
0.4185038650198917
0.7229617233820971
0.9000991203444957
0.9672182433440216
0.9891613434236723
0.996247357802202
0.9986187902929033
0.9994552879548504
0.9997684963529226
0.9998934301773079
0.9999466097381873
0.9999707592841394
0.999982420360634
0.9999883552304547
0.9999914747032441
0.9999930846689192
0.9999937744615761
0.9999937744615761
0.9999930846689192
0.9999914747032441
0.9999883552304547
0.999982420360634
0.9999707592841394
0.9999466097381873
0.9998934301773079
0.9997684963529226
0.9994552879548504
0.9986187902929033
0.996247357802202
0.9891613434236723
0.9672182433440216
0.9000991203444957
0.7229617233820971
0.4185038650198917
0.1594447256264711
0.04575050205320447
0.01152307673310343
0.002727334662981529
0.0006203122952225804
0.0001366136317022537
2.923680382899141e-05
6.094827515068513e-06
1.240103591759745e-06
1e-06
1e-06
1e-06
1e-06
1e-06
1e-06
1e-06
1e-06
1e-06
1e-06
1e-06
1e-06
1e-06
1e-06
1e-06
1e-06
1e-06
1e-06
1e-06
1e-06
1e-06
1e-06
1e-06
1e-06
1e-06
1e-06
1e-06
1e-06
1e-06
1e-06
2.033878834872827e-05
0.0001007225221241748
0.000486338994682034
0.002282270544053888
0.01033437516736541
0.04413270386442952
0.1647037564319837
0.4478006912161199
0.7619750296397481
0.9235865650327284
0.9775180194058957
0.9933071490757152
0.9979147643588351
0.9993112761469574
0.9997571121921454
0.9999080096791454
0.9999623801687798
0.9999832985781518
0.999991908445476
0.9999957002079625
0.9999974820158524
0.9999983680909497
0.9999988252292957
0.9999990579590972
0.9999991568446749
0.9999991568446749
0.9999990579590972
0.9999988252292957
0.9999983680909497
0.9999974820158524
0.9999957002079625
0.999991908445476
0.9999832985781518
0.9999623801687798
0.9999080096791454
0.9997571121921454
0.9993112761469574
0.9979147643588351
0.9933071490757152
0.9775180194058957
0.9235865650327284
0.7619750296397481
0.4478006912161199
0.1647037564319837
0.04413270386442952
0.01033437516736541
0.002282270544053888
0.000486338994682034
0.0001007225221241748
2.033878834872827e-05
4.013045161066486e-06
1e-06
1e-06
1e-06
1e-06
1e-06
1e-06
1e-06
1e-06
1e-06
1e-06
1e-06
1e-06
1e-06
1e-06
1e-06
1e-06
1e-06
1e-06
1e-06
1e-06
1e-06
1e-06
1e-06
1e-06
1e-06
1e-06
1e-06
1e-06
1e-06
1e-06
6.503043073008419e-05
0.0003324727925698712
0.001658213948795395
0.008019079770485105
0.03684494428386714
0.1493468262593726
0.4379765511991168
0.7693258316757621
0.9320471296559347
0.9818208192124133
0.9950931003770964
0.9986187902929033
0.9995896560420652
0.9998704414903514
0.9999562737227816
0.9999841339930673
0.9999937744615761
0.9999973426847711
0.9999987588247453
0.9999993619593481
0.9999996370459385
0.9999997703915178
0.9999998377811621
0.9999998715728127
0.9999998857980328
0.9999998857980328
0.9999998715728127
0.9999998377811621
0.9999997703915178
0.9999996370459385
0.9999993619593481
0.9999987588247453
0.9999973426847711
0.9999937744615761
0.9999841339930673
0.9999562737227816
0.9998704414903514
0.9995896560420652
0.9986187902929033
0.9950931003770964
0.9818208192124133
0.9320471296559347
0.7693258316757621
0.4379765511991168
0.1493468262593726
0.03684494428386714
0.008019079770485105
0.001658213948795395
0.0003324727925698712
6.503043073008419e-05
1.244260555677279e-05
2.333250184893831e-06
1e-06
1e-06
1e-06
1e-06
1e-06
1e-06
1e-06
1e-06
1e-06
1e-06
1e-06
1e-06
1e-06
1e-06
1e-06
1e-06
1e-06
1e-06
1e-06
1e-06
1e-06
1e-06
1e-06
1e-06
1e-06
1e-06
1e-06
1e-06
1e-06
0.00019870319620785
0.001048363488123816
0.005390292263184548
0.0265873332874022
0.1181971616668989
0.3898380541063252
0.7468157089908961
0.9293256953783313
0.982580982566098
0.995707828980201
0.9989033020744507
0.9997058590207343
0.9999166283617278
0.9999748814544687
0.999991908445476
0.9999971958626437
0.9999989478335694
0.9999995697099971
0.9999998069213452
0.9999999043099481
0.9999999472899581
0.999999967542076
0.9999999775445081
0.9999999824757924
0.999999984530242
0.999999984530242
0.9999999824757924
0.9999999775445081
0.999999967542076
0.9999999472899581
0.9999999043099481
0.9999998069213452
0.9999995697099971
0.9999989478335694
0.9999971958626437
0.999991908445476
0.9999748814544687
0.9999166283617278
0.9997058590207343
0.9989033020744507
0.995707828980201
0.982580982566098
0.9293256953783313
0.7468157089908961
0.3898380541063252
0.1181971616668989
0.0265873332874022
0.005390292263184548
0.001048363488123816
0.00019870319620785
3.687378568340005e-05
6.714551543052227e-06
1.201722995114451e-06
1e-06
1e-06
1e-06
1e-06
1e-06
1e-06
1e-06
1e-06
1e-06
1e-06
1e-06
1e-06
1e-06
1e-06
1e-06
1e-06
1e-06
1e-06
1e-06
1e-06
1e-06
1e-06
1e-06
1e-06
1e-06
1e-06
1e-06
1e-06
