FiniteElementSpace
FiniteElementCollection: H1_3D_P1
VDim: 1
Ordering: 0

0.7229617233820971
0.9506151685737203
0.9930052591450345
0.999045638680887
0.9998704414903514
0.999982420360634
0.999997614227975
0.9999996761236805
0.9999999560164196
0.9999999940242177
0.9999999991876714
0.9999999998895024
0.9999999999849574
0.9999999999979501
0.9999999999997202
0.9999999999999618
0.9999999999999948
0.9999999999999993
0.9999999999999999
1
1
1
1
1
1
1
1
1
1
1
1
0.9999999999999999
0.9999999999999993
0.9999999999999948
0.9999999999999618
0.9999999999997202
0.9999999999979501
0.9999999999849574
0.9999999998895024
0.9999999991876714
0.9999999940242177
0.9999999560164196
0.9999996761236805
0.999997614227975
0.999982420360634
0.9998704414903514
0.999045638680887
0.9930052591450345
0.9506151685737203
0.7229617233820971
0.2613042681334147
0.04575050205320447
0.006455466465385418
0.0008796758567071183
0.0001192834588044644
1.616286609884554e-05
2.189712744349315e-06
1e-06
1e-06
1e-06
1e-06
1e-06
1e-06
1e-06
1e-06
1e-06
1e-06
1e-06
1e-06
1e-06
1e-06
1e-06
1e-06
1e-06
1e-06
1e-06
1e-06
1e-06
1e-06
1e-06
1e-06
0.7310585786300049
0.9525741268224333
0.9933071490757152
0.9990889488055994
0.9998766054240138
0.9999832985781518
0.999997739675702
0.9999996940977731
0.9999999586006245
0.9999999943972036
0.9999999992417439
0.9999999998973812
0.999999999986112
0.9999999999981204
0.9999999999997456
0.9999999999999656
0.9999999999999953
0.9999999999999993
0.9999999999999999
1
1
1
1
1
1
1
1
1
1
1
1
0.9999999999999999
0.9999999999999993
0.9999999999999953
0.9999999999999656
0.9999999999997456
0.9999999999981204
0.999999999986112
0.9999999998973812
0.9999999992417439
0.9999999943972036
0.9999999586006245
0.9999996940977731
0.999997739675702
0.9999832985781518
0.9998766054240138
0.9990889488055994
0.9933071490757152
0.9525741268224333
0.7310585786300049
0.2689414213699951
0.0474258731775668
0.006692850924284843
0.0009110511944006583
0.0001233945759862576
1.670142184811985e-05
2.26032429789802e-06
1e-06
1e-06
1e-06
1e-06
1e-06
1e-06
1e-06
1e-06
1e-06
1e-06
1e-06
1e-06
1e-06
1e-06
1e-06
1e-06
1e-06
1e-06
1e-06
1e-06
1e-06
1e-06
1e-06
1e-06
0.7229617233820971
0.9506151685737203
0.9930052591450345
0.999045638680887
0.9998704414903514
0.999982420360634
0.999997614227975
0.9999996761236805
0.9999999560164196
0.9999999940242177
0.9999999991876714
0.9999999998895024
0.9999999999849574
0.9999999999979501
0.9999999999997202
0.9999999999999618
0.9999999999999948
0.9999999999999993
0.9999999999999999
1
1
1
1
1
1
1
1
1
1
1
1
0.9999999999999999
0.9999999999999993
0.9999999999999948
0.9999999999999618
0.9999999999997202
0.9999999999979501
0.9999999999849574
0.9999999998895024
0.9999999991876714
0.9999999940242177
0.9999999560164196
0.9999996761236805
0.999997614227975
0.999982420360634
0.9998704414903514
0.999045638680887
0.9930052591450345
0.9506151685737203
0.7229617233820971
0.2613042681334147
0.04575050205320447
0.006455466465385418
0.0008796758567071183
0.0001192834588044644
1.616286609884554e-05
2.189712744349315e-06
1e-06
1e-06
1e-06
1e-06
1e-06
1e-06
1e-06
1e-06
1e-06
1e-06
1e-06
1e-06
1e-06
1e-06
1e-06
1e-06
1e-06
1e-06
1e-06
1e-06
1e-06
1e-06
1e-06
1e-06
0.6978342283859246
0.9442805691144948
0.9920181564190662
0.9989033020744507
0.9998500921999277
0.9999795070348305
0.9999971958626437
0.9999996158260469
0.9999999472899581
0.9999999927553372
0.9999999990021694
0.9999999998622129
0.9999999999809132
0.9999999999973455
0.999999999999629
0.9999999999999478
0.9999999999999926
0.9999999999999989
0.9999999999999998
1
1
1
1
1
1
1
1
1
1
1
1
0.9999999999999998
0.9999999999999989
0.9999999999999926
0.9999999999999478
0.999999999999629
0.9999999999973455
0.9999999999809132
0.9999999998622129
0.9999999990021694
0.9999999927553372
0.9999999472899581
0.9999996158260469
0.9999971958626437
0.9999795070348305
0.9998500921999277
0.9989033020744507
0.9920181564190662
0.9442805691144948
0.6978342283859246
0.2392815907043384
0.04106256317788232
0.005793186276885853
0.0007919827896912812
0.0001077662991608164
1.465071452250166e-05
1.991030147641126e-06
1e-06
1e-06
1e-06
1e-06
1e-06
1e-06
1e-06
1e-06
1e-06
1e-06
1e-06
1e-06
1e-06
1e-06
1e-06
1e-06
1e-06
1e-06
1e-06
1e-06
1e-06
1e-06
1e-06
1e-06
0.6534003800398833
0.9320471296559347
0.9900655456877525
0.9986187902929033
0.9998090487063541
0.9999735746564591
0.9999963349701023
0.9999994902975484
0.9999999288859187
0.9999999900400443
0.9999999985986281
0.999999999801725
0.9999999999717544
0.9999999999959417
0.9999999999994106
0.9999999999999132
0.9999999999999869
0.999999999999998
0.9999999999999997
1
1
1
1
1
1
1
1
1
1
1
1
0.9999999999999997
0.999999999999998
0.9999999999999869
0.9999999999999132
0.9999999999994106
0.9999999999959417
0.9999999999717544
0.999999999801725
0.9999999985986281
0.9999999900400443
0.9999999288859187
0.9999994902975484
0.9999963349701023
0.9999735746564591
0.9998090487063541
0.9986187902929033
0.9900655456877525
0.9320471296559347
0.6534003800398833
0.2055879432029922
0.03427240136814658
0.004838478236840749
0.0006650921779539076
9.102366522778516e-05
1.244260555677279e-05
1.699679082589611e-06
1e-06
1e-06
1e-06
1e-06
1e-06
1e-06
1e-06
1e-06
1e-06
1e-06
1e-06
1e-06
1e-06
1e-06
1e-06
1e-06
1e-06
1e-06
1e-06
1e-06
1e-06
1e-06
1e-06
1e-06
0.5869166917052644
0.910846127779919
0.9865391880045158
0.9980964789717006
0.9997326816142872
0.9999623801687798
0.9999946852198697
0.9999992456086368
0.9999998923247956
0.999999984530242
0.9999999977599822
0.9999999996725693
0.9999999999515841
0.9999999999927383
0.9999999999988913
0.9999999999998268
0.9999999999999721
0.9999999999999953
0.9999999999999991
0.9999999999999998
1
1
1
1
1
1
1
1
1
1
0.9999999999999998
0.9999999999999991
0.9999999999999953
0.9999999999999721
0.9999999999998268
0.9999999999988913
0.9999999999927383
0.9999999999515841
0.9999999996725693
0.9999999977599822
0.999999984530242
0.9999998923247956
0.9999992456086368
0.9999946852198697
0.9999623801687798
0.9997326816142872
0.9980964789717006
0.9865391880045158
0.910846127779919
0.5869166917052644
0.1647037564319837
0.0265873332874022
0.003762983765588368
0.0005212987653031576
7.19186800308691e-05
9.906063573816848e-06
1.362885297950811e-06
1e-06
1e-06
1e-06
1e-06
1e-06
1e-06
1e-06
1e-06
1e-06
1e-06
1e-06
1e-06
1e-06
1e-06
1e-06
1e-06
1e-06
1e-06
1e-06
1e-06
1e-06
1e-06
1e-06
1e-06
0.7229617233820971
0.9506151685737203
0.9930052591450345
0.999045638680887
0.9998704414903514
0.999982420360634
0.999997614227975
0.9999996761236805
0.9999999560164196
0.9999999940242177
0.9999999991876714
0.9999999998895024
0.9999999999849574
0.9999999999979501
0.9999999999997202
0.9999999999999618
0.9999999999999948
0.9999999999999993
0.9999999999999999
1
1
1
1
1
1
1
1
1
1
1
1
0.9999999999999999
0.9999999999999993
0.9999999999999948
0.9999999999999618
0.9999999999997202
0.9999999999979501
0.9999999999849574
0.9999999998895024
0.9999999991876714
0.9999999940242177
0.9999999560164196
0.9999996761236805
0.999997614227975
0.999982420360634
0.9998704414903514
0.999045638680887
0.9930052591450345
0.9506151685737203
0.7229617233820971
0.2613042681334147
0.04575050205320447
0.006455466465385418
0.0008796758567071183
0.0001192834588044644
1.616286609884554e-05
2.189712744349315e-06
1e-06
1e-06
1e-06
1e-06
1e-06
1e-06
1e-06
1e-06
1e-06
1e-06
1e-06
1e-06
1e-06
1e-06
1e-06
1e-06
1e-06
1e-06
1e-06
1e-06
1e-06
1e-06
1e-06
1e-06
0.7310585786300049
0.9525741268224333
0.9933071490757152
0.9990889488055994
0.9998766054240138
0.9999832985781518
0.999997739675702
0.9999996940977731
0.9999999586006245
0.9999999943972036
0.9999999992417439
0.9999999998973812
0.999999999986112
0.9999999999981204
0.9999999999997456
0.9999999999999656
0.9999999999999953
0.9999999999999993
0.9999999999999999
1
1
1
1
1
1
1
1
1
1
1
1
0.9999999999999999
0.9999999999999993
0.9999999999999953
0.9999999999999656
0.9999999999997456
0.9999999999981204
0.999999999986112
0.9999999998973812
0.9999999992417439
0.9999999943972036
0.9999999586006245
0.9999996940977731
0.999997739675702
0.9999832985781518
0.9998766054240138
0.9990889488055994
0.9933071490757152
0.9525741268224333
0.7310585786300049
0.2689414213699951
0.0474258731775668
0.006692850924284843
0.0009110511944006583
0.0001233945759862576
1.670142184811985e-05
2.26032429789802e-06
1e-06
1e-06
1e-06
1e-06
1e-06
1e-06
1e-06
1e-06
1e-06
1e-06
1e-06
1e-06
1e-06
1e-06
1e-06
1e-06
1e-06
1e-06
1e-06
1e-06
1e-06
1e-06
1e-06
1e-06
0.7229617233820971
0.9506151685737203
0.9930052591450345
0.999045638680887
0.9998704414903514
0.999982420360634
0.999997614227975
0.9999996761236805
0.9999999560164196
0.9999999940242177
0.9999999991876714
0.9999999998895024
0.9999999999849574
0.9999999999979501
0.9999999999997202
0.9999999999999618
0.9999999999999948
0.9999999999999993
0.9999999999999999
1
1
1
1
1
1
1
1
1
1
1
1
0.9999999999999999
0.9999999999999993
0.9999999999999948
0.9999999999999618
0.9999999999997202
0.9999999999979501
0.9999999999849574
0.9999999998895024
0.9999999991876714
0.9999999940242177
0.9999999560164196
0.9999996761236805
0.999997614227975
0.999982420360634
0.9998704414903514
0.999045638680887
0.9930052591450345
0.9506151685737203
0.7229617233820971
0.2613042681334147
0.04575050205320447
0.006455466465385418
0.0008796758567071183
0.0001192834588044644
1.616286609884554e-05
2.189712744349315e-06
1e-06
1e-06
1e-06
1e-06
1e-06
1e-06
1e-06
1e-06
1e-06
1e-06
1e-06
1e-06
1e-06
1e-06
1e-06
1e-06
1e-06
1e-06
1e-06
1e-06
1e-06
1e-06
1e-06
1e-06
0.6978342283859246
0.9442805691144948
0.9920181564190662
0.9989033020744507
0.9998500921999277
0.9999795070348305
0.9999971958626437
0.9999996158260469
0.9999999472899581
0.9999999927553372
0.9999999990021694
0.9999999998622129
0.9999999999809132
0.9999999999973455
0.999999999999629
0.9999999999999478
0.9999999999999926
0.9999999999999989
0.9999999999999998
1
1
1
1
1
1
1
1
1
1
1
1
0.9999999999999998
0.9999999999999989
0.9999999999999926
0.9999999999999478
0.999999999999629
0.9999999999973455
0.9999999999809132
0.9999999998622129
0.9999999990021694
0.9999999927553372
0.9999999472899581
0.9999996158260469
0.9999971958626437
0.9999795070348305
0.9998500921999277
0.9989033020744507
0.9920181564190662
0.9442805691144948
0.6978342283859246
0.2392815907043384
0.04106256317788232
0.005793186276885853
0.0007919827896912812
0.0001077662991608164
1.465071452250166e-05
1.991030147641126e-06
1e-06
1e-06
1e-06
1e-06
1e-06
1e-06
1e-06
1e-06
1e-06
1e-06
1e-06
1e-06
1e-06
1e-06
1e-06
1e-06
1e-06
1e-06
1e-06
1e-06
1e-06
1e-06
1e-06
1e-06
0.6534003800398833
0.9320471296559347
0.9900655456877525
0.9986187902929033
0.9998090487063541
0.9999735746564591
0.9999963349701023
0.9999994902975484
0.9999999288859187
0.9999999900400443
0.9999999985986281
0.999999999801725
0.9999999999717544
0.9999999999959417
0.9999999999994106
0.9999999999999132
0.9999999999999869
0.999999999999998
0.9999999999999997
1
1
1
1
1
1
1
1
1
1
1
1
0.9999999999999997
0.999999999999998
0.9999999999999869
0.9999999999999132
0.9999999999994106
0.9999999999959417
0.9999999999717544
0.999999999801725
0.9999999985986281
0.9999999900400443
0.9999999288859187
0.9999994902975484
0.9999963349701023
0.9999735746564591
0.9998090487063541
0.9986187902929033
0.9900655456877525
0.9320471296559347
0.6534003800398833
0.2055879432029922
0.03427240136814658
0.004838478236840749
0.0006650921779539076
9.102366522778516e-05
1.244260555677279e-05
1.699679082589611e-06
1e-06
1e-06
1e-06
1e-06
1e-06
1e-06
1e-06
1e-06
1e-06
1e-06
1e-06
1e-06
1e-06
1e-06
1e-06
1e-06
1e-06
1e-06
1e-06
1e-06
1e-06
1e-06
1e-06
1e-06
0.5869166917052644
0.910846127779919
0.9865391880045158
0.9980964789717006
0.9997326816142872
0.9999623801687798
0.9999946852198697
0.9999992456086368
0.9999998923247956
0.999999984530242
0.9999999977599822
0.9999999996725693
0.9999999999515841
0.9999999999927383
0.9999999999988913
0.9999999999998268
0.9999999999999721
0.9999999999999953
0.9999999999999991
0.9999999999999998
1
1
1
1
1
1
1
1
1
1
0.9999999999999998
0.9999999999999991
0.9999999999999953
0.9999999999999721
0.9999999999998268
0.9999999999988913
0.9999999999927383
0.9999999999515841
0.9999999996725693
0.9999999977599822
0.999999984530242
0.9999998923247956
0.9999992456086368
0.9999946852198697
0.9999623801687798
0.9997326816142872
0.9980964789717006
0.9865391880045158
0.910846127779919
0.5869166917052644
0.1647037564319837
0.0265873332874022
0.003762983765588368
0.0005212987653031576
7.19186800308691e-05
9.906063573816848e-06
1.362885297950811e-06
1e-06
1e-06
1e-06
1e-06
1e-06
1e-06
1e-06
1e-06
1e-06
1e-06
1e-06
1e-06
1e-06
1e-06
1e-06
1e-06
1e-06
1e-06
1e-06
1e-06
1e-06
1e-06
1e-06
1e-06
