FiniteElementSpace
FiniteElementCollection: H1_3D_P1
VDim: 1
Ordering: 0

0.00019870319620785
0.001048363488123816
0.005390292263184548
0.0265873332874022
0.1181971616668989
0.3898380541063252
0.7468157089908961
0.9293256953783313
0.982580982566098
0.995707828980201
0.9989033020744507
0.9997058590207343
0.9999166283617278
0.9999748814544687
0.999991908445476
0.9999971958626437
0.9999989478335694
0.9999995697099971
0.9999998069213452
0.9999999043099481
0.9999999472899581
0.999999967542076
0.9999999775445081
0.9999999824757924
0.999999984530242
0.999999984530242
0.9999999824757924
0.9999999775445081
0.999999967542076
0.9999999472899581
0.9999999043099481
0.9999998069213452
0.9999995697099971
0.9999989478335694
0.9999971958626437
0.999991908445476
0.9999748814544687
0.9999166283617278
0.9997058590207343
0.9989033020744507
0.995707828980201
0.982580982566098
0.9293256953783313
0.7468157089908961
0.3898380541063252
0.1181971616668989
0.0265873332874022
0.005390292263184548
0.001048363488123816
0.00019870319620785
3.687378568340005e-05
6.714551543052227e-06
1.201722995114451e-06
1e-06
1e-06
1e-06
1e-06
1e-06
1e-06
1e-06
1e-06
1e-06
1e-06
1e-06
1e-06
1e-06
1e-06
1e-06
1e-06
1e-06
1e-06
1e-06
1e-06
1e-06
1e-06
1e-06
1e-06
1e-06
1e-06
1e-06
1e-06
0.000578594678809774
0.003146204214825365
0.01657298932826456
0.08084604245343296
0.3092681046568999
0.689191370503332
0.9141959399902164
0.9802039414736534
0.9955117488571487
0.9989529079578827
0.9997451824731658
0.9999348744053946
0.999982420360634
0.9999949589120753
0.9999984547652929
0.9999994902975484
0.9999998177927356
0.9999999288859187
0.9999999694662934
0.999999985467952
0.9999999922771348
0.9999999953859342
0.9999999968823534
0.9999999976061746
0.9999999979042158
0.9999999979042158
0.9999999976061746
0.9999999968823534
0.9999999953859342
0.9999999922771348
0.999999985467952
0.9999999694662934
0.9999999288859187
0.9999998177927356
0.9999994902975484
0.9999984547652929
0.9999949589120753
0.999982420360634
0.9999348744053946
0.9997451824731658
0.9989529079578827
0.9955117488571487
0.9802039414736534
0.9141959399902164
0.689191370503332
0.3092681046568999
0.08084604245343296
0.01657298932826456
0.003146204214825365
0.000578594678809774
0.0001041838960218477
1.84291219602617e-05
3.208125948006568e-06
1e-06
1e-06
1e-06
1e-06
1e-06
1e-06
1e-06
1e-06
1e-06
1e-06
1e-06
1e-06
1e-06
1e-06
1e-06
1e-06
1e-06
1e-06
1e-06
1e-06
1e-06
1e-06
1e-06
1e-06
1e-06
1e-06
1e-06
1e-06
0.001600553078617339
0.008939309722050648
0.0474258731775668
0.2120242934966486
0.5869166917052644
0.879699162128498
0.9733918457313135
0.9943930764760612
0.9987971164034475
0.9997326816142872
0.999938024609387
0.9999849286425259
0.9999961342508511
0.9999989478335694
0.9999996940977731
0.9999999043099481
0.999999967542076
0.9999999879625067
0.9999999950767748
0.9999999977599822
0.9999999988564376
0.9999999993396562
0.9999999995656084
0.9999999996725693
0.9999999997160289
0.9999999997160289
0.9999999996725693
0.9999999995656084
0.9999999993396562
0.9999999988564376
0.9999999977599822
0.9999999950767748
0.9999999879625067
0.999999967542076
0.9999999043099481
0.9999996940977731
0.9999989478335694
0.9999961342508511
0.9999849286425259
0.999938024609387
0.9997326816142872
0.9987971164034475
0.9943930764760612
0.9733918457313135
0.879699162128498
0.5869166917052644
0.2120242934966486
0.0474258731775668
0.008939309722050648
0.001600553078617339
0.0002799127104214927
4.812607984655548e-05
8.153163445545619e-06
1.362885297950811e-06
1e-06
1e-06
1e-06
1e-06
1e-06
1e-06
1e-06
1e-06
1e-06
1e-06
1e-06
1e-06
1e-06
1e-06
1e-06
1e-06
1e-06
1e-06
1e-06
1e-06
1e-06
1e-06
1e-06
1e-06
1e-06
1e-06
1e-06
0.004190595626812676
0.02384152818577073
0.1222658698589376
0.4379765511991168
0.8101608386901193
0.9580263563387321
0.9916600554926025
0.9983404389505885
0.9996606357086776
0.9999280986346573
0.9999841339930673
0.9999963349701023
0.9999991087343371
0.9999997703915178
0.9999999368940049
0.999999981351789
0.9999999940242177
0.9999999979042158
0.9999999991876714
0.9999999996485001
0.9999999998284879
0.9999999999047176
0.99999999993921
0.999999999955141
0.9999999999615159
0.9999999999615159
0.999999999955141
0.99999999993921
0.9999999999047176
0.9999999998284879
0.9999999996485001
0.9999999991876714
0.9999999979042158
0.9999999940242177
0.999999981351789
0.9999999368940049
0.9999997703915178
0.9999991087343371
0.9999963349701023
0.9999841339930673
0.9999280986346573
0.9996606357086776
0.9983404389505885
0.9916600554926025
0.9580263563387321
0.8101608386901193
0.4379765511991168
0.1222658698589376
0.02384152818577073
0.004190595626812676
0.0007131629535029882
0.0001192834588044644
1.968085384107532e-05
3.208125948006568e-06
1e-06
1e-06
1e-06
1e-06
1e-06
1e-06
1e-06
1e-06
1e-06
1e-06
1e-06
1e-06
1e-06
1e-06
1e-06
1e-06
1e-06
1e-06
1e-06
1e-06
1e-06
1e-06
1e-06
1e-06
1e-06
1e-06
1e-06
0.01033437516736541
0.05879527403128409
0.2689414213699951
0.6804218220313811
0.9235865650327284
0.9853273311420687
0.9972621638336742
0.9994803366700125
0.9998985241664549
0.9999795070348305
0.9999957002079625
0.9999990579590972
0.9999997832569349
0.9999999472899581
0.9999999863504955
0.9999999962048587
0.9999999988564376
0.9999999996227287
0.9999999998622129
0.9999999999436389
0.9999999999738713
0.999999999986112
0.9999999999914466
0.9999999999938418
0.9999999999947834
0.9999999999947834
0.9999999999938418
0.9999999999914466
0.999999999986112
0.9999999999738713
0.9999999999436389
0.9999999998622129
0.9999999996227287
0.9999999988564376
0.9999999962048587
0.9999999863504955
0.9999999472899581
0.9999997832569349
0.9999990579590972
0.9999957002079625
0.9999795070348305
0.9998985241664549
0.9994803366700125
0.9972621638336742
0.9853273311420687
0.9235865650327284
0.6804218220313811
0.2689414213699951
0.05879527403128409
0.01033437516736541
0.001717986927891269
0.0002799127104214927
4.502116604687689e-05
7.162929139492569e-06
1.128540979000725e-06
1e-06
1e-06
1e-06
1e-06
1e-06
1e-06
1e-06
1e-06
1e-06
1e-06
1e-06
1e-06
1e-06
1e-06
1e-06
1e-06
1e-06
1e-06
1e-06
1e-06
1e-06
1e-06
1e-06
1e-06
1e-06
1e-06
0.02384152818577073
0.1307750819345443
0.477535334394972
0.8453859425588583
0.9698348817495207
0.9946365693685681
0.999045638680887
0.9998266365289105
0.9999676523230083
0.9999937744615761
0.9999987588247453
0.999999742398149
0.9999999440243161
0.9999999871810208
0.9999999968823534
0.9999999991876714
0.9999999997709595
0.9999999999293262
0.9999999999758356
0.9999999999907209
0.9999999999959417
0.9999999999979501
0.9999999999987883
0.9999999999991525
0.9999999999992927
0.9999999999992927
0.9999999999991525
0.9999999999987883
0.9999999999979501
0.9999999999959417
0.9999999999907209
0.9999999999758356
0.9999999999293262
0.9999999997709595
0.9999999991876714
0.9999999968823534
0.9999999871810208
0.9999999440243161
0.999999742398149
0.9999987588247453
0.9999937744615761
0.9999676523230083
0.9998266365289105
0.999045638680887
0.9946365693685681
0.9698348817495207
0.8453859425588583
0.477535334394972
0.1307750819345443
0.02384152818577073
0.003900367910842695
0.0006203122952225804
9.737800611253622e-05
1.51380890249242e-05
2.333250184893831e-06
1e-06
1e-06
1e-06
1e-06
1e-06
1e-06
1e-06
1e-06
1e-06
1e-06
1e-06
1e-06
1e-06
1e-06
1e-06
1e-06
1e-06
1e-06
1e-06
1e-06
1e-06
1e-06
1e-06
1e-06
1e-06
1e-06
0.00019870319620785
0.001048363488123816
0.005390292263184548
0.0265873332874022
0.1181971616668989
0.3898380541063252
0.7468157089908961
0.9293256953783313
0.982580982566098
0.995707828980201
0.9989033020744507
0.9997058590207343
0.9999166283617278
0.9999748814544687
0.999991908445476
0.9999971958626437
0.9999989478335694
0.9999995697099971
0.9999998069213452
0.9999999043099481
0.9999999472899581
0.999999967542076
0.9999999775445081
0.9999999824757924
0.999999984530242
0.999999984530242
0.9999999824757924
0.9999999775445081
0.999999967542076
0.9999999472899581
0.9999999043099481
0.9999998069213452
0.9999995697099971
0.9999989478335694
0.9999971958626437
0.999991908445476
0.9999748814544687
0.9999166283617278
0.9997058590207343
0.9989033020744507
0.995707828980201
0.982580982566098
0.9293256953783313
0.7468157089908961
0.3898380541063252
0.1181971616668989
0.0265873332874022
0.005390292263184548
0.001048363488123816
0.00019870319620785
3.687378568340005e-05
6.714551543052227e-06
1.201722995114451e-06
1e-06
1e-06
1e-06
1e-06
1e-06
1e-06
1e-06
1e-06
1e-06
1e-06
1e-06
1e-06
1e-06
1e-06
1e-06
1e-06
1e-06
1e-06
1e-06
1e-06
1e-06
1e-06
1e-06
1e-06
1e-06
1e-06
1e-06
1e-06
0.000578594678809774
0.003146204214825365
0.01657298932826456
0.08084604245343296
0.3092681046568999
0.689191370503332
0.9141959399902164
0.9802039414736534
0.9955117488571487
0.9989529079578827
0.9997451824731658
0.9999348744053946
0.999982420360634
0.9999949589120753
0.9999984547652929
0.9999994902975484
0.9999998177927356
0.9999999288859187
0.9999999694662934
0.999999985467952
0.9999999922771348
0.9999999953859342
0.9999999968823534
0.9999999976061746
0.9999999979042158
0.9999999979042158
0.9999999976061746
0.9999999968823534
0.9999999953859342
0.9999999922771348
0.999999985467952
0.9999999694662934
0.9999999288859187
0.9999998177927356
0.9999994902975484
0.9999984547652929
0.9999949589120753
0.999982420360634
0.9999348744053946
0.9997451824731658
0.9989529079578827
0.9955117488571487
0.9802039414736534
0.9141959399902164
0.689191370503332
0.3092681046568999
0.08084604245343296
0.01657298932826456
0.003146204214825365
0.000578594678809774
0.0001041838960218477
1.84291219602617e-05
3.208125948006568e-06
1e-06
1e-06
1e-06
1e-06
1e-06
1e-06
1e-06
1e-06
1e-06
1e-06
1e-06
1e-06
1e-06
1e-06
1e-06
1e-06
1e-06
1e-06
1e-06
1e-06
1e-06
1e-06
1e-06
1e-06
1e-06
1e-06
1e-06
1e-06
0.001600553078617339
0.008939309722050648
0.0474258731775668
0.2120242934966486
0.5869166917052644
0.879699162128498
0.9733918457313135
0.9943930764760612
0.9987971164034475
0.9997326816142872
0.999938024609387
0.9999849286425259
0.9999961342508511
0.9999989478335694
0.9999996940977731
0.9999999043099481
0.999999967542076
0.9999999879625067
0.9999999950767748
0.9999999977599822
0.9999999988564376
0.9999999993396562
0.9999999995656084
0.9999999996725693
0.9999999997160289
0.9999999997160289
0.9999999996725693
0.9999999995656084
0.9999999993396562
0.9999999988564376
0.9999999977599822
0.9999999950767748
0.9999999879625067
0.999999967542076
0.9999999043099481
0.9999996940977731
0.9999989478335694
0.9999961342508511
0.9999849286425259
0.999938024609387
0.9997326816142872
0.9987971164034475
0.9943930764760612
0.9733918457313135
0.879699162128498
0.5869166917052644
0.2120242934966486
0.0474258731775668
0.008939309722050648
0.001600553078617339
0.0002799127104214927
4.812607984655548e-05
8.153163445545619e-06
1.362885297950811e-06
1e-06
1e-06
1e-06
1e-06
1e-06
1e-06
1e-06
1e-06
1e-06
1e-06
1e-06
1e-06
1e-06
1e-06
1e-06
1e-06
1e-06
1e-06
1e-06
1e-06
1e-06
1e-06
1e-06
1e-06
1e-06
1e-06
1e-06
0.004190595626812676
0.02384152818577073
0.1222658698589376
0.4379765511991168
0.8101608386901193
0.9580263563387321
0.9916600554926025
0.9983404389505885
0.9996606357086776
0.9999280986346573
0.9999841339930673
0.9999963349701023
0.9999991087343371
0.9999997703915178
0.9999999368940049
0.999999981351789
0.9999999940242177
0.9999999979042158
0.9999999991876714
0.9999999996485001
0.9999999998284879
0.9999999999047176
0.99999999993921
0.999999999955141
0.9999999999615159
0.9999999999615159
0.999999999955141
0.99999999993921
0.9999999999047176
0.9999999998284879
0.9999999996485001
0.9999999991876714
0.9999999979042158
0.9999999940242177
0.999999981351789
0.9999999368940049
0.9999997703915178
0.9999991087343371
0.9999963349701023
0.9999841339930673
0.9999280986346573
0.9996606357086776
0.9983404389505885
0.9916600554926025
0.9580263563387321
0.8101608386901193
0.4379765511991168
0.1222658698589376
0.02384152818577073
0.004190595626812676
0.0007131629535029882
0.0001192834588044644
1.968085384107532e-05
3.208125948006568e-06
1e-06
1e-06
1e-06
1e-06
1e-06
1e-06
1e-06
1e-06
1e-06
1e-06
1e-06
1e-06
1e-06
1e-06
1e-06
1e-06
1e-06
1e-06
1e-06
1e-06
1e-06
1e-06
1e-06
1e-06
1e-06
1e-06
1e-06
0.01033437516736541
0.05879527403128409
0.2689414213699951
0.6804218220313811
0.9235865650327284
0.9853273311420687
0.9972621638336742
0.9994803366700125
0.9998985241664549
0.9999795070348305
0.9999957002079625
0.9999990579590972
0.9999997832569349
0.9999999472899581
0.9999999863504955
0.9999999962048587
0.9999999988564376
0.9999999996227287
0.9999999998622129
0.9999999999436389
0.9999999999738713
0.999999999986112
0.9999999999914466
0.9999999999938418
0.9999999999947834
0.9999999999947834
0.9999999999938418
0.9999999999914466
0.999999999986112
0.9999999999738713
0.9999999999436389
0.9999999998622129
0.9999999996227287
0.9999999988564376
0.9999999962048587
0.9999999863504955
0.9999999472899581
0.9999997832569349
0.9999990579590972
0.9999957002079625
0.9999795070348305
0.9998985241664549
0.9994803366700125
0.9972621638336742
0.9853273311420687
0.9235865650327284
0.6804218220313811
0.2689414213699951
0.05879527403128409
0.01033437516736541
0.001717986927891269
0.0002799127104214927
4.502116604687689e-05
7.162929139492569e-06
1.128540979000725e-06
1e-06
1e-06
1e-06
1e-06
1e-06
1e-06
1e-06
1e-06
1e-06
1e-06
1e-06
1e-06
1e-06
1e-06
1e-06
1e-06
1e-06
1e-06
1e-06
1e-06
1e-06
1e-06
1e-06
1e-06
1e-06
1e-06
0.02384152818577073
0.1307750819345443
0.477535334394972
0.8453859425588583
0.9698348817495207
0.9946365693685681
0.999045638680887
0.9998266365289105
0.9999676523230083
0.9999937744615761
0.9999987588247453
0.999999742398149
0.9999999440243161
0.9999999871810208
0.9999999968823534
0.9999999991876714
0.9999999997709595
0.9999999999293262
0.9999999999758356
0.9999999999907209
0.9999999999959417
0.9999999999979501
0.9999999999987883
0.9999999999991525
0.9999999999992927
0.9999999999992927
0.9999999999991525
0.9999999999987883
0.9999999999979501
0.9999999999959417
0.9999999999907209
0.9999999999758356
0.9999999999293262
0.9999999997709595
0.9999999991876714
0.9999999968823534
0.9999999871810208
0.9999999440243161
0.999999742398149
0.9999987588247453
0.9999937744615761
0.9999676523230083
0.9998266365289105
0.999045638680887
0.9946365693685681
0.9698348817495207
0.8453859425588583
0.477535334394972
0.1307750819345443
0.02384152818577073
0.003900367910842695
0.0006203122952225804
9.737800611253622e-05
1.51380890249242e-05
2.333250184893831e-06
1e-06
1e-06
1e-06
1e-06
1e-06
1e-06
1e-06
1e-06
1e-06
1e-06
1e-06
1e-06
1e-06
1e-06
1e-06
1e-06
1e-06
1e-06
1e-06
1e-06
1e-06
1e-06
1e-06
1e-06
1e-06
1e-06
