FiniteElementSpace
FiniteElementCollection: H1_3D_P1
VDim: 1
Ordering: 0

0.02384152818577073
0.1307750819345443
0.477535334394972
0.8453859425588583
0.9698348817495207
0.9946365693685681
0.999045638680887
0.9998266365289105
0.9999676523230083
0.9999937744615761
0.9999987588247453
0.999999742398149
0.9999999440243161
0.9999999871810208
0.9999999968823534
0.9999999991876714
0.9999999997709595
0.9999999999293262
0.9999999999758356
0.9999999999907209
0.9999999999959417
0.9999999999979501
0.9999999999987883
0.9999999999991525
0.9999999999992927
0.9999999999992927
0.9999999999991525
0.9999999999987883
0.9999999999979501
0.9999999999959417
0.9999999999907209
0.9999999999758356
0.9999999999293262
0.9999999997709595
0.9999999991876714
0.9999999968823534
0.9999999871810208
0.9999999440243161
0.999999742398149
0.9999987588247453
0.9999937744615761
0.9999676523230083
0.9998266365289105
0.999045638680887
0.9946365693685681
0.9698348817495207
0.8453859425588583
0.477535334394972
0.1307750819345443
0.02384152818577073
0.003900367910842695
0.0006203122952225804
9.737800611253622e-05
1.51380890249242e-05
2.333250184893831e-06
1e-06
1e-06
1e-06
1e-06
1e-06
1e-06
1e-06
1e-06
1e-06
1e-06
1e-06
1e-06
1e-06
1e-06
1e-06
1e-06
1e-06
1e-06
1e-06
1e-06
1e-06
1e-06
1e-06
1e-06
1e-06
1e-06
0.05095688241706081
0.2538143756755515
0.6804218220313811
0.9293256953783313
0.9876542522824037
0.9979147643588351
0.9996441048377371
0.999938024609387
0.9999889430155975
0.9999979716109033
0.9999996158260469
0.9999999245205102
0.999999984530242
0.9999999966706827
0.9999999992417439
0.9999999998155737
0.9999999999515841
0.999999999986112
0.9999999999955862
0.9999999999984215
0.9999999999993542
0.9999999999996925
0.9999999999998268
0.999999999999883
0.9999999999999041
0.9999999999999041
0.999999999999883
0.9999999999998268
0.9999999999996925
0.9999999999993542
0.9999999999984215
0.9999999999955862
0.999999999986112
0.9999999999515841
0.9999999998155737
0.9999999992417439
0.9999999966706827
0.999999984530242
0.9999999245205102
0.9999996158260469
0.9999979716109033
0.9999889430155975
0.999938024609387
0.9996441048377371
0.9979147643588351
0.9876542522824037
0.9293256953783313
0.6804218220313811
0.2538143756755515
0.05095688241706081
0.008314676800569409
0.001294886896846537
0.00019870319620785
3.022070050656689e-05
4.562329715684932e-06
1e-06
1e-06
1e-06
1e-06
1e-06
1e-06
1e-06
1e-06
1e-06
1e-06
1e-06
1e-06
1e-06
1e-06
1e-06
1e-06
1e-06
1e-06
1e-06
1e-06
1e-06
1e-06
1e-06
1e-06
1e-06
1e-06
0.09961294553463701
0.4185038650198917
0.8225202814592809
0.9672182433440216
0.9946365693685681
0.9991303387931583
0.9998571994434637
0.9999761251863079
0.9999959228481006
0.9999992865147789
0.9999998715728127
0.9999999761155597
0.9999999953859342
0.9999999990681379
0.999999999801725
0.999999999955141
0.9999999999890881
0.9999999999971085
0.9999999999991525
0.9999999999997202
0.9999999999998941
0.9999999999999529
0.9999999999999749
0.9999999999999838
0.9999999999999869
0.9999999999999869
0.9999999999999838
0.9999999999999749
0.9999999999999529
0.9999999999998941
0.9999999999997202
0.9999999999991525
0.9999999999971085
0.9999999999890881
0.999999999955141
0.999999999801725
0.9999999990681379
0.9999999953859342
0.9999999761155597
0.9999998715728127
0.9999992865147789
0.9999959228481006
0.9999761251863079
0.9998571994434637
0.9991303387931583
0.9946365693685681
0.9672182433440216
0.8225202814592809
0.4185038650198917
0.09961294553463701
0.01657298932826456
0.002539595086740898
0.0003816803982831241
5.687620592598197e-05
8.421770978761511e-06
1.240103591759745e-06
1e-06
1e-06
1e-06
1e-06
1e-06
1e-06
1e-06
1e-06
1e-06
1e-06
1e-06
1e-06
1e-06
1e-06
1e-06
1e-06
1e-06
1e-06
1e-06
1e-06
1e-06
1e-06
1e-06
1e-06
1e-06
0.1756508714332795
0.5869166917052644
0.9038004747820927
0.9840107625812266
0.9974991928504373
0.9996086521002848
0.999938024609387
0.9999900331619117
0.9999983680909497
0.9999997271853671
0.9999999532760823
0.999999991768441
0.9999999985008323
0.9999999997160289
0.9999999999436389
0.9999999999881716
0.9999999999973455
0.9999999999993542
0.9999999999998268
0.9999999999999478
0.9999999999999819
0.9999999999999926
0.9999999999999963
0.9999999999999978
0.9999999999999982
0.9999999999999982
0.9999999999999978
0.9999999999999963
0.9999999999999926
0.9999999999999819
0.9999999999999478
0.9999999999998268
0.9999999999993542
0.9999999999973455
0.9999999999881716
0.9999999999436389
0.9999999997160289
0.9999999985008323
0.999999991768441
0.9999999532760823
0.9999997271853671
0.9999983680909497
0.9999900331619117
0.999938024609387
0.9996086521002848
0.9974991928504373
0.9840107625812266
0.9038004747820927
0.5869166917052644
0.1756508714332795
0.03074167320441618
0.004667551362168842
0.0006887012788283076
0.0001007225221241748
1.465071452250166e-05
2.121340577310171e-06
1e-06
1e-06
1e-06
1e-06
1e-06
1e-06
1e-06
1e-06
1e-06
1e-06
1e-06
1e-06
1e-06
1e-06
1e-06
1e-06
1e-06
1e-06
1e-06
1e-06
1e-06
1e-06
1e-06
1e-06
1e-06
0.2767242146551706
0.7229617233820971
0.9464708293713952
0.9916600554926025
0.9987403261841868
0.9998090487063541
0.9999707592841394
0.9999954657502984
0.9999992865147789
0.9999998857980328
0.999999981351789
0.9999999968823534
0.9999999994640083
0.9999999999047176
0.9999999999823651
0.9999999999965723
0.9999999999992927
0.9999999999998428
0.9999999999999618
0.9999999999999896
0.9999999999999967
0.9999999999999988
0.9999999999999994
0.9999999999999997
0.9999999999999998
0.9999999999999998
0.9999999999999997
0.9999999999999994
0.9999999999999988
0.9999999999999967
0.9999999999999896
0.9999999999999618
0.9999999999998428
0.9999999999992927
0.9999999999965723
0.9999999999823651
0.9999999999047176
0.9999999994640083
0.9999999968823534
0.999999981351789
0.9999998857980328
0.9999992865147789
0.9999954657502984
0.9999707592841394
0.9998090487063541
0.9987403261841868
0.9916600554926025
0.9464708293713952
0.7229617233820971
0.2767242146551706
0.05281640006232913
0.008019079770485105
0.001165016422401854
0.0001675397445783933
2.397987118474276e-05
3.419745517485584e-06
1e-06
1e-06
1e-06
1e-06
1e-06
1e-06
1e-06
1e-06
1e-06
1e-06
1e-06
1e-06
1e-06
1e-06
1e-06
1e-06
1e-06
1e-06
1e-06
1e-06
1e-06
1e-06
1e-06
1e-06
1e-06
0.3898380541063252
0.8164185328899334
0.968552280692049
0.9953069635874063
0.9993112761469574
0.9998985241664549
0.9999849286425259
0.999997739675702
0.9999996571252247
0.9999999472899581
0.999999991768441
0.9999999986902461
0.9999999997868768
0.9999999999643673
0.9999999999938418
0.9999999999988913
0.9999999999997899
0.9999999999999576
0.9999999999999907
0.9999999999999978
0.9999999999999993
0.9999999999999998
0.9999999999999999
1
1
1
1
0.9999999999999999
0.9999999999999998
0.9999999999999993
0.9999999999999978
0.9999999999999907
0.9999999999999576
0.9999999999997899
0.9999999999988913
0.9999999999938418
0.9999999999643673
0.9999999997868768
0.9999999986902461
0.999999991768441
0.9999999472899581
0.9999996571252247
0.999997739675702
0.9999849286425259
0.9998985241664549
0.9993112761469574
0.9953069635874063
0.968552280692049
0.8164185328899334
0.3898380541063252
0.08372740269362922
0.01284956354895567
0.001844185268566056
0.0002613304225422275
3.687378568340005e-05
5.188170705272555e-06
1e-06
1e-06
1e-06
1e-06
1e-06
1e-06
1e-06
1e-06
1e-06
1e-06
1e-06
1e-06
1e-06
1e-06
1e-06
1e-06
1e-06
1e-06
1e-06
1e-06
1e-06
1e-06
1e-06
1e-06
1e-06
0.02384152818577073
0.1307750819345443
0.477535334394972
0.8453859425588583
0.9698348817495207
0.9946365693685681
0.999045638680887
0.9998266365289105
0.9999676523230083
0.9999937744615761
0.9999987588247453
0.999999742398149
0.9999999440243161
0.9999999871810208
0.9999999968823534
0.9999999991876714
0.9999999997709595
0.9999999999293262
0.9999999999758356
0.9999999999907209
0.9999999999959417
0.9999999999979501
0.9999999999987883
0.9999999999991525
0.9999999999992927
0.9999999999992927
0.9999999999991525
0.9999999999987883
0.9999999999979501
0.9999999999959417
0.9999999999907209
0.9999999999758356
0.9999999999293262
0.9999999997709595
0.9999999991876714
0.9999999968823534
0.9999999871810208
0.9999999440243161
0.999999742398149
0.9999987588247453
0.9999937744615761
0.9999676523230083
0.9998266365289105
0.999045638680887
0.9946365693685681
0.9698348817495207
0.8453859425588583
0.477535334394972
0.1307750819345443
0.02384152818577073
0.003900367910842695
0.0006203122952225804
9.737800611253622e-05
1.51380890249242e-05
2.333250184893831e-06
1e-06
1e-06
1e-06
1e-06
1e-06
1e-06
1e-06
1e-06
1e-06
1e-06
1e-06
1e-06
1e-06
1e-06
1e-06
1e-06
1e-06
1e-06
1e-06
1e-06
1e-06
1e-06
1e-06
1e-06
1e-06
1e-06
0.05095688241706081
0.2538143756755515
0.6804218220313811
0.9293256953783313
0.9876542522824037
0.9979147643588351
0.9996441048377371
0.999938024609387
0.9999889430155975
0.9999979716109033
0.9999996158260469
0.9999999245205102
0.999999984530242
0.9999999966706827
0.9999999992417439
0.9999999998155737
0.9999999999515841
0.999999999986112
0.9999999999955862
0.9999999999984215
0.9999999999993542
0.9999999999996925
0.9999999999998268
0.999999999999883
0.9999999999999041
0.9999999999999041
0.999999999999883
0.9999999999998268
0.9999999999996925
0.9999999999993542
0.9999999999984215
0.9999999999955862
0.999999999986112
0.9999999999515841
0.9999999998155737
0.9999999992417439
0.9999999966706827
0.999999984530242
0.9999999245205102
0.9999996158260469
0.9999979716109033
0.9999889430155975
0.999938024609387
0.9996441048377371
0.9979147643588351
0.9876542522824037
0.9293256953783313
0.6804218220313811
0.2538143756755515
0.05095688241706081
0.008314676800569409
0.001294886896846537
0.00019870319620785
3.022070050656689e-05
4.562329715684932e-06
1e-06
1e-06
1e-06
1e-06
1e-06
1e-06
1e-06
1e-06
1e-06
1e-06
1e-06
1e-06
1e-06
1e-06
1e-06
1e-06
1e-06
1e-06
1e-06
1e-06
1e-06
1e-06
1e-06
1e-06
1e-06
1e-06
0.09961294553463701
0.4185038650198917
0.8225202814592809
0.9672182433440216
0.9946365693685681
0.9991303387931583
0.9998571994434637
0.9999761251863079
0.9999959228481006
0.9999992865147789
0.9999998715728127
0.9999999761155597
0.9999999953859342
0.9999999990681379
0.999999999801725
0.999999999955141
0.9999999999890881
0.9999999999971085
0.9999999999991525
0.9999999999997202
0.9999999999998941
0.9999999999999529
0.9999999999999749
0.9999999999999838
0.9999999999999869
0.9999999999999869
0.9999999999999838
0.9999999999999749
0.9999999999999529
0.9999999999998941
0.9999999999997202
0.9999999999991525
0.9999999999971085
0.9999999999890881
0.999999999955141
0.999999999801725
0.9999999990681379
0.9999999953859342
0.9999999761155597
0.9999998715728127
0.9999992865147789
0.9999959228481006
0.9999761251863079
0.9998571994434637
0.9991303387931583
0.9946365693685681
0.9672182433440216
0.8225202814592809
0.4185038650198917
0.09961294553463701
0.01657298932826456
0.002539595086740898
0.0003816803982831241
5.687620592598197e-05
8.421770978761511e-06
1.240103591759745e-06
1e-06
1e-06
1e-06
1e-06
1e-06
1e-06
1e-06
1e-06
1e-06
1e-06
1e-06
1e-06
1e-06
1e-06
1e-06
1e-06
1e-06
1e-06
1e-06
1e-06
1e-06
1e-06
1e-06
1e-06
1e-06
0.1756508714332795
0.5869166917052644
0.9038004747820927
0.9840107625812266
0.9974991928504373
0.9996086521002848
0.999938024609387
0.9999900331619117
0.9999983680909497
0.9999997271853671
0.9999999532760823
0.999999991768441
0.9999999985008323
0.9999999997160289
0.9999999999436389
0.9999999999881716
0.9999999999973455
0.9999999999993542
0.9999999999998268
0.9999999999999478
0.9999999999999819
0.9999999999999926
0.9999999999999963
0.9999999999999978
0.9999999999999982
0.9999999999999982
0.9999999999999978
0.9999999999999963
0.9999999999999926
0.9999999999999819
0.9999999999999478
0.9999999999998268
0.9999999999993542
0.9999999999973455
0.9999999999881716
0.9999999999436389
0.9999999997160289
0.9999999985008323
0.999999991768441
0.9999999532760823
0.9999997271853671
0.9999983680909497
0.9999900331619117
0.999938024609387
0.9996086521002848
0.9974991928504373
0.9840107625812266
0.9038004747820927
0.5869166917052644
0.1756508714332795
0.03074167320441618
0.004667551362168842
0.0006887012788283076
0.0001007225221241748
1.465071452250166e-05
2.121340577310171e-06
1e-06
1e-06
1e-06
1e-06
1e-06
1e-06
1e-06
1e-06
1e-06
1e-06
1e-06
1e-06
1e-06
1e-06
1e-06
1e-06
1e-06
1e-06
1e-06
1e-06
1e-06
1e-06
1e-06
1e-06
1e-06
0.2767242146551706
0.7229617233820971
0.9464708293713952
0.9916600554926025
0.9987403261841868
0.9998090487063541
0.9999707592841394
0.9999954657502984
0.9999992865147789
0.9999998857980328
0.999999981351789
0.9999999968823534
0.9999999994640083
0.9999999999047176
0.9999999999823651
0.9999999999965723
0.9999999999992927
0.9999999999998428
0.9999999999999618
0.9999999999999896
0.9999999999999967
0.9999999999999988
0.9999999999999994
0.9999999999999997
0.9999999999999998
0.9999999999999998
0.9999999999999997
0.9999999999999994
0.9999999999999988
0.9999999999999967
0.9999999999999896
0.9999999999999618
0.9999999999998428
0.9999999999992927
0.9999999999965723
0.9999999999823651
0.9999999999047176
0.9999999994640083
0.9999999968823534
0.999999981351789
0.9999998857980328
0.9999992865147789
0.9999954657502984
0.9999707592841394
0.9998090487063541
0.9987403261841868
0.9916600554926025
0.9464708293713952
0.7229617233820971
0.2767242146551706
0.05281640006232913
0.008019079770485105
0.001165016422401854
0.0001675397445783933
2.397987118474276e-05
3.419745517485584e-06
1e-06
1e-06
1e-06
1e-06
1e-06
1e-06
1e-06
1e-06
1e-06
1e-06
1e-06
1e-06
1e-06
1e-06
1e-06
1e-06
1e-06
1e-06
1e-06
1e-06
1e-06
1e-06
1e-06
1e-06
1e-06
0.3898380541063252
0.8164185328899334
0.968552280692049
0.9953069635874063
0.9993112761469574
0.9998985241664549
0.9999849286425259
0.999997739675702
0.9999996571252247
0.9999999472899581
0.999999991768441
0.9999999986902461
0.9999999997868768
0.9999999999643673
0.9999999999938418
0.9999999999988913
0.9999999999997899
0.9999999999999576
0.9999999999999907
0.9999999999999978
0.9999999999999993
0.9999999999999998
0.9999999999999999
1
1
1
1
0.9999999999999999
0.9999999999999998
0.9999999999999993
0.9999999999999978
0.9999999999999907
0.9999999999999576
0.9999999999997899
0.9999999999988913
0.9999999999938418
0.9999999999643673
0.9999999997868768
0.9999999986902461
0.999999991768441
0.9999999472899581
0.9999996571252247
0.999997739675702
0.9999849286425259
0.9998985241664549
0.9993112761469574
0.9953069635874063
0.968552280692049
0.8164185328899334
0.3898380541063252
0.08372740269362922
0.01284956354895567
0.001844185268566056
0.0002613304225422275
3.687378568340005e-05
5.188170705272555e-06
1e-06
1e-06
1e-06
1e-06
1e-06
1e-06
1e-06
1e-06
1e-06
1e-06
1e-06
1e-06
1e-06
1e-06
1e-06
1e-06
1e-06
1e-06
1e-06
1e-06
1e-06
1e-06
1e-06
1e-06
1e-06
