FiniteElementSpace
FiniteElementCollection: H1_3D_P1
VDim: 1
Ordering: 0

0.5869166917052644
0.910846127779919
0.9865391880045158
0.9980964789717006
0.9997326816142872
0.9999623801687798
0.9999946852198697
0.9999992456086368
0.9999998923247956
0.999999984530242
0.9999999977599822
0.9999999996725693
0.9999999999515841
0.9999999999927383
0.9999999999988913
0.9999999999998268
0.9999999999999721
0.9999999999999953
0.9999999999999991
0.9999999999999998
1
1
1
1
1
1
1
1
1
1
0.9999999999999998
0.9999999999999991
0.9999999999999953
0.9999999999999721
0.9999999999998268
0.9999999999988913
0.9999999999927383
0.9999999999515841
0.9999999996725693
0.9999999977599822
0.999999984530242
0.9999998923247956
0.9999992456086368
0.9999946852198697
0.9999623801687798
0.9997326816142872
0.9980964789717006
0.9865391880045158
0.910846127779919
0.5869166917052644
0.1647037564319837
0.0265873332874022
0.003762983765588368
0.0005212987653031576
7.19186800308691e-05
9.906063573816848e-06
1.362885297950811e-06
1e-06
1e-06
1e-06
1e-06
1e-06
1e-06
1e-06
1e-06
1e-06
1e-06
1e-06
1e-06
1e-06
1e-06
1e-06
1e-06
1e-06
1e-06
1e-06
1e-06
1e-06
1e-06
1e-06
1e-06
0.4975002708268758
0.8752223702032069
0.9802039414736534
0.9971355769658728
0.9995896560420652
0.9999410260522825
0.9999914747032441
0.9999987588247453
0.9999998177927356
0.9999999729885511
0.9999999959488968
0.9999999993839174
0.9999999999047176
0.9999999999849574
0.9999999999975638
0.9999999999995927
0.9999999999999291
0.9999999999999869
0.9999999999999974
0.9999999999999994
0.9999999999999999
1
1
1
1
1
1
1
1
0.9999999999999999
0.9999999999999994
0.9999999999999974
0.9999999999999869
0.9999999999999291
0.9999999999995927
0.9999999999975638
0.9999999999849574
0.9999999999047176
0.9999999993839174
0.9999999959488968
0.9999999729885511
0.9999998177927356
0.9999987588247453
0.9999914747032441
0.9999410260522825
0.9995896560420652
0.9971355769658728
0.9802039414736534
0.8752223702032069
0.4975002708268758
0.1222658698589376
0.01916824006888818
0.002727334662981529
0.0003816803982831241
5.319690189775628e-05
7.398411829395712e-06
1.027157964628156e-06
1e-06
1e-06
1e-06
1e-06
1e-06
1e-06
1e-06
1e-06
1e-06
1e-06
1e-06
1e-06
1e-06
1e-06
1e-06
1e-06
1e-06
1e-06
1e-06
1e-06
1e-06
1e-06
1e-06
1e-06
0.3898380541063252
0.8164185328899334
0.968552280692049
0.9953069635874063
0.9993112761469574
0.9998985241664549
0.9999849286425259
0.999997739675702
0.9999996571252247
0.9999999472899581
0.999999991768441
0.9999999986902461
0.9999999997868768
0.9999999999643673
0.9999999999938418
0.9999999999988913
0.9999999999997899
0.9999999999999576
0.9999999999999907
0.9999999999999978
0.9999999999999993
0.9999999999999998
0.9999999999999999
1
1
1
1
0.9999999999999999
0.9999999999999998
0.9999999999999993
0.9999999999999978
0.9999999999999907
0.9999999999999576
0.9999999999997899
0.9999999999988913
0.9999999999938418
0.9999999999643673
0.9999999997868768
0.9999999986902461
0.999999991768441
0.9999999472899581
0.9999996571252247
0.999997739675702
0.9999849286425259
0.9998985241664549
0.9993112761469574
0.9953069635874063
0.968552280692049
0.8164185328899334
0.3898380541063252
0.08372740269362922
0.01284956354895567
0.001844185268566056
0.0002613304225422275
3.687378568340005e-05
5.188170705272555e-06
1e-06
1e-06
1e-06
1e-06
1e-06
1e-06
1e-06
1e-06
1e-06
1e-06
1e-06
1e-06
1e-06
1e-06
1e-06
1e-06
1e-06
1e-06
1e-06
1e-06
1e-06
1e-06
1e-06
1e-06
1e-06
0.2767242146551706
0.7229617233820971
0.9464708293713952
0.9916600554926025
0.9987403261841868
0.9998090487063541
0.9999707592841394
0.9999954657502984
0.9999992865147789
0.9999998857980328
0.999999981351789
0.9999999968823534
0.9999999994640083
0.9999999999047176
0.9999999999823651
0.9999999999965723
0.9999999999992927
0.9999999999998428
0.9999999999999618
0.9999999999999896
0.9999999999999967
0.9999999999999988
0.9999999999999994
0.9999999999999997
0.9999999999999998
0.9999999999999998
0.9999999999999997
0.9999999999999994
0.9999999999999988
0.9999999999999967
0.9999999999999896
0.9999999999999618
0.9999999999998428
0.9999999999992927
0.9999999999965723
0.9999999999823651
0.9999999999047176
0.9999999994640083
0.9999999968823534
0.999999981351789
0.9999998857980328
0.9999992865147789
0.9999954657502984
0.9999707592841394
0.9998090487063541
0.9987403261841868
0.9916600554926025
0.9464708293713952
0.7229617233820971
0.2767242146551706
0.05281640006232913
0.008019079770485105
0.001165016422401854
0.0001675397445783933
2.397987118474276e-05
3.419745517485584e-06
1e-06
1e-06
1e-06
1e-06
1e-06
1e-06
1e-06
1e-06
1e-06
1e-06
1e-06
1e-06
1e-06
1e-06
1e-06
1e-06
1e-06
1e-06
1e-06
1e-06
1e-06
1e-06
1e-06
1e-06
1e-06
0.1756508714332795
0.5869166917052644
0.9038004747820927
0.9840107625812266
0.9974991928504373
0.9996086521002848
0.999938024609387
0.9999900331619117
0.9999983680909497
0.9999997271853671
0.9999999532760823
0.999999991768441
0.9999999985008323
0.9999999997160289
0.9999999999436389
0.9999999999881716
0.9999999999973455
0.9999999999993542
0.9999999999998268
0.9999999999999478
0.9999999999999819
0.9999999999999926
0.9999999999999963
0.9999999999999978
0.9999999999999982
0.9999999999999982
0.9999999999999978
0.9999999999999963
0.9999999999999926
0.9999999999999819
0.9999999999999478
0.9999999999998268
0.9999999999993542
0.9999999999973455
0.9999999999881716
0.9999999999436389
0.9999999997160289
0.9999999985008323
0.999999991768441
0.9999999532760823
0.9999997271853671
0.9999983680909497
0.9999900331619117
0.999938024609387
0.9996086521002848
0.9974991928504373
0.9840107625812266
0.9038004747820927
0.5869166917052644
0.1756508714332795
0.03074167320441618
0.004667551362168842
0.0006887012788283076
0.0001007225221241748
1.465071452250166e-05
2.121340577310171e-06
1e-06
1e-06
1e-06
1e-06
1e-06
1e-06
1e-06
1e-06
1e-06
1e-06
1e-06
1e-06
1e-06
1e-06
1e-06
1e-06
1e-06
1e-06
1e-06
1e-06
1e-06
1e-06
1e-06
1e-06
1e-06
0.09961294553463701
0.4185038650198917
0.8225202814592809
0.9672182433440216
0.9946365693685681
0.9991303387931583
0.9998571994434637
0.9999761251863079
0.9999959228481006
0.9999992865147789
0.9999998715728127
0.9999999761155597
0.9999999953859342
0.9999999990681379
0.999999999801725
0.999999999955141
0.9999999999890881
0.9999999999971085
0.9999999999991525
0.9999999999997202
0.9999999999998941
0.9999999999999529
0.9999999999999749
0.9999999999999838
0.9999999999999869
0.9999999999999869
0.9999999999999838
0.9999999999999749
0.9999999999999529
0.9999999999998941
0.9999999999997202
0.9999999999991525
0.9999999999971085
0.9999999999890881
0.999999999955141
0.999999999801725
0.9999999990681379
0.9999999953859342
0.9999999761155597
0.9999998715728127
0.9999992865147789
0.9999959228481006
0.9999761251863079
0.9998571994434637
0.9991303387931583
0.9946365693685681
0.9672182433440216
0.8225202814592809
0.4185038650198917
0.09961294553463701
0.01657298932826456
0.002539595086740898
0.0003816803982831241
5.687620592598197e-05
8.421770978761511e-06
1.240103591759745e-06
1e-06
1e-06
1e-06
1e-06
1e-06
1e-06
1e-06
1e-06
1e-06
1e-06
1e-06
1e-06
1e-06
1e-06
1e-06
1e-06
1e-06
1e-06
1e-06
1e-06
1e-06
1e-06
1e-06
1e-06
1e-06
0.5869166917052644
0.910846127779919
0.9865391880045158
0.9980964789717006
0.9997326816142872
0.9999623801687798
0.9999946852198697
0.9999992456086368
0.9999998923247956
0.999999984530242
0.9999999977599822
0.9999999996725693
0.9999999999515841
0.9999999999927383
0.9999999999988913
0.9999999999998268
0.9999999999999721
0.9999999999999953
0.9999999999999991
0.9999999999999998
1
1
1
1
1
1
1
1
1
1
0.9999999999999998
0.9999999999999991
0.9999999999999953
0.9999999999999721
0.9999999999998268
0.9999999999988913
0.9999999999927383
0.9999999999515841
0.9999999996725693
0.9999999977599822
0.999999984530242
0.9999998923247956
0.9999992456086368
0.9999946852198697
0.9999623801687798
0.9997326816142872
0.9980964789717006
0.9865391880045158
0.910846127779919
0.5869166917052644
0.1647037564319837
0.0265873332874022
0.003762983765588368
0.0005212987653031576
7.19186800308691e-05
9.906063573816848e-06
1.362885297950811e-06
1e-06
1e-06
1e-06
1e-06
1e-06
1e-06
1e-06
1e-06
1e-06
1e-06
1e-06
1e-06
1e-06
1e-06
1e-06
1e-06
1e-06
1e-06
1e-06
1e-06
1e-06
1e-06
1e-06
1e-06
0.4975002708268758
0.8752223702032069
0.9802039414736534
0.9971355769658728
0.9995896560420652
0.9999410260522825
0.9999914747032441
0.9999987588247453
0.9999998177927356
0.9999999729885511
0.9999999959488968
0.9999999993839174
0.9999999999047176
0.9999999999849574
0.9999999999975638
0.9999999999995927
0.9999999999999291
0.9999999999999869
0.9999999999999974
0.9999999999999994
0.9999999999999999
1
1
1
1
1
1
1
1
0.9999999999999999
0.9999999999999994
0.9999999999999974
0.9999999999999869
0.9999999999999291
0.9999999999995927
0.9999999999975638
0.9999999999849574
0.9999999999047176
0.9999999993839174
0.9999999959488968
0.9999999729885511
0.9999998177927356
0.9999987588247453
0.9999914747032441
0.9999410260522825
0.9995896560420652
0.9971355769658728
0.9802039414736534
0.8752223702032069
0.4975002708268758
0.1222658698589376
0.01916824006888818
0.002727334662981529
0.0003816803982831241
5.319690189775628e-05
7.398411829395712e-06
1.027157964628156e-06
1e-06
1e-06
1e-06
1e-06
1e-06
1e-06
1e-06
1e-06
1e-06
1e-06
1e-06
1e-06
1e-06
1e-06
1e-06
1e-06
1e-06
1e-06
1e-06
1e-06
1e-06
1e-06
1e-06
1e-06
0.3898380541063252
0.8164185328899334
0.968552280692049
0.9953069635874063
0.9993112761469574
0.9998985241664549
0.9999849286425259
0.999997739675702
0.9999996571252247
0.9999999472899581
0.999999991768441
0.9999999986902461
0.9999999997868768
0.9999999999643673
0.9999999999938418
0.9999999999988913
0.9999999999997899
0.9999999999999576
0.9999999999999907
0.9999999999999978
0.9999999999999993
0.9999999999999998
0.9999999999999999
1
1
1
1
0.9999999999999999
0.9999999999999998
0.9999999999999993
0.9999999999999978
0.9999999999999907
0.9999999999999576
0.9999999999997899
0.9999999999988913
0.9999999999938418
0.9999999999643673
0.9999999997868768
0.9999999986902461
0.999999991768441
0.9999999472899581
0.9999996571252247
0.999997739675702
0.9999849286425259
0.9998985241664549
0.9993112761469574
0.9953069635874063
0.968552280692049
0.8164185328899334
0.3898380541063252
0.08372740269362922
0.01284956354895567
0.001844185268566056
0.0002613304225422275
3.687378568340005e-05
5.188170705272555e-06
1e-06
1e-06
1e-06
1e-06
1e-06
1e-06
1e-06
1e-06
1e-06
1e-06
1e-06
1e-06
1e-06
1e-06
1e-06
1e-06
1e-06
1e-06
1e-06
1e-06
1e-06
1e-06
1e-06
1e-06
1e-06
0.2767242146551706
0.7229617233820971
0.9464708293713952
0.9916600554926025
0.9987403261841868
0.9998090487063541
0.9999707592841394
0.9999954657502984
0.9999992865147789
0.9999998857980328
0.999999981351789
0.9999999968823534
0.9999999994640083
0.9999999999047176
0.9999999999823651
0.9999999999965723
0.9999999999992927
0.9999999999998428
0.9999999999999618
0.9999999999999896
0.9999999999999967
0.9999999999999988
0.9999999999999994
0.9999999999999997
0.9999999999999998
0.9999999999999998
0.9999999999999997
0.9999999999999994
0.9999999999999988
0.9999999999999967
0.9999999999999896
0.9999999999999618
0.9999999999998428
0.9999999999992927
0.9999999999965723
0.9999999999823651
0.9999999999047176
0.9999999994640083
0.9999999968823534
0.999999981351789
0.9999998857980328
0.9999992865147789
0.9999954657502984
0.9999707592841394
0.9998090487063541
0.9987403261841868
0.9916600554926025
0.9464708293713952
0.7229617233820971
0.2767242146551706
0.05281640006232913
0.008019079770485105
0.001165016422401854
0.0001675397445783933
2.397987118474276e-05
3.419745517485584e-06
1e-06
1e-06
1e-06
1e-06
1e-06
1e-06
1e-06
1e-06
1e-06
1e-06
1e-06
1e-06
1e-06
1e-06
1e-06
1e-06
1e-06
1e-06
1e-06
1e-06
1e-06
1e-06
1e-06
1e-06
1e-06
0.1756508714332795
0.5869166917052644
0.9038004747820927
0.9840107625812266
0.9974991928504373
0.9996086521002848
0.999938024609387
0.9999900331619117
0.9999983680909497
0.9999997271853671
0.9999999532760823
0.999999991768441
0.9999999985008323
0.9999999997160289
0.9999999999436389
0.9999999999881716
0.9999999999973455
0.9999999999993542
0.9999999999998268
0.9999999999999478
0.9999999999999819
0.9999999999999926
0.9999999999999963
0.9999999999999978
0.9999999999999982
0.9999999999999982
0.9999999999999978
0.9999999999999963
0.9999999999999926
0.9999999999999819
0.9999999999999478
0.9999999999998268
0.9999999999993542
0.9999999999973455
0.9999999999881716
0.9999999999436389
0.9999999997160289
0.9999999985008323
0.999999991768441
0.9999999532760823
0.9999997271853671
0.9999983680909497
0.9999900331619117
0.999938024609387
0.9996086521002848
0.9974991928504373
0.9840107625812266
0.9038004747820927
0.5869166917052644
0.1756508714332795
0.03074167320441618
0.004667551362168842
0.0006887012788283076
0.0001007225221241748
1.465071452250166e-05
2.121340577310171e-06
1e-06
1e-06
1e-06
1e-06
1e-06
1e-06
1e-06
1e-06
1e-06
1e-06
1e-06
1e-06
1e-06
1e-06
1e-06
1e-06
1e-06
1e-06
1e-06
1e-06
1e-06
1e-06
1e-06
1e-06
1e-06
0.09961294553463701
0.4185038650198917
0.8225202814592809
0.9672182433440216
0.9946365693685681
0.9991303387931583
0.9998571994434637
0.9999761251863079
0.9999959228481006
0.9999992865147789
0.9999998715728127
0.9999999761155597
0.9999999953859342
0.9999999990681379
0.999999999801725
0.999999999955141
0.9999999999890881
0.9999999999971085
0.9999999999991525
0.9999999999997202
0.9999999999998941
0.9999999999999529
0.9999999999999749
0.9999999999999838
0.9999999999999869
0.9999999999999869
0.9999999999999838
0.9999999999999749
0.9999999999999529
0.9999999999998941
0.9999999999997202
0.9999999999991525
0.9999999999971085
0.9999999999890881
0.999999999955141
0.999999999801725
0.9999999990681379
0.9999999953859342
0.9999999761155597
0.9999998715728127
0.9999992865147789
0.9999959228481006
0.9999761251863079
0.9998571994434637
0.9991303387931583
0.9946365693685681
0.9672182433440216
0.8225202814592809
0.4185038650198917
0.09961294553463701
0.01657298932826456
0.002539595086740898
0.0003816803982831241
5.687620592598197e-05
8.421770978761511e-06
1.240103591759745e-06
1e-06
1e-06
1e-06
1e-06
1e-06
1e-06
1e-06
1e-06
1e-06
1e-06
1e-06
1e-06
1e-06
1e-06
1e-06
1e-06
1e-06
1e-06
1e-06
1e-06
1e-06
1e-06
1e-06
1e-06
1e-06
