FiniteElementSpace
FiniteElementCollection: H1_3D_P1
VDim: 1
Ordering: 0

0.3898380541063252
0.8164185328899334
0.968552280692049
0.9953069635874063
0.9993112761469574
0.9998985241664549
0.9999849286425259
0.999997739675702
0.9999996571252247
0.9999999472899581
0.999999991768441
0.9999999986902461
0.9999999997868768
0.9999999999643673
0.9999999999938418
0.9999999999988913
0.9999999999997899
0.9999999999999576
0.9999999999999907
0.9999999999999978
0.9999999999999993
0.9999999999999998
0.9999999999999999
1
1
1
1
0.9999999999999999
0.9999999999999998
0.9999999999999993
0.9999999999999978
0.9999999999999907
0.9999999999999576
0.9999999999997899
0.9999999999988913
0.9999999999938418
0.9999999999643673
0.9999999997868768
0.9999999986902461
0.999999991768441
0.9999999472899581
0.9999996571252247
0.999997739675702
0.9999849286425259
0.9998985241664549
0.9993112761469574
0.9953069635874063
0.968552280692049
0.8164185328899334
0.3898380541063252
0.08372740269362922
0.01284956354895567
0.001844185268566056
0.0002613304225422275
3.687378568340005e-05
5.188170705272555e-06
1e-06
1e-06
1e-06
1e-06
1e-06
1e-06
1e-06
1e-06
1e-06
1e-06
1e-06
1e-06
1e-06
1e-06
1e-06
1e-06
1e-06
1e-06
1e-06
1e-06
1e-06
1e-06
1e-06
1e-06
1e-06
0.4975002708268758
0.8752223702032069
0.9802039414736534
0.9971355769658728
0.9995896560420652
0.9999410260522825
0.9999914747032441
0.9999987588247453
0.9999998177927356
0.9999999729885511
0.9999999959488968
0.9999999993839174
0.9999999999047176
0.9999999999849574
0.9999999999975638
0.9999999999995927
0.9999999999999291
0.9999999999999869
0.9999999999999974
0.9999999999999994
0.9999999999999999
1
1
1
1
1
1
1
1
0.9999999999999999
0.9999999999999994
0.9999999999999974
0.9999999999999869
0.9999999999999291
0.9999999999995927
0.9999999999975638
0.9999999999849574
0.9999999999047176
0.9999999993839174
0.9999999959488968
0.9999999729885511
0.9999998177927356
0.9999987588247453
0.9999914747032441
0.9999410260522825
0.9995896560420652
0.9971355769658728
0.9802039414736534
0.8752223702032069
0.4975002708268758
0.1222658698589376
0.01916824006888818
0.002727334662981529
0.0003816803982831241
5.319690189775628e-05
7.398411829395712e-06
1.027157964628156e-06
1e-06
1e-06
1e-06
1e-06
1e-06
1e-06
1e-06
1e-06
1e-06
1e-06
1e-06
1e-06
1e-06
1e-06
1e-06
1e-06
1e-06
1e-06
1e-06
1e-06
1e-06
1e-06
1e-06
1e-06
0.5869166917052644
0.910846127779919
0.9865391880045158
0.9980964789717006
0.9997326816142872
0.9999623801687798
0.9999946852198697
0.9999992456086368
0.9999998923247956
0.999999984530242
0.9999999977599822
0.9999999996725693
0.9999999999515841
0.9999999999927383
0.9999999999988913
0.9999999999998268
0.9999999999999721
0.9999999999999953
0.9999999999999991
0.9999999999999998
1
1
1
1
1
1
1
1
1
1
0.9999999999999998
0.9999999999999991
0.9999999999999953
0.9999999999999721
0.9999999999998268
0.9999999999988913
0.9999999999927383
0.9999999999515841
0.9999999996725693
0.9999999977599822
0.999999984530242
0.9999998923247956
0.9999992456086368
0.9999946852198697
0.9999623801687798
0.9997326816142872
0.9980964789717006
0.9865391880045158
0.910846127779919
0.5869166917052644
0.1647037564319837
0.0265873332874022
0.003762983765588368
0.0005212987653031576
7.19186800308691e-05
9.906063573816848e-06
1.362885297950811e-06
1e-06
1e-06
1e-06
1e-06
1e-06
1e-06
1e-06
1e-06
1e-06
1e-06
1e-06
1e-06
1e-06
1e-06
1e-06
1e-06
1e-06
1e-06
1e-06
1e-06
1e-06
1e-06
1e-06
1e-06
0.6534003800398833
0.9320471296559347
0.9900655456877525
0.9986187902929033
0.9998090487063541
0.9999735746564591
0.9999963349701023
0.9999994902975484
0.9999999288859187
0.9999999900400443
0.9999999985986281
0.999999999801725
0.9999999999717544
0.9999999999959417
0.9999999999994106
0.9999999999999132
0.9999999999999869
0.999999999999998
0.9999999999999997
1
1
1
1
1
1
1
1
1
1
1
1
0.9999999999999997
0.999999999999998
0.9999999999999869
0.9999999999999132
0.9999999999994106
0.9999999999959417
0.9999999999717544
0.999999999801725
0.9999999985986281
0.9999999900400443
0.9999999288859187
0.9999994902975484
0.9999963349701023
0.9999735746564591
0.9998090487063541
0.9986187902929033
0.9900655456877525
0.9320471296559347
0.6534003800398833
0.2055879432029922
0.03427240136814658
0.004838478236840749
0.0006650921779539076
9.102366522778516e-05
1.244260555677279e-05
1.699679082589611e-06
1e-06
1e-06
1e-06
1e-06
1e-06
1e-06
1e-06
1e-06
1e-06
1e-06
1e-06
1e-06
1e-06
1e-06
1e-06
1e-06
1e-06
1e-06
1e-06
1e-06
1e-06
1e-06
1e-06
1e-06
0.6978342283859246
0.9442805691144948
0.9920181564190662
0.9989033020744507
0.9998500921999277
0.9999795070348305
0.9999971958626437
0.9999996158260469
0.9999999472899581
0.9999999927553372
0.9999999990021694
0.9999999998622129
0.9999999999809132
0.9999999999973455
0.999999999999629
0.9999999999999478
0.9999999999999926
0.9999999999999989
0.9999999999999998
1
1
1
1
1
1
1
1
1
1
1
1
0.9999999999999998
0.9999999999999989
0.9999999999999926
0.9999999999999478
0.999999999999629
0.9999999999973455
0.9999999999809132
0.9999999998622129
0.9999999990021694
0.9999999927553372
0.9999999472899581
0.9999996158260469
0.9999971958626437
0.9999795070348305
0.9998500921999277
0.9989033020744507
0.9920181564190662
0.9442805691144948
0.6978342283859246
0.2392815907043384
0.04106256317788232
0.005793186276885853
0.0007919827896912812
0.0001077662991608164
1.465071452250166e-05
1.991030147641126e-06
1e-06
1e-06
1e-06
1e-06
1e-06
1e-06
1e-06
1e-06
1e-06
1e-06
1e-06
1e-06
1e-06
1e-06
1e-06
1e-06
1e-06
1e-06
1e-06
1e-06
1e-06
1e-06
1e-06
1e-06
0.7229617233820971
0.9506151685737203
0.9930052591450345
0.999045638680887
0.9998704414903514
0.999982420360634
0.999997614227975
0.9999996761236805
0.9999999560164196
0.9999999940242177
0.9999999991876714
0.9999999998895024
0.9999999999849574
0.9999999999979501
0.9999999999997202
0.9999999999999618
0.9999999999999948
0.9999999999999993
0.9999999999999999
1
1
1
1
1
1
1
1
1
1
1
1
0.9999999999999999
0.9999999999999993
0.9999999999999948
0.9999999999999618
0.9999999999997202
0.9999999999979501
0.9999999999849574
0.9999999998895024
0.9999999991876714
0.9999999940242177
0.9999999560164196
0.9999996761236805
0.999997614227975
0.999982420360634
0.9998704414903514
0.999045638680887
0.9930052591450345
0.9506151685737203
0.7229617233820971
0.2613042681334147
0.04575050205320447
0.006455466465385418
0.0008796758567071183
0.0001192834588044644
1.616286609884554e-05
2.189712744349315e-06
1e-06
1e-06
1e-06
1e-06
1e-06
1e-06
1e-06
1e-06
1e-06
1e-06
1e-06
1e-06
1e-06
1e-06
1e-06
1e-06
1e-06
1e-06
1e-06
1e-06
1e-06
1e-06
1e-06
1e-06
0.3898380541063252
0.8164185328899334
0.968552280692049
0.9953069635874063
0.9993112761469574
0.9998985241664549
0.9999849286425259
0.999997739675702
0.9999996571252247
0.9999999472899581
0.999999991768441
0.9999999986902461
0.9999999997868768
0.9999999999643673
0.9999999999938418
0.9999999999988913
0.9999999999997899
0.9999999999999576
0.9999999999999907
0.9999999999999978
0.9999999999999993
0.9999999999999998
0.9999999999999999
1
1
1
1
0.9999999999999999
0.9999999999999998
0.9999999999999993
0.9999999999999978
0.9999999999999907
0.9999999999999576
0.9999999999997899
0.9999999999988913
0.9999999999938418
0.9999999999643673
0.9999999997868768
0.9999999986902461
0.999999991768441
0.9999999472899581
0.9999996571252247
0.999997739675702
0.9999849286425259
0.9998985241664549
0.9993112761469574
0.9953069635874063
0.968552280692049
0.8164185328899334
0.3898380541063252
0.08372740269362922
0.01284956354895567
0.001844185268566056
0.0002613304225422275
3.687378568340005e-05
5.188170705272555e-06
1e-06
1e-06
1e-06
1e-06
1e-06
1e-06
1e-06
1e-06
1e-06
1e-06
1e-06
1e-06
1e-06
1e-06
1e-06
1e-06
1e-06
1e-06
1e-06
1e-06
1e-06
1e-06
1e-06
1e-06
1e-06
0.4975002708268758
0.8752223702032069
0.9802039414736534
0.9971355769658728
0.9995896560420652
0.9999410260522825
0.9999914747032441
0.9999987588247453
0.9999998177927356
0.9999999729885511
0.9999999959488968
0.9999999993839174
0.9999999999047176
0.9999999999849574
0.9999999999975638
0.9999999999995927
0.9999999999999291
0.9999999999999869
0.9999999999999974
0.9999999999999994
0.9999999999999999
1
1
1
1
1
1
1
1
0.9999999999999999
0.9999999999999994
0.9999999999999974
0.9999999999999869
0.9999999999999291
0.9999999999995927
0.9999999999975638
0.9999999999849574
0.9999999999047176
0.9999999993839174
0.9999999959488968
0.9999999729885511
0.9999998177927356
0.9999987588247453
0.9999914747032441
0.9999410260522825
0.9995896560420652
0.9971355769658728
0.9802039414736534
0.8752223702032069
0.4975002708268758
0.1222658698589376
0.01916824006888818
0.002727334662981529
0.0003816803982831241
5.319690189775628e-05
7.398411829395712e-06
1.027157964628156e-06
1e-06
1e-06
1e-06
1e-06
1e-06
1e-06
1e-06
1e-06
1e-06
1e-06
1e-06
1e-06
1e-06
1e-06
1e-06
1e-06
1e-06
1e-06
1e-06
1e-06
1e-06
1e-06
1e-06
1e-06
0.5869166917052644
0.910846127779919
0.9865391880045158
0.9980964789717006
0.9997326816142872
0.9999623801687798
0.9999946852198697
0.9999992456086368
0.9999998923247956
0.999999984530242
0.9999999977599822
0.9999999996725693
0.9999999999515841
0.9999999999927383
0.9999999999988913
0.9999999999998268
0.9999999999999721
0.9999999999999953
0.9999999999999991
0.9999999999999998
1
1
1
1
1
1
1
1
1
1
0.9999999999999998
0.9999999999999991
0.9999999999999953
0.9999999999999721
0.9999999999998268
0.9999999999988913
0.9999999999927383
0.9999999999515841
0.9999999996725693
0.9999999977599822
0.999999984530242
0.9999998923247956
0.9999992456086368
0.9999946852198697
0.9999623801687798
0.9997326816142872
0.9980964789717006
0.9865391880045158
0.910846127779919
0.5869166917052644
0.1647037564319837
0.0265873332874022
0.003762983765588368
0.0005212987653031576
7.19186800308691e-05
9.906063573816848e-06
1.362885297950811e-06
1e-06
1e-06
1e-06
1e-06
1e-06
1e-06
1e-06
1e-06
1e-06
1e-06
1e-06
1e-06
1e-06
1e-06
1e-06
1e-06
1e-06
1e-06
1e-06
1e-06
1e-06
1e-06
1e-06
1e-06
0.6534003800398833
0.9320471296559347
0.9900655456877525
0.9986187902929033
0.9998090487063541
0.9999735746564591
0.9999963349701023
0.9999994902975484
0.9999999288859187
0.9999999900400443
0.9999999985986281
0.999999999801725
0.9999999999717544
0.9999999999959417
0.9999999999994106
0.9999999999999132
0.9999999999999869
0.999999999999998
0.9999999999999997
1
1
1
1
1
1
1
1
1
1
1
1
0.9999999999999997
0.999999999999998
0.9999999999999869
0.9999999999999132
0.9999999999994106
0.9999999999959417
0.9999999999717544
0.999999999801725
0.9999999985986281
0.9999999900400443
0.9999999288859187
0.9999994902975484
0.9999963349701023
0.9999735746564591
0.9998090487063541
0.9986187902929033
0.9900655456877525
0.9320471296559347
0.6534003800398833
0.2055879432029922
0.03427240136814658
0.004838478236840749
0.0006650921779539076
9.102366522778516e-05
1.244260555677279e-05
1.699679082589611e-06
1e-06
1e-06
1e-06
1e-06
1e-06
1e-06
1e-06
1e-06
1e-06
1e-06
1e-06
1e-06
1e-06
1e-06
1e-06
1e-06
1e-06
1e-06
1e-06
1e-06
1e-06
1e-06
1e-06
1e-06
0.6978342283859246
0.9442805691144948
0.9920181564190662
0.9989033020744507
0.9998500921999277
0.9999795070348305
0.9999971958626437
0.9999996158260469
0.9999999472899581
0.9999999927553372
0.9999999990021694
0.9999999998622129
0.9999999999809132
0.9999999999973455
0.999999999999629
0.9999999999999478
0.9999999999999926
0.9999999999999989
0.9999999999999998
1
1
1
1
1
1
1
1
1
1
1
1
0.9999999999999998
0.9999999999999989
0.9999999999999926
0.9999999999999478
0.999999999999629
0.9999999999973455
0.9999999999809132
0.9999999998622129
0.9999999990021694
0.9999999927553372
0.9999999472899581
0.9999996158260469
0.9999971958626437
0.9999795070348305
0.9998500921999277
0.9989033020744507
0.9920181564190662
0.9442805691144948
0.6978342283859246
0.2392815907043384
0.04106256317788232
0.005793186276885853
0.0007919827896912812
0.0001077662991608164
1.465071452250166e-05
1.991030147641126e-06
1e-06
1e-06
1e-06
1e-06
1e-06
1e-06
1e-06
1e-06
1e-06
1e-06
1e-06
1e-06
1e-06
1e-06
1e-06
1e-06
1e-06
1e-06
1e-06
1e-06
1e-06
1e-06
1e-06
1e-06
0.7229617233820971
0.9506151685737203
0.9930052591450345
0.999045638680887
0.9998704414903514
0.999982420360634
0.999997614227975
0.9999996761236805
0.9999999560164196
0.9999999940242177
0.9999999991876714
0.9999999998895024
0.9999999999849574
0.9999999999979501
0.9999999999997202
0.9999999999999618
0.9999999999999948
0.9999999999999993
0.9999999999999999
1
1
1
1
1
1
1
1
1
1
1
1
0.9999999999999999
0.9999999999999993
0.9999999999999948
0.9999999999999618
0.9999999999997202
0.9999999999979501
0.9999999999849574
0.9999999998895024
0.9999999991876714
0.9999999940242177
0.9999999560164196
0.9999996761236805
0.999997614227975
0.999982420360634
0.9998704414903514
0.999045638680887
0.9930052591450345
0.9506151685737203
0.7229617233820971
0.2613042681334147
0.04575050205320447
0.006455466465385418
0.0008796758567071183
0.0001192834588044644
1.616286609884554e-05
2.189712744349315e-06
1e-06
1e-06
1e-06
1e-06
1e-06
1e-06
1e-06
1e-06
1e-06
1e-06
1e-06
1e-06
1e-06
1e-06
1e-06
1e-06
1e-06
1e-06
1e-06
1e-06
1e-06
1e-06
1e-06
1e-06
