FiniteElementSpace
FiniteElementCollection: H1_2D_P1
VDim: 1
Ordering: 0

0.01564957091802044
0.08040011384507734
0.321995711804223
0.7156686349377923
0.9290579449332396
0.9851811144222675
0.9969723101001968
0.9993681041310758
0.9998650901998227
0.9999703083612896
0.9999931782289644
0.9999983737477043
0.9999995952516839
0.9999998948304906
0.9999999711166354
0.9999999916158522
0.9999999974276901
0.9999999991503137
0.9999999996978206
0.9999999998842977
0.9999999999517124
0.9999999999777622
0.9999999999887685
0.9999999999937406
0.9999999999960787
0.9999999999972558
0.9999999999978413
0.9999999999980913
0.9999999999980913
0.9999999999978413
0.9999999999972558
0.9999999999960787
0.9999999999937406
0.9999999999887685
0.9999999999777622
0.9999999999517124
0.9999999998842977
0.9999999996978206
0.9999999991503137
0.9999999974276901
0.9999999916158522
0.9999999711166354
0.9999998948304906
0.9999995952516839
0.9999983737477043
0.9999931782289644
0.9999703083612896
0.9998650901998227
0.9993681041310758
0.9969723101001968
0.9851811144222675
0.9290579449332396
0.7156686349377923
0.321995711804223
0.08040011384507734
0.01564957091802044
0.002830082320622762
0.0005002011070795453
8.662407474435696e-05
1.481286033472307e-05
2.501890178530086e-06
1e-06
1e-06
1e-06
1e-06
1e-06
1e-06
1e-06
1e-06
1e-06
1e-06
1e-06
1e-06
1e-06
1e-06
1e-06
1e-06
1e-06
1e-06
1e-06
1e-06
1e-06
1e-06
1e-06
1e-06
1e-06
1e-06
1e-06
1e-06
1e-06
1e-06
1e-06
1e-06
1e-06
1e-06
1e-06
1e-06
0.0417940923212331
0.1973283041647502
0.5793242521487495
0.8827218351901862
0.9758367291150234
0.9952923429054008
0.999080507937002
0.9998153609524397
0.9999620218482423
0.9999919451714308
0.9999982274275336
0.9999995952516839
0.999999904103859
0.9999999761330041
0.9999999937601376
0.9999999982650855
0.9999999994901594
0.9999999998396796
0.9999999999460562
0.999999999980216
0.9999999999920914
0.9999999999965115
0.9999999999983123
0.9999999999990823
0.999999999999446
0.9999999999996194
0.999999999999706
0.9999999999997418
0.9999999999997418
0.999999999999706
0.9999999999996194
0.999999999999446
0.9999999999990823
0.9999999999983123
0.9999999999965115
0.9999999999920914
0.999999999980216
0.9999999999460562
0.9999999998396796
0.9999999994901594
0.9999999982650855
0.9999999937601376
0.9999999761330041
0.999999904103859
0.9999995952516839
0.9999982274275336
0.9999919451714308
0.9999620218482423
0.9998153609524397
0.999080507937002
0.9952923429054008
0.9758367291150234
0.8827218351901862
0.5793242521487495
0.1973283041647502
0.0417940923212331
0.007493825297259227
0.001297323462555067
0.0002193515727677009
3.660150429085629e-05
6.069017902177176e-06
1e-06
1e-06
1e-06
1e-06
1e-06
1e-06
1e-06
1e-06
1e-06
1e-06
1e-06
1e-06
1e-06
1e-06
1e-06
1e-06
1e-06
1e-06
1e-06
1e-06
1e-06
1e-06
1e-06
1e-06
1e-06
1e-06
1e-06
1e-06
1e-06
1e-06
1e-06
1e-06
1e-06
1e-06
1e-06
1e-06
0.1017013929046535
0.3983589091254777
0.7907133665317223
0.9551464327371966
0.9916357121294677
0.9984496024674705
0.9997070994887921
0.9999433443134857
0.9999887701405721
0.9999977187146232
0.9999995191414999
0.9999998948304906
0.9999999761330041
0.999999994345246
0.999999998583936
0.9999999996274944
0.9999999998957902
0.9999999999689966
0.999999999990008
0.9999999999965115
0.9999999999986724
0.999999999999446
0.9999999999997418
0.9999999999998654
0.9999999999999207
0.9999999999999472
0.9999999999999597
0.999999999999965
0.999999999999965
0.9999999999999597
0.9999999999999472
0.9999999999999207
0.9999999999998654
0.9999999999997418
0.999999999999446
0.9999999999986724
0.9999999999965115
0.999999999990008
0.9999999999689966
0.9999999998957902
0.9999999996274944
0.999999998583936
0.999999994345246
0.9999999761330041
0.9999998948304906
0.9999995191414999
0.9999977187146232
0.9999887701405721
0.9999433443134857
0.9997070994887921
0.9984496024674705
0.9916357121294677
0.9551464327371966
0.7907133665317223
0.3983589091254777
0.1017013929046535
0.01887671021707804
0.003199556260698067
0.000528671027655303
8.662407474435696e-05
1.401477216128599e-05
2.239555814631533e-06
1e-06
1e-06
1e-06
1e-06
1e-06
1e-06
1e-06
1e-06
1e-06
1e-06
1e-06
1e-06
1e-06
1e-06
1e-06
1e-06
1e-06
1e-06
1e-06
1e-06
1e-06
1e-06
1e-06
1e-06
1e-06
1e-06
1e-06
1e-06
1e-06
1e-06
1e-06
1e-06
1e-06
1e-06
1e-06
0.2196525468793083
0.6264279977657229
0.9084940728046484
0.9829663588260549
0.9969723101001968
0.9994581611826228
0.9999014270783526
0.999981739813899
0.9999965119137837
0.9999993171043424
0.9999998621256694
0.9999999711166354
0.9999999937601376
0.999999998583936
0.999999999664495
0.9999999999164983
0.9999999999777622
0.9999999999937406
0.9999999999980913
0.9999999999993695
0.9999999999997731
0.9999999999999092
0.9999999999999597
0.9999999999999799
0.9999999999999887
0.9999999999999927
0.9999999999999944
0.9999999999999952
0.9999999999999952
0.9999999999999944
0.9999999999999927
0.9999999999999887
0.9999999999999799
0.9999999999999597
0.9999999999999092
0.9999999999997731
0.9999999999993695
0.9999999999980913
0.9999999999937406
0.9999999999777622
0.9999999999164983
0.999999999664495
0.999999998583936
0.9999999937601376
0.9999999711166354
0.9999998621256694
0.9999993171043424
0.9999965119137837
0.999981739813899
0.9999014270783526
0.9994581611826228
0.9969723101001968
0.9829663588260549
0.9084940728046484
0.6264279977657229
0.2196525468793083
0.04432922835815761
0.007493825297259227
0.0012199894815349
0.0001951516455330204
3.080840188934841e-05
4.863019499035115e-06
1e-06
1e-06
1e-06
1e-06
1e-06
1e-06
1e-06
1e-06
1e-06
1e-06
1e-06
1e-06
1e-06
1e-06
1e-06
1e-06
1e-06
1e-06
1e-06
1e-06
1e-06
1e-06
1e-06
1e-06
1e-06
1e-06
1e-06
1e-06
1e-06
1e-06
1e-06
1e-06
1e-06
1e-06
1e-06
0.3983589091254777
0.8016951733153306
0.9608342772032357
0.9932455021206341
0.9988456662296057
0.9998012128154834
0.9999649416449401
0.9999937413416706
0.9999988478114141
0.9999997839362911
0.9999999582167073
0.9999999916158522
0.9999999982650855
0.9999999996274944
0.9999999999164983
0.999999999980216
0.9999999999950457
0.9999999999986724
0.9999999999996194
0.9999999999998818
0.9999999999999597
0.9999999999999849
0.9999999999999936
0.9999999999999969
0.9999999999999983
0.9999999999999989
0.9999999999999992
0.9999999999999993
0.9999999999999993
0.9999999999999992
0.9999999999999989
0.9999999999999983
0.9999999999999969
0.9999999999999936
0.9999999999999849
0.9999999999999597
0.9999999999998818
0.9999999999996194
0.9999999999986724
0.9999999999950457
0.999999999980216
0.9999999999164983
0.9999999996274944
0.9999999982650855
0.9999999916158522
0.9999999582167073
0.9999997839362911
0.9999988478114141
0.9999937413416706
0.9999649416449401
0.9998012128154834
0.9988456662296057
0.9932455021206341
0.9608342772032357
0.8016951733153306
0.3983589091254777
0.0962155417106928
0.0166263561078816
0.002661623462708818
0.000418480565905488
6.486892943513567e-05
9.990697533268644e-06
1.529192468929796e-06
1e-06
1e-06
1e-06
1e-06
1e-06
1e-06
1e-06
1e-06
1e-06
1e-06
1e-06
1e-06
1e-06
1e-06
1e-06
1e-06
1e-06
1e-06
1e-06
1e-06
1e-06
1e-06
1e-06
1e-06
1e-06
1e-06
1e-06
1e-06
1e-06
1e-06
1e-06
1e-06
1e-06
1e-06
0.5942441074966525
0.9021670668959911
0.9829663588260549
0.9971872312565231
0.9995353893767096
0.9999224581625701
0.9999868216635597
0.9999977187146232
0.9999995952516839
0.9999999272999053
0.9999999864505935
0.9999999974276901
0.9999999994901594
0.9999999998957902
0.9999999999777622
0.9999999999950457
0.9999999999988263
0.999999999999706
0.9999999999999207
0.9999999999999769
0.9999999999999927
0.9999999999999973
0.9999999999999989
0.9999999999999996
0.9999999999999998
0.9999999999999998
0.9999999999999999
0.9999999999999999
0.9999999999999999
0.9999999999999999
0.9999999999999998
0.9999999999999998
0.9999999999999996
0.9999999999999989
0.9999999999999973
0.9999999999999927
0.9999999999999769
0.9999999999999207
0.999999999999706
0.9999999999988263
0.9999999999950457
0.9999999999777622
0.9999999998957902
0.9999999994901594
0.9999999974276901
0.9999999864505935
0.9999999272999053
0.9999995952516839
0.9999977187146232
0.9999868216635597
0.9999224581625701
0.9995353893767096
0.9971872312565231
0.9829663588260549
0.9021670668959911
0.5942441074966525
0.1877624289528544
0.03478794437928473
0.005519977895620309
0.0008540935361230351
0.0001300199918153333
1.965964035283152e-05
2.954117357123476e-06
1e-06
1e-06
1e-06
1e-06
1e-06
1e-06
1e-06
1e-06
1e-06
1e-06
1e-06
1e-06
1e-06
1e-06
1e-06
1e-06
1e-06
1e-06
1e-06
1e-06
1e-06
1e-06
1e-06
1e-06
1e-06
1e-06
1e-06
1e-06
1e-06
1e-06
1e-06
1e-06
1e-06
1e-06
0.7551284067811068
0.9521553650530574
0.9921788899038304
0.9987573066958562
0.9998012128154834
0.9999676369721351
0.9999946994374858
0.999999110235114
0.999999848792918
0.9999999738250127
0.9999999953273453
0.9999999991503137
0.9999999998396796
0.9999999999689966
0.9999999999937406
0.9999999999986724
0.999999999999706
0.9999999999999307
0.9999999999999826
0.9999999999999952
0.9999999999999986
0.9999999999999996
0.9999999999999998
1
1
1
1
1
1
1
1
1
1
0.9999999999999998
0.9999999999999996
0.9999999999999986
0.9999999999999952
0.9999999999999826
0.9999999999999307
0.999999999999706
0.9999999999986724
0.9999999999937406
0.9999999999689966
0.9999999998396796
0.9999999991503137
0.9999999953273453
0.9999999738250127
0.999999848792918
0.999999110235114
0.9999946994374858
0.9999676369721351
0.9998012128154834
0.9987573066958562
0.9921788899038304
0.9521553650530574
0.7551284067811068
0.321995711804223
0.06737731577231465
0.01087053585252767
0.001648641196111966
0.000246551690232466
3.660150429085629e-05
5.432656290216276e-06
1e-06
1e-06
1e-06
1e-06
1e-06
1e-06
1e-06
1e-06
1e-06
1e-06
1e-06
1e-06
1e-06
1e-06
1e-06
1e-06
1e-06
1e-06
1e-06
1e-06
1e-06
1e-06
1e-06
1e-06
1e-06
1e-06
1e-06
1e-06
1e-06
1e-06
1e-06
1e-06
1e-06
1e-06
0.8592688800689952
0.9758367291150234
0.9962242923955755
0.9994166582540032
0.9999090050350976
0.9999856359728994
0.9999977187146232
0.9999996309405377
0.999999939182282
0.9999999898536709
0.9999999982650855
0.9999999996978206
0.9999999999460562
0.999999999990008
0.9999999999980913
0.9999999999996194
0.9999999999999207
0.9999999999999826
0.9999999999999959
0.9999999999999989
0.9999999999999998
0.9999999999999999
1
1
1
1
1
1
1
1
1
1
1
1
0.9999999999999999
0.9999999999999998
0.9999999999999989
0.9999999999999959
0.9999999999999826
0.9999999999999207
0.9999999999996194
0.9999999999980913
0.999999999990008
0.9999999999460562
0.9999999996978206
0.9999999982650855
0.9999999898536709
0.999999939182282
0.9999996309405377
0.9999977187146232
0.9999856359728994
0.9999090050350976
0.9994166582540032
0.9962242923955755
0.9758367291150234
0.8592688800689952
0.4784748509897674
0.1211549325246969
0.02005081790297303
0.003009171068109162
0.0004423012609584553
6.486892943513567e-05
9.452415679234161e-06
1.377299317317782e-06
1e-06
1e-06
1e-06
1e-06
1e-06
1e-06
1e-06
1e-06
1e-06
1e-06
1e-06
1e-06
1e-06
1e-06
1e-06
1e-06
1e-06
1e-06
1e-06
1e-06
1e-06
1e-06
1e-06
1e-06
1e-06
1e-06
1e-06
1e-06
1e-06
1e-06
1e-06
1e-06
1e-06
0.9191437193293517
0.9871116778287208
0.9980539390149145
0.9997070994887921
0.9999554325197351
0.9999931782289644
0.9999989429209397
0.9999998341708605
0.9999999738250127
0.9999999957654976
0.9999999993064729
0.9999999998842977
0.999999999980216
0.9999999999965115
0.9999999999993695
0.9999999999998818
0.9999999999999769
0.9999999999999952
0.9999999999999989
0.9999999999999998
1
1
1
1
1
1
1
1
1
1
1
1
1
1
1
1
0.9999999999999998
0.9999999999999989
0.9999999999999952
0.9999999999999769
0.9999999999998818
0.9999999999993695
0.9999999999965115
0.999999999980216
0.9999999998842977
0.9999999993064729
0.9999999957654976
0.9999999738250127
0.9999998341708605
0.9999989429209397
0.9999931782289644
0.9999554325197351
0.9997070994887921
0.9980539390149145
0.9871116778287208
0.9191437193293517
0.6264279977657229
0.1973283041647502
0.03478794437928473
0.005192238418299411
0.0007552604860893153
0.0001087713458676753
1.565639589418133e-05
2.239555814631533e-06
1e-06
1e-06
1e-06
1e-06
1e-06
1e-06
1e-06
1e-06
1e-06
1e-06
1e-06
1e-06
1e-06
1e-06
1e-06
1e-06
1e-06
1e-06
1e-06
1e-06
1e-06
1e-06
1e-06
1e-06
1e-06
1e-06
1e-06
1e-06
1e-06
1e-06
1e-06
1e-06
1e-06
0.9521553650530574
0.9927315922522806
0.9989277498582153
0.9998426566869437
0.9999766435817782
0.9999965119137837
0.9999994758767581
0.9999999202696455
0.9999999877211139
0.9999999980855705
0.9999999996978206
0.9999999999517124
0.9999999999920914
0.9999999999986724
0.9999999999997731
0.9999999999999597
0.9999999999999927
0.9999999999999986
0.9999999999999998
1
1
1
1
1
1
1
1
1
1
1
1
1
1
1
1
1
1
0.9999999999999998
0.9999999999999986
0.9999999999999927
0.9999999999999597
0.9999999999997731
0.9999999999986724
0.9999999999920914
0.9999999999517124
0.9999999996978206
0.9999999980855705
0.9999999877211139
0.9999999202696455
0.9999994758767581
0.9999965119137837
0.9999766435817782
0.9998426566869437
0.9989277498582153
0.9927315922522806
0.9521553650530574
0.7423964335493691
0.2931777789064324
0.05633466403195297
0.008466992046065547
0.0012199894815349
0.0001736211077612015
2.468646461073476e-05
3.488086216307806e-06
1e-06
1e-06
1e-06
1e-06
1e-06
1e-06
1e-06
1e-06
1e-06
1e-06
1e-06
1e-06
1e-06
1e-06
1e-06
1e-06
1e-06
1e-06
1e-06
1e-06
1e-06
1e-06
1e-06
1e-06
1e-06
1e-06
1e-06
1e-06
1e-06
1e-06
1e-06
1e-06
1e-06
0.9702024019342743
0.9956259936631783
0.9993681041310758
0.9999090050350976
0.9999868216635597
0.9999980679424001
0.9999997167464376
0.9999999582167073
0.9999999937601376
0.9999999990566073
0.9999999998564899
0.9999999999777622
0.9999999999965115
0.999999999999446
0.9999999999999092
0.9999999999999849
0.9999999999999973
0.9999999999999996
0.9999999999999999
1
1
1
1
1
1
1
1
1
1
1
1
1
1
1
1
1
1
0.9999999999999999
0.9999999999999996
0.9999999999999973
0.9999999999999849
0.9999999999999092
0.999999999999446
0.9999999999965115
0.9999999999777622
0.9999999998564899
0.9999999990566073
0.9999999937601376
0.9999999582167073
0.9999997167464376
0.9999980679424001
0.9999868216635597
0.9999090050350976
0.9993681041310758
0.9956259936631783
0.9702024019342743
0.8232409668812207
0.3983589091254777
0.08554929764930685
0.01304584565793304
0.001852748186630282
0.000260588424035757
3.660150429085629e-05
5.139952712562845e-06
1e-06
1e-06
1e-06
1e-06
1e-06
1e-06
1e-06
1e-06
1e-06
1e-06
1e-06
1e-06
1e-06
1e-06
1e-06
1e-06
1e-06
1e-06
1e-06
1e-06
1e-06
1e-06
1e-06
1e-06
1e-06
1e-06
1e-06
1e-06
1e-06
1e-06
1e-06
1e-06
1e-06
0.9804271732516341
0.9971872312565231
0.999601614637018
0.9999433443134857
0.9999919451714308
0.9999988478114141
0.9999998341708605
0.9999999761330041
0.9999999965223987
0.9999999994901594
0.9999999999247924
0.9999999999887685
0.9999999999983123
0.9999999999997418
0.9999999999999597
0.9999999999999936
0.9999999999999989
0.9999999999999998
1
1
1
1
1
1
1
1
1
1
1
1
1
1
1
1
1
1
1
1
0.9999999999999998
0.9999999999999989
0.9999999999999936
0.9999999999999597
0.9999999999997418
0.9999999999983123
0.9999999999887685
0.9999999999247924
0.9999999994901594
0.9999999965223987
0.9999999761330041
0.9999998341708605
0.9999988478114141
0.9999919451714308
0.9999433443134857
0.999601614637018
0.9971872312565231
0.9804271732516341
0.8755304943753631
0.4953847464679947
0.1211549325246969
0.01887671021707804
0.002661623462708818
0.0003723199455488713
5.166030365266749e-05
7.166013808068694e-06
1e-06
1e-06
1e-06
1e-06
1e-06
1e-06
1e-06
1e-06
1e-06
1e-06
1e-06
1e-06
1e-06
1e-06
1e-06
1e-06
1e-06
1e-06
1e-06
1e-06
1e-06
1e-06
1e-06
1e-06
1e-06
1e-06
1e-06
1e-06
1e-06
1e-06
1e-06
1e-06
1e-06
0.986221468238049
0.9980539390149145
0.9997279440630287
0.9999620218482423
0.9999946994374858
0.9999992556615318
0.9999998948304906
0.9999999851403358
0.9999999978874807
0.9999999996978206
0.9999999999565088
0.9999999999937406
0.9999999999990823
0.9999999999998654
0.9999999999999799
0.9999999999999969
0.9999999999999996
1
1
1
1
1
1
1
1
1
1
1
1
1
1
1
1
1
1
1
1
1
1
0.9999999999999996
0.9999999999999969
0.9999999999999799
0.9999999999998654
0.9999999999990823
0.9999999999937406
0.9999999999565088
0.9999999996978206
0.9999999978874807
0.9999999851403358
0.9999998948304906
0.9999992556615318
0.9999946994374858
0.9999620218482423
0.9997279440630287
0.9980539390149145
0.986221468238049
0.9084940728046484
0.5793242521487495
0.1595555848735419
0.02565759702405512
0.003617090929377564
0.0005002011070795453
6.898596706744753e-05
9.452415679234161e-06
1.303092159177233e-06
1e-06
1e-06
1e-06
1e-06
1e-06
1e-06
1e-06
1e-06
1e-06
1e-06
1e-06
1e-06
1e-06
1e-06
1e-06
1e-06
1e-06
1e-06
1e-06
1e-06
1e-06
1e-06
1e-06
1e-06
1e-06
1e-06
1e-06
1e-06
1e-06
1e-06
1e-06
1e-06
0.9895830164788834
0.9985598092233527
0.9998012128154834
0.9999725911003864
0.9999961980778946
0.9999994758767581
0.9999999272999053
0.9999999898536709
0.999999998583936
0.9999999998023682
0.9999999999722474
0.9999999999960787
0.999999999999446
0.9999999999999207
0.9999999999999887
0.9999999999999983
0.9999999999999998
1
1
1
1
1
1
1
1
1
1
1
1
1
1
1
1
1
1
1
1
1
1
0.9999999999999998
0.9999999999999983
0.9999999999999887
0.9999999999999207
0.999999999999446
0.9999999999960787
0.9999999999722474
0.9999999998023682
0.999999998583936
0.9999999898536709
0.9999999272999053
0.9999994758767581
0.9999961980778946
0.9999725911003864
0.9998012128154834
0.9985598092233527
0.9895830164788834
0.9290579449332396
0.6421287133940828
0.1973283041647502
0.03258519781487784
0.004593716724265007
0.0006318958689241483
8.662407474435696e-05
1.186935925540089e-05
1.616275335236672e-06
1e-06
1e-06
1e-06
1e-06
1e-06
1e-06
1e-06
1e-06
1e-06
1e-06
1e-06
1e-06
1e-06
1e-06
1e-06
1e-06
1e-06
1e-06
1e-06
1e-06
1e-06
1e-06
1e-06
1e-06
1e-06
1e-06
1e-06
1e-06
1e-06
1e-06
1e-06
1e-06
0.9916357121294677
0.9988456662296057
0.9998426566869437
0.9999784392698292
0.9999970458826428
0.9999995952516839
0.9999999445449117
0.9999999924020292
0.9999999989589926
0.9999999998564899
0.999999999980216
0.9999999999972558
0.9999999999996194
0.9999999999999472
0.9999999999999927
0.9999999999999989
0.9999999999999998
1
1
1
1
1
1
1
1
1
1
1
1
1
1
1
1
1
1
1
1
1
1
0.9999999999999998
0.9999999999999989
0.9999999999999927
0.9999999999999472
0.9999999999996194
0.9999999999972558
0.999999999980216
0.9999999998564899
0.9999999989589926
0.9999999924020292
0.9999999445449117
0.9999995952516839
0.9999970458826428
0.9999784392698292
0.9998426566869437
0.9988456662296057
0.9916357121294677
0.9416700059088283
0.6873356096416607
0.2303822909466767
0.03916572279676434
0.005519977895620309
0.0007552604860893153
0.0001029114777780782
1.401477216128599e-05
1.908424209440263e-06
1e-06
1e-06
1e-06
1e-06
1e-06
1e-06
1e-06
1e-06
1e-06
1e-06
1e-06
1e-06
1e-06
1e-06
1e-06
1e-06
1e-06
1e-06
1e-06
1e-06
1e-06
1e-06
1e-06
1e-06
1e-06
1e-06
1e-06
1e-06
1e-06
1e-06
1e-06
1e-06
0.9927315922522806
0.999010106761381
0.9998650901998227
0.999981739813899
0.9999975134587545
0.9999996614052515
0.9999999541761704
0.9999999937601376
0.9999999991503137
0.9999999998842977
0.9999999999842447
0.9999999999978413
0.999999999999706
0.9999999999999597
0.9999999999999944
0.9999999999999992
0.9999999999999999
1
1
1
1
1
1
1
1
1
1
1
1
1
1
1
1
1
1
1
1
1
1
0.9999999999999999
0.9999999999999992
0.9999999999999944
0.9999999999999597
0.999999999999706
0.9999999999978413
0.9999999999842447
0.9999999998842977
0.9999999991503137
0.9999999937601376
0.9999999541761704
0.9999996614052515
0.9999975134587545
0.999981739813899
0.9998650901998227
0.999010106761381
0.9927315922522806
0.948975492784262
0.7156686349377923
0.2552568252764339
0.04432922835815761
0.00623842708461092
0.0008540935361230351
0.0001156744167042922
1.565639589418133e-05
2.118891457347782e-06
1e-06
1e-06
1e-06
1e-06
1e-06
1e-06
1e-06
1e-06
1e-06
1e-06
1e-06
1e-06
1e-06
1e-06
1e-06
1e-06
1e-06
1e-06
1e-06
1e-06
1e-06
1e-06
1e-06
1e-06
1e-06
1e-06
1e-06
1e-06
1e-06
1e-06
1e-06
1e-06
0.9932455021206341
0.999080507937002
0.9998754612664082
0.9999831437000575
0.9999977187146232
0.9999996912609883
0.9999999582167073
0.999999994345246
0.9999999992299883
0.9999999998957902
0.9999999999858967
0.9999999999980913
0.9999999999997418
0.999999999999965
0.9999999999999952
0.9999999999999993
0.9999999999999999
1
1
1
1
1
1
1
1
1
1
1
1
1
1
1
1
1
1
1
1
1
1
0.9999999999999999
0.9999999999999993
0.9999999999999952
0.999999999999965
0.9999999999997418
0.9999999999980913
0.9999999999858967
0.9999999998957902
0.9999999992299883
0.999999994345246
0.9999999582167073
0.9999996912609883
0.9999977187146232
0.9999831437000575
0.9998754612664082
0.999080507937002
0.9932455021206341
0.9521553650530574
0.7292398330517592
0.2671304174422713
0.04701059567203436
0.00663176285200251
0.0009026877423372048
0.0001222609286574694
1.654796677214021e-05
2.239555814631533e-06
1e-06
1e-06
1e-06
1e-06
1e-06
1e-06
1e-06
1e-06
1e-06
1e-06
1e-06
1e-06
1e-06
1e-06
1e-06
1e-06
1e-06
1e-06
1e-06
1e-06
1e-06
1e-06
1e-06
1e-06
1e-06
1e-06
1e-06
1e-06
1e-06
1e-06
1e-06
1e-06
