FiniteElementSpace
FiniteElementCollection: H1_3D_P1
VDim: 1
Ordering: 0

0.001600553078617339
0.008939309722050648
0.0474258731775668
0.2120242934966486
0.5869166917052644
0.879699162128498
0.9733918457313135
0.9943930764760612
0.9987971164034475
0.9997326816142872
0.999938024609387
0.9999849286425259
0.9999961342508511
0.9999989478335694
0.9999996940977731
0.9999999043099481
0.999999967542076
0.9999999879625067
0.9999999950767748
0.9999999977599822
0.9999999988564376
0.9999999993396562
0.9999999995656084
0.9999999996725693
0.9999999997160289
0.9999999997160289
0.9999999996725693
0.9999999995656084
0.9999999993396562
0.9999999988564376
0.9999999977599822
0.9999999950767748
0.9999999879625067
0.999999967542076
0.9999999043099481
0.9999996940977731
0.9999989478335694
0.9999961342508511
0.9999849286425259
0.999938024609387
0.9997326816142872
0.9987971164034475
0.9943930764760612
0.9733918457313135
0.879699162128498
0.5869166917052644
0.2120242934966486
0.0474258731775668
0.008939309722050648
0.001600553078617339
0.0002799127104214927
4.812607984655548e-05
8.153163445545619e-06
1.362885297950811e-06
1e-06
1e-06
1e-06
1e-06
1e-06
1e-06
1e-06
1e-06
1e-06
1e-06
1e-06
1e-06
1e-06
1e-06
1e-06
1e-06
1e-06
1e-06
1e-06
1e-06
1e-06
1e-06
1e-06
1e-06
1e-06
1e-06
1e-06
0.000578594678809774
0.003146204214825365
0.01657298932826456
0.08084604245343296
0.3092681046568999
0.689191370503332
0.9141959399902164
0.9802039414736534
0.9955117488571487
0.9989529079578827
0.9997451824731658
0.9999348744053946
0.999982420360634
0.9999949589120753
0.9999984547652929
0.9999994902975484
0.9999998177927356
0.9999999288859187
0.9999999694662934
0.999999985467952
0.9999999922771348
0.9999999953859342
0.9999999968823534
0.9999999976061746
0.9999999979042158
0.9999999979042158
0.9999999976061746
0.9999999968823534
0.9999999953859342
0.9999999922771348
0.999999985467952
0.9999999694662934
0.9999999288859187
0.9999998177927356
0.9999994902975484
0.9999984547652929
0.9999949589120753
0.999982420360634
0.9999348744053946
0.9997451824731658
0.9989529079578827
0.9955117488571487
0.9802039414736534
0.9141959399902164
0.689191370503332
0.3092681046568999
0.08084604245343296
0.01657298932826456
0.003146204214825365
0.000578594678809774
0.0001041838960218477
1.84291219602617e-05
3.208125948006568e-06
1e-06
1e-06
1e-06
1e-06
1e-06
1e-06
1e-06
1e-06
1e-06
1e-06
1e-06
1e-06
1e-06
1e-06
1e-06
1e-06
1e-06
1e-06
1e-06
1e-06
1e-06
1e-06
1e-06
1e-06
1e-06
1e-06
1e-06
1e-06
0.00019870319620785
0.001048363488123816
0.005390292263184548
0.0265873332874022
0.1181971616668989
0.3898380541063252
0.7468157089908961
0.9293256953783313
0.982580982566098
0.995707828980201
0.9989033020744507
0.9997058590207343
0.9999166283617278
0.9999748814544687
0.999991908445476
0.9999971958626437
0.9999989478335694
0.9999995697099971
0.9999998069213452
0.9999999043099481
0.9999999472899581
0.999999967542076
0.9999999775445081
0.9999999824757924
0.999999984530242
0.999999984530242
0.9999999824757924
0.9999999775445081
0.999999967542076
0.9999999472899581
0.9999999043099481
0.9999998069213452
0.9999995697099971
0.9999989478335694
0.9999971958626437
0.999991908445476
0.9999748814544687
0.9999166283617278
0.9997058590207343
0.9989033020744507
0.995707828980201
0.982580982566098
0.9293256953783313
0.7468157089908961
0.3898380541063252
0.1181971616668989
0.0265873332874022
0.005390292263184548
0.001048363488123816
0.00019870319620785
3.687378568340005e-05
6.714551543052227e-06
1.201722995114451e-06
1e-06
1e-06
1e-06
1e-06
1e-06
1e-06
1e-06
1e-06
1e-06
1e-06
1e-06
1e-06
1e-06
1e-06
1e-06
1e-06
1e-06
1e-06
1e-06
1e-06
1e-06
1e-06
1e-06
1e-06
1e-06
1e-06
1e-06
1e-06
6.503043073008419e-05
0.0003324727925698712
0.001658213948795395
0.008019079770485105
0.03684494428386714
0.1493468262593726
0.4379765511991168
0.7693258316757621
0.9320471296559347
0.9818208192124133
0.9950931003770964
0.9986187902929033
0.9995896560420652
0.9998704414903514
0.9999562737227816
0.9999841339930673
0.9999937744615761
0.9999973426847711
0.9999987588247453
0.9999993619593481
0.9999996370459385
0.9999997703915178
0.9999998377811621
0.9999998715728127
0.9999998857980328
0.9999998857980328
0.9999998715728127
0.9999998377811621
0.9999997703915178
0.9999996370459385
0.9999993619593481
0.9999987588247453
0.9999973426847711
0.9999937744615761
0.9999841339930673
0.9999562737227816
0.9998704414903514
0.9995896560420652
0.9986187902929033
0.9950931003770964
0.9818208192124133
0.9320471296559347
0.7693258316757621
0.4379765511991168
0.1493468262593726
0.03684494428386714
0.008019079770485105
0.001658213948795395
0.0003324727925698712
6.503043073008419e-05
1.244260555677279e-05
2.333250184893831e-06
1e-06
1e-06
1e-06
1e-06
1e-06
1e-06
1e-06
1e-06
1e-06
1e-06
1e-06
1e-06
1e-06
1e-06
1e-06
1e-06
1e-06
1e-06
1e-06
1e-06
1e-06
1e-06
1e-06
1e-06
1e-06
1e-06
1e-06
1e-06
1e-06
2.033878834872827e-05
0.0001007225221241748
0.000486338994682034
0.002282270544053888
0.01033437516736541
0.04413270386442952
0.1647037564319837
0.4478006912161199
0.7619750296397481
0.9235865650327284
0.9775180194058957
0.9933071490757152
0.9979147643588351
0.9993112761469574
0.9997571121921454
0.9999080096791454
0.9999623801687798
0.9999832985781518
0.999991908445476
0.9999957002079625
0.9999974820158524
0.9999983680909497
0.9999988252292957
0.9999990579590972
0.9999991568446749
0.9999991568446749
0.9999990579590972
0.9999988252292957
0.9999983680909497
0.9999974820158524
0.9999957002079625
0.999991908445476
0.9999832985781518
0.9999623801687798
0.9999080096791454
0.9997571121921454
0.9993112761469574
0.9979147643588351
0.9933071490757152
0.9775180194058957
0.9235865650327284
0.7619750296397481
0.4478006912161199
0.1647037564319837
0.04413270386442952
0.01033437516736541
0.002282270544053888
0.000486338994682034
0.0001007225221241748
2.033878834872827e-05
4.013045161066486e-06
1e-06
1e-06
1e-06
1e-06
1e-06
1e-06
1e-06
1e-06
1e-06
1e-06
1e-06
1e-06
1e-06
1e-06
1e-06
1e-06
1e-06
1e-06
1e-06
1e-06
1e-06
1e-06
1e-06
1e-06
1e-06
1e-06
1e-06
1e-06
1e-06
1e-06
6.094827515068513e-06
2.923680382899141e-05
0.0001366136317022537
0.0006203122952225804
0.002727334662981529
0.01152307673310343
0.04575050205320447
0.1594447256264711
0.4185038650198917
0.7229617233820971
0.9000991203444957
0.9672182433440216
0.9891613434236723
0.996247357802202
0.9986187902929033
0.9994552879548504
0.9997684963529226
0.9998934301773079
0.9999466097381873
0.9999707592841394
0.999982420360634
0.9999883552304547
0.9999914747032441
0.9999930846689192
0.9999937744615761
0.9999937744615761
0.9999930846689192
0.9999914747032441
0.9999883552304547
0.999982420360634
0.9999707592841394
0.9999466097381873
0.9998934301773079
0.9997684963529226
0.9994552879548504
0.9986187902929033
0.996247357802202
0.9891613434236723
0.9672182433440216
0.9000991203444957
0.7229617233820971
0.4185038650198917
0.1594447256264711
0.04575050205320447
0.01152307673310343
0.002727334662981529
0.0006203122952225804
0.0001366136317022537
2.923680382899141e-05
6.094827515068513e-06
1.240103591759745e-06
1e-06
1e-06
1e-06
1e-06
1e-06
1e-06
1e-06
1e-06
1e-06
1e-06
1e-06
1e-06
1e-06
1e-06
1e-06
1e-06
1e-06
1e-06
1e-06
1e-06
1e-06
1e-06
1e-06
1e-06
1e-06
1e-06
1e-06
1e-06
1e-06
1e-06
0.001600553078617339
0.008939309722050648
0.0474258731775668
0.2120242934966486
0.5869166917052644
0.879699162128498
0.9733918457313135
0.9943930764760612
0.9987971164034475
0.9997326816142872
0.999938024609387
0.9999849286425259
0.9999961342508511
0.9999989478335694
0.9999996940977731
0.9999999043099481
0.999999967542076
0.9999999879625067
0.9999999950767748
0.9999999977599822
0.9999999988564376
0.9999999993396562
0.9999999995656084
0.9999999996725693
0.9999999997160289
0.9999999997160289
0.9999999996725693
0.9999999995656084
0.9999999993396562
0.9999999988564376
0.9999999977599822
0.9999999950767748
0.9999999879625067
0.999999967542076
0.9999999043099481
0.9999996940977731
0.9999989478335694
0.9999961342508511
0.9999849286425259
0.999938024609387
0.9997326816142872
0.9987971164034475
0.9943930764760612
0.9733918457313135
0.879699162128498
0.5869166917052644
0.2120242934966486
0.0474258731775668
0.008939309722050648
0.001600553078617339
0.0002799127104214927
4.812607984655548e-05
8.153163445545619e-06
1.362885297950811e-06
1e-06
1e-06
1e-06
1e-06
1e-06
1e-06
1e-06
1e-06
1e-06
1e-06
1e-06
1e-06
1e-06
1e-06
1e-06
1e-06
1e-06
1e-06
1e-06
1e-06
1e-06
1e-06
1e-06
1e-06
1e-06
1e-06
1e-06
0.000578594678809774
0.003146204214825365
0.01657298932826456
0.08084604245343296
0.3092681046568999
0.689191370503332
0.9141959399902164
0.9802039414736534
0.9955117488571487
0.9989529079578827
0.9997451824731658
0.9999348744053946
0.999982420360634
0.9999949589120753
0.9999984547652929
0.9999994902975484
0.9999998177927356
0.9999999288859187
0.9999999694662934
0.999999985467952
0.9999999922771348
0.9999999953859342
0.9999999968823534
0.9999999976061746
0.9999999979042158
0.9999999979042158
0.9999999976061746
0.9999999968823534
0.9999999953859342
0.9999999922771348
0.999999985467952
0.9999999694662934
0.9999999288859187
0.9999998177927356
0.9999994902975484
0.9999984547652929
0.9999949589120753
0.999982420360634
0.9999348744053946
0.9997451824731658
0.9989529079578827
0.9955117488571487
0.9802039414736534
0.9141959399902164
0.689191370503332
0.3092681046568999
0.08084604245343296
0.01657298932826456
0.003146204214825365
0.000578594678809774
0.0001041838960218477
1.84291219602617e-05
3.208125948006568e-06
1e-06
1e-06
1e-06
1e-06
1e-06
1e-06
1e-06
1e-06
1e-06
1e-06
1e-06
1e-06
1e-06
1e-06
1e-06
1e-06
1e-06
1e-06
1e-06
1e-06
1e-06
1e-06
1e-06
1e-06
1e-06
1e-06
1e-06
1e-06
0.00019870319620785
0.001048363488123816
0.005390292263184548
0.0265873332874022
0.1181971616668989
0.3898380541063252
0.7468157089908961
0.9293256953783313
0.982580982566098
0.995707828980201
0.9989033020744507
0.9997058590207343
0.9999166283617278
0.9999748814544687
0.999991908445476
0.9999971958626437
0.9999989478335694
0.9999995697099971
0.9999998069213452
0.9999999043099481
0.9999999472899581
0.999999967542076
0.9999999775445081
0.9999999824757924
0.999999984530242
0.999999984530242
0.9999999824757924
0.9999999775445081
0.999999967542076
0.9999999472899581
0.9999999043099481
0.9999998069213452
0.9999995697099971
0.9999989478335694
0.9999971958626437
0.999991908445476
0.9999748814544687
0.9999166283617278
0.9997058590207343
0.9989033020744507
0.995707828980201
0.982580982566098
0.9293256953783313
0.7468157089908961
0.3898380541063252
0.1181971616668989
0.0265873332874022
0.005390292263184548
0.001048363488123816
0.00019870319620785
3.687378568340005e-05
6.714551543052227e-06
1.201722995114451e-06
1e-06
1e-06
1e-06
1e-06
1e-06
1e-06
1e-06
1e-06
1e-06
1e-06
1e-06
1e-06
1e-06
1e-06
1e-06
1e-06
1e-06
1e-06
1e-06
1e-06
1e-06
1e-06
1e-06
1e-06
1e-06
1e-06
1e-06
1e-06
6.503043073008419e-05
0.0003324727925698712
0.001658213948795395
0.008019079770485105
0.03684494428386714
0.1493468262593726
0.4379765511991168
0.7693258316757621
0.9320471296559347
0.9818208192124133
0.9950931003770964
0.9986187902929033
0.9995896560420652
0.9998704414903514
0.9999562737227816
0.9999841339930673
0.9999937744615761
0.9999973426847711
0.9999987588247453
0.9999993619593481
0.9999996370459385
0.9999997703915178
0.9999998377811621
0.9999998715728127
0.9999998857980328
0.9999998857980328
0.9999998715728127
0.9999998377811621
0.9999997703915178
0.9999996370459385
0.9999993619593481
0.9999987588247453
0.9999973426847711
0.9999937744615761
0.9999841339930673
0.9999562737227816
0.9998704414903514
0.9995896560420652
0.9986187902929033
0.9950931003770964
0.9818208192124133
0.9320471296559347
0.7693258316757621
0.4379765511991168
0.1493468262593726
0.03684494428386714
0.008019079770485105
0.001658213948795395
0.0003324727925698712
6.503043073008419e-05
1.244260555677279e-05
2.333250184893831e-06
1e-06
1e-06
1e-06
1e-06
1e-06
1e-06
1e-06
1e-06
1e-06
1e-06
1e-06
1e-06
1e-06
1e-06
1e-06
1e-06
1e-06
1e-06
1e-06
1e-06
1e-06
1e-06
1e-06
1e-06
1e-06
1e-06
1e-06
1e-06
1e-06
2.033878834872827e-05
0.0001007225221241748
0.000486338994682034
0.002282270544053888
0.01033437516736541
0.04413270386442952
0.1647037564319837
0.4478006912161199
0.7619750296397481
0.9235865650327284
0.9775180194058957
0.9933071490757152
0.9979147643588351
0.9993112761469574
0.9997571121921454
0.9999080096791454
0.9999623801687798
0.9999832985781518
0.999991908445476
0.9999957002079625
0.9999974820158524
0.9999983680909497
0.9999988252292957
0.9999990579590972
0.9999991568446749
0.9999991568446749
0.9999990579590972
0.9999988252292957
0.9999983680909497
0.9999974820158524
0.9999957002079625
0.999991908445476
0.9999832985781518
0.9999623801687798
0.9999080096791454
0.9997571121921454
0.9993112761469574
0.9979147643588351
0.9933071490757152
0.9775180194058957
0.9235865650327284
0.7619750296397481
0.4478006912161199
0.1647037564319837
0.04413270386442952
0.01033437516736541
0.002282270544053888
0.000486338994682034
0.0001007225221241748
2.033878834872827e-05
4.013045161066486e-06
1e-06
1e-06
1e-06
1e-06
1e-06
1e-06
1e-06
1e-06
1e-06
1e-06
1e-06
1e-06
1e-06
1e-06
1e-06
1e-06
1e-06
1e-06
1e-06
1e-06
1e-06
1e-06
1e-06
1e-06
1e-06
1e-06
1e-06
1e-06
1e-06
1e-06
6.094827515068513e-06
2.923680382899141e-05
0.0001366136317022537
0.0006203122952225804
0.002727334662981529
0.01152307673310343
0.04575050205320447
0.1594447256264711
0.4185038650198917
0.7229617233820971
0.9000991203444957
0.9672182433440216
0.9891613434236723
0.996247357802202
0.9986187902929033
0.9994552879548504
0.9997684963529226
0.9998934301773079
0.9999466097381873
0.9999707592841394
0.999982420360634
0.9999883552304547
0.9999914747032441
0.9999930846689192
0.9999937744615761
0.9999937744615761
0.9999930846689192
0.9999914747032441
0.9999883552304547
0.999982420360634
0.9999707592841394
0.9999466097381873
0.9998934301773079
0.9997684963529226
0.9994552879548504
0.9986187902929033
0.996247357802202
0.9891613434236723
0.9672182433440216
0.9000991203444957
0.7229617233820971
0.4185038650198917
0.1594447256264711
0.04575050205320447
0.01152307673310343
0.002727334662981529
0.0006203122952225804
0.0001366136317022537
2.923680382899141e-05
6.094827515068513e-06
1.240103591759745e-06
1e-06
1e-06
1e-06
1e-06
1e-06
1e-06
1e-06
1e-06
1e-06
1e-06
1e-06
1e-06
1e-06
1e-06
1e-06
1e-06
1e-06
1e-06
1e-06
1e-06
1e-06
1e-06
1e-06
1e-06
1e-06
1e-06
1e-06
1e-06
1e-06
1e-06
