FiniteElementSpace
FiniteElementCollection: H1_2D_P1
VDim: 1
Ordering: 0

2.384378009330027e-05
2.502651733526455e-05
7.17711036222771e-06
0
0
0
0
0
0
0
0
0
0
0
0
0
0
0
0
0
0
0
0
0
0
0
0
0
0
0
0
0
0
0
0
0
0
0
0
0
0
0
0
0
0
0
0
0
0
0
0
0
0
7.281105846967092e-06
2.575719120449725e-05
2.173481106891426e-05
1.387460693434751e-05
4.684505998992586e-06
8.154665699203665e-07
1.284177827498455e-07
2.255168776908525e-08
0
0
0
0
0
0
0
0
0
0
0
0
0
0
0
0
0
0
0
0
0
0
0
0
0
0
0
0
0
0
0
0
0
0
0
0
4.255030962078972e-05
2.222609743563682e-05
4.198670962229327e-06
0
0
0
0
0
0
0
0
0
0
0
0
0
0
0
0
0
0
0
0
0
0
0
0
0
0
0
0
0
0
0
0
0
0
0
0
0
0
0
0
0
0
0
0
0
0
0
0
0
0
4.270075623484329e-06
2.390397581209027e-05
3.294238141632203e-05
1.344020896352541e-05
7.464511029043878e-06
1.167767239430107e-06
2.600300561834395e-07
1.296457775814973e-08
0
0
0
0
0
0
0
0
0
0
0
0
0
0
0
0
0
0
0
0
0
0
0
0
0
0
0
0
0
0
0
0
0
0
0
0
3.177560772877316e-05
1.587879743375853e-05
2.739940658886585e-06
0
0
0
0
0
0
0
0
0
0
0
0
0
0
0
0
0
0
0
0
0
0
0
0
0
0
0
0
0
0
0
0
0
0
0
0
0
0
0
0
0
0
0
0
0
0
0
0
0
0
2.781823136064496e-06
1.62012894937058e-05
2.592266808425589e-05
1.668178957751185e-05
9.554482026348841e-06
1.933540381068024e-06
3.352934732067309e-07
4.131437606678895e-08
0
0
0
0
0
0
0
0
0
0
0
0
0
0
0
0
0
0
0
0
0
0
0
0
0
0
0
0
0
0
0
0
0
0
0
0
3.36963374581412e-05
1.016239355248046e-05
0
0
0
0
0
0
0
0
0
0
0
0
0
0
0
0
0
0
0
0
0
0
0
0
0
0
0
0
0
0
0
0
0
0
0
0
0
0
0
0
0
0
0
0
0
0
0
0
0
0
0
0
1.042975397949105e-05
2.451856354690393e-05
1.879438186664822e-05
1.141822682729898e-05
2.809165750191017e-06
4.752303466671832e-07
6.400836408290091e-08
0
0
0
0
0
0
0
0
0
0
0
0
0
0
0
0
0
0
0
0
0
0
0
0
0
0
0
0
0
0
0
0
0
0
0
0
3.594337590406148e-05
7.077339757229307e-06
0
0
0
0
0
0
0
0
0
0
0
0
0
0
0
0
0
0
0
0
0
0
0
0
0
0
0
0
0
0
0
0
0
0
0
0
0
0
0
0
0
0
0
0
0
0
0
0
0
0
0
0
7.29351767052345e-06
2.342762532421677e-05
2.105074415931366e-05
1.301207048781642e-05
3.770889844446212e-06
6.169863571356185e-07
8.417944275621951e-08
0
0
0
0
0
0
0
0
0
0
0
0
0
0
0
0
0
0
0
0
0
0
0
0
0
0
0
0
0
0
0
0
0
0
0
0
3.857519912906625e-05
5.254504426664267e-06
0
0
0
0
0
0
0
0
0
0
0
0
0
0
0
0
0
0
0
0
0
0
0
0
0
0
0
0
0
0
0
0
0
0
0
0
0
0
0
0
0
0
0
0
0
0
0
0
0
0
0
0
5.475198233465126e-06
2.325596878876671e-05
2.580355745611722e-05
1.37478692657121e-05
4.794030888403455e-06
7.260742590862747e-07
1.316620331293219e-07
1.357368100379378e-08
0
0
0
0
0
0
0
0
0
0
0
0
0
0
0
0
0
0
0
0
0
0
0
0
0
0
0
0
0
0
0
0
0
0
0
2.983335194879833e-05
4.211700510115641e-06
0
0
0
0
0
0
0
0
0
0
0
0
0
0
0
0
0
0
0
0
0
0
0
0
0
0
0
0
0
0
0
0
0
0
0
0
0
0
0
0
0
0
0
0
0
0
0
0
0
0
0
0
4.614739960900322e-06
2.360388881692965e-05
3.116838863418898e-05
1.362187621924391e-05
5.770287996461367e-06
8.450773593532193e-07
1.579059819952041e-07
1.386713711585657e-08
0
0
0
0
0
0
0
0
0
0
0
0
0
0
0
0
0
0
0
0
0
0
0
0
0
0
0
0
0
0
0
0
0
0
0
2.55881205948823e-05
3.622752675531125e-06
0
0
0
0
0
0
0
0
0
0
0
0
0
0
0
0
0
0
0
0
0
0
0
0
0
0
0
0
0
0
0
0
0
0
0
0
0
0
0
0
0
0
0
0
0
0
0
0
0
0
0
0
4.351633312242251e-06
2.586240358285275e-05
3.402086278332701e-05
1.26812693565515e-05
6.72908121803889e-06
8.449725213467175e-07
2.101410156007831e-07
4.223561946977595e-09
0
0
0
0
0
0
0
0
0
0
0
0
0
0
0
0
0
0
0
0
0
0
0
0
0
0
0
0
0
0
0
0
0
0
0
2.378519663814569e-05
3.504279642203233e-06
0
0
0
0
0
0
0
0
0
0
0
0
0
0
0
0
0
0
0
0
0
0
0
0
0
0
0
0
0
0
0
0
0
0
0
0
0
0
0
0
0
0
0
0
0
0
0
0
0
0
0
0
4.25213844185166e-06
2.594328757151713e-05
3.448293707998984e-05
1.180457279624089e-05
7.304980169571323e-06
8.353617236257421e-07
2.397815947275175e-07
1.48254683498755e-09
0
0
0
0
0
0
0
0
0
0
0
0
0
0
0
0
0
0
0
0
0
0
0
0
0
0
0
0
0
0
0
0
0
0
0
