FiniteElementSpace
FiniteElementCollection: H1_2D_P1
VDim: 1
Ordering: 0

0
0
0
0
0
0
0
0
0
0
0
0
0
0
0
0
0
0
0
2.232982802234201e-08
1.079174660310193e-08
4.079812732395099e-08
6.388763382712836e-08
8.436032553078913e-08
1.332603234096629e-07
1.60922915074157e-07
2.159176594133175e-07
2.439601048399486e-07
2.437098344529871e-07
2.155387304181147e-07
1.605530252608536e-07
1.330369922863155e-07
8.427421476961137e-08
6.38351113325308e-08
4.108296302977228e-08
1.185448240156202e-08
2.256203656035258e-08
0
0
0
0
0
0
0
0
0
0
0
0
0
0
0
0
0
0
0
0
0
0
0
0
0
0
0
0
0
0
0
0
0
0
0
0
0
0
0
0
0
0
0
0
0
0
0
0
0
0
0
0
0
0
0
0
0
0
0
0
0
0
0
0
0
0
0
0
0
0
0
0
0
0
0
0
2.654493448245679e-08
3.323682691203795e-08
6.910805271702509e-08
1.281243787189483e-07
2.670488164700958e-07
3.365293828135681e-07
4.759701894385267e-07
6.172852456757407e-07
7.219006985035596e-07
8.355835133876262e-07
8.264493520106223e-07
8.169237385877198e-07
8.175182101853633e-07
8.277523436654948e-07
8.369022416484397e-07
7.225863332840665e-07
6.171792185361332e-07
4.76092921953713e-07
3.357243379472402e-07
2.634308959210174e-07
1.280578569371189e-07
6.95918909707172e-08
3.443705630108856e-08
2.661069180799913e-08
0
0
0
0
0
0
0
0
0
0
0
0
0
0
0
0
0
0
0
0
0
0
0
0
0
0
0
0
0
0
0
0
0
0
0
0
0
0
0
0
0
0
0
0
0
0
0
0
0
0
0
0
0
0
0
0
0
0
0
0
0
0
0
0
0
0
0
0
0
0
1.939359870399529e-08
3.870065705597146e-08
4.859820095852602e-08
1.278213510202236e-07
2.898694350256239e-07
5.090136222278264e-07
8.181033197594294e-07
1.143411690774273e-06
1.932369873138303e-06
2.805280269015388e-06
3.768892228401454e-06
4.808164058281386e-06
5.803592276668652e-06
6.794869551084517e-06
7.384569879839862e-06
7.381483797520628e-06
6.78993665109582e-06
5.799416329488083e-06
4.80541712205604e-06
3.769897319799704e-06
2.805911943868301e-06
1.933620121768531e-06
1.156711852698501e-06
8.1714905721795e-07
5.083266749886517e-07
2.862346455639066e-07
1.281240065291752e-07
4.999470909418641e-08
3.939605914797969e-08
1.915266993137464e-08
0
0
0
0
0
0
0
0
0
0
0
0
0
0
0
0
0
0
0
0
0
0
0
0
0
0
0
0
0
0
0
0
0
0
0
0
0
0
0
0
0
0
0
0
0
0
0
0
0
0
0
0
0
0
0
0
0
0
0
0
0
0
0
0
0
0
3.98874583311909e-08
6.910277103265337e-08
1.724527972898312e-07
4.604301940036921e-07
8.592336802752448e-07
1.495569560969212e-06
2.783720697469391e-06
4.673492997200852e-06
7.552552491989474e-06
9.557543137724847e-06
1.145415087548934e-05
1.305705703042579e-05
1.375590470620486e-05
1.357236453298556e-05
1.25172330193889e-05
1.168304870467077e-05
1.16877329038451e-05
1.25289697506791e-05
1.357841272462064e-05
1.375271222799009e-05
1.304276580462487e-05
1.144139863227519e-05
9.553963566191582e-06
7.50390245011989e-06
4.679222308694019e-06
2.786161484261647e-06
1.507122221771205e-06
8.578071648138877e-07
4.54465576345299e-07
1.729091401250449e-07
7.008893128961228e-08
3.974074427697912e-08
0
0
0
0
0
0
0
0
0
0
0
0
0
0
0
0
0
0
0
0
0
0
0
0
0
0
0
0
0
0
0
0
0
0
0
0
0
0
0
0
0
0
0
0
0
0
0
0
0
0
0
0
0
0
0
0
0
0
0
0
0
0
0
2.731102644051804e-08
7.850959446967118e-08
1.647341844588656e-07
4.733070048318009e-07
1.085366262104471e-06
2.052840517005682e-06
4.333440097898084e-06
7.873173901476128e-06
1.119978703864218e-05
1.396443703747691e-05
1.320845007632481e-05
1.689595278106837e-05
1.878930852908886e-05
2.113488658930738e-05
2.605258944788499e-05
3.144886593107295e-05
3.406806841934757e-05
3.422961324905013e-05
3.423529924083312e-05
3.406296206921179e-05
3.140847822127998e-05
2.600816999946482e-05
2.111501360420756e-05
1.879137366354429e-05
1.680418845400038e-05
1.333575631212781e-05
1.391141919281605e-05
1.118233411874233e-05
7.834782335128825e-06
4.339589544123603e-06
2.07748357992979e-06
1.081618543940368e-06
4.71298740532834e-07
1.652506441062054e-07
7.872160290133216e-08
2.744049499394016e-08
0
0
0
0
0
0
0
0
0
0
0
0
0
0
0
0
0
0
0
0
0
0
0
0
0
0
0
0
0
0
0
0
0
0
0
0
0
0
0
0
0
0
0
0
0
0
0
0
0
0
0
0
0
0
0
0
0
0
0
2.294820379400214e-08
4.126785158962819e-08
1.367554024461217e-07
3.596952241733649e-07
1.038678324418423e-06
2.368674529574792e-06
5.028340342181407e-06
1.008236857765491e-05
1.358816296343176e-05
1.488842600784676e-05
1.797490894895108e-05
2.172393793780527e-05
3.304601319416251e-05
2.566495462688301e-05
2.438249369412814e-05
2.344773195291292e-05
2.336844921424636e-05
2.396954415043388e-05
2.645945731055309e-05
2.59248292678596e-05
2.592329546230037e-05
2.64159146776217e-05
2.392786401996429e-05
2.335328276760637e-05
2.34496901729169e-05
2.44287627792798e-05
2.577880108293001e-05
3.298839598053464e-05
2.171771576147023e-05
1.790800008677734e-05
1.496650742543351e-05
1.354017509869547e-05
9.988975145410338e-06
5.046590442181577e-06
2.375377219190857e-06
1.038615008474771e-06
3.600323859057371e-07
1.373082623494448e-07
4.107622302581521e-08
2.299011418228913e-08
0
0
0
0
0
0
0
0
0
0
0
0
0
0
0
0
0
0
0
0
0
0
0
0
0
0
0
0
0
0
0
0
0
0
0
0
0
0
0
0
0
0
0
0
0
0
0
0
0
0
0
0
0
0
0
0
2.845745268808397e-08
6.559225436078097e-08
2.361063027717613e-07
6.830616689757262e-07
1.953636588853698e-06
4.51652508237789e-06
9.295427874298311e-06
1.448152789228631e-05
1.37882738339202e-05
1.942682443556847e-05
3.154248051299085e-05
2.53390129926166e-05
2.576349189519882e-05
2.459740817259104e-05
1.59681617340601e-05
1.029642049242182e-05
7.206721314798421e-06
5.409125149975952e-06
4.598685952178026e-06
4.34026113901951e-06
4.214218264965245e-06
4.214898351917321e-06
4.340324739133869e-06
4.600026488462113e-06
5.421397046060256e-06
7.229135358755536e-06
1.034239983270355e-05
1.606885738107178e-05
2.421303508956339e-05
2.57712052512858e-05
2.544835467862424e-05
3.137588902468534e-05
1.945398313724424e-05
1.390288312379455e-05
1.438653788138028e-05
9.279098927442441e-06
4.52147443288976e-06
1.95531149748352e-06
6.811747513174128e-07
2.357633406510556e-07
6.465022931420323e-08
2.869968315392382e-08
0
0
0
0
0
0
0
0
0
0
0
0
0
0
0
0
0
0
0
0
0
0
0
0
0
0
0
0
0
0
0
0
0
0
0
0
0
0
0
0
0
0
0
0
0
0
0
0
0
0
0
0
0
0
3.425673867597024e-08
9.771297690873869e-08
3.658879078842335e-07
1.120749968093526e-06
3.242007084292596e-06
7.333853640120856e-06
1.340289190816654e-05
1.661361748708676e-05
1.923693893924466e-05
3.153235327801981e-05
2.700103652852044e-05
2.223932713390315e-05
1.382513796239315e-05
7.193047900449002e-06
4.266999247629742e-06
2.758342082608652e-06
0
0
0
0
0
0
0
0
0
0
0
0
2.769448448772015e-06
4.269279402539485e-06
7.24975262203564e-06
1.395095045423616e-05
2.196250160929171e-05
2.709572501019862e-05
3.170314532390037e-05
1.928842030587119e-05
1.658195831443868e-05
1.337870589878976e-05
7.33751441276059e-06
3.244266534497753e-06
1.113307180925691e-06
3.659264013914563e-07
9.754347130711492e-08
3.464426312208985e-08
0
0
0
0
0
0
0
0
0
0
0
0
0
0
0
0
0
0
0
0
0
0
0
0
0
0
0
0
0
0
0
0
0
0
0
0
0
0
0
0
0
0
0
0
0
0
0
0
0
0
0
0
4.024007566245718e-08
1.326805856107453e-07
4.840415122393057e-07
1.60853786988644e-06
4.621535810178692e-06
1.017735745969948e-05
1.607549110653246e-05
1.899164410783035e-05
2.79925008464797e-05
2.802273314662877e-05
2.534544114693817e-05
1.038882121597331e-05
4.687566324698155e-06
2.617286577382222e-06
0
0
0
0
0
0
0
0
0
0
0
0
0
0
0
0
0
0
2.629013429111954e-06
4.732349019169421e-06
1.049398445048589e-05
2.534589073558603e-05
2.815849317069832e-05
2.781685519005387e-05
1.896912552844265e-05
1.599310246715154e-05
1.013738122388957e-05
4.624474929143589e-06
1.60100901221284e-06
4.856832137220142e-07
1.317655222546911e-07
3.921889925477901e-08
0
0
0
0
0
0
0
0
0
0
0
0
0
0
0
0
0
0
0
0
0
0
0
0
0
0
0
0
0
0
0
0
0
0
0
0
0
0
0
0
0
0
0
0
0
0
