FiniteElementSpace
FiniteElementCollection: H1_3D_P1
VDim: 1
Ordering: 0

2.608457009207815e-05
1.643599594227814e-05
3.340154509554077e-06
5.122303425532232e-07
7.547450038581173e-08
0
0
0
0
0
0
0
0
0
0
0
0
0
0
0
0
0
0
0
0
0
0
0
0
0
0
0
0
0
0
0
0
0
0
0
0
0
0
0
0
7.547450038581173e-08
5.122303425532232e-07
3.340154509554077e-06
1.643599594227814e-05
2.608457009207815e-05
8.412917924435814e-06
1.390996549982929e-06
2.018632327497582e-07
0
0
0
0
0
0
0
0
0
0
0
0
0
0
0
0
0
0
0
0
0
0
0
0
0
0
0
0
2.741469937925765e-05
1.197593625268763e-05
2.127891638463098e-06
3.132172726516384e-07
0
0
0
0
0
0
0
0
0
0
0
0
0
0
0
0
0
0
0
0
0
0
0
0
0
0
0
0
0
0
0
0
0
0
0
0
0
0
0
0
0
0
3.132172726516384e-07
2.127891638463098e-06
1.197593625268763e-05
2.741469937925765e-05
1.176853930973271e-05
2.061726696568706e-06
2.982680136588688e-07
0
0
0
0
0
0
0
0
0
0
0
0
0
0
0
0
0
0
0
0
0
0
0
0
0
0
0
0
2.658694528423185e-05
8.905115597024937e-06
1.456263398829858e-06
2.083456976825655e-07
0
0
0
0
0
0
0
0
0
0
0
0
0
0
0
0
0
0
0
0
0
0
0
0
0
0
0
0
0
0
0
0
0
0
0
0
0
0
0
0
0
0
2.083456976825655e-07
1.456263398829858e-06
8.905115597024937e-06
2.658694528423185e-05
1.508684286557749e-05
2.838089633660986e-06
4.111017764212354e-07
5.713662381468188e-08
0
0
0
0
0
0
0
0
0
0
0
0
0
0
0
0
0
0
0
0
0
0
0
0
0
0
0
2.483486475724614e-05
6.945443997619266e-06
1.078604675497966e-06
1.512563756868765e-07
0
0
0
0
0
0
0
0
0
0
0
0
0
0
0
0
0
0
0
0
0
0
0
0
0
0
0
0
0
0
0
0
0
0
0
0
0
0
0
0
0
0
1.512563756868765e-07
1.078604675497966e-06
6.945443997619266e-06
2.483486475724614e-05
1.791009142941378e-05
3.629556092368377e-06
5.280276950629402e-07
7.288652293424158e-08
0
0
0
0
0
0
0
0
0
0
0
0
0
0
0
0
0
0
0
0
0
0
0
0
0
0
0
2.312340944102656e-05
5.769817271803679e-06
8.683147292060381e-07
1.201336867293046e-07
0
0
0
0
0
0
0
0
0
0
0
0
0
0
0
0
0
0
0
0
0
0
0
0
0
0
0
0
0
0
0
0
0
0
0
0
0
0
0
0
0
0
1.201336867293046e-07
8.683147292060381e-07
5.769817271803679e-06
2.312340944102656e-05
1.996124144608208e-05
4.318079792379319e-06
6.316093680314605e-07
8.678126740681119e-08
0
0
0
0
0
0
0
0
0
0
0
0
0
0
0
0
0
0
0
0
0
0
0
0
0
0
0
2.196389788143734e-05
5.148167278460103e-06
7.616886990407014e-07
1.045568501667302e-07
0
0
0
0
0
0
0
0
0
0
0
0
0
0
0
0
0
0
0
0
0
0
0
0
0
0
0
0
0
0
0
0
0
0
0
0
0
0
0
0
0
0
1.045568501667302e-07
7.616886990407014e-07
5.148167278460103e-06
2.196389788143734e-05
2.116734691710888e-05
4.78753694905108e-06
7.03346453603302e-07
9.638174844812113e-08
0
0
0
0
0
0
0
0
0
0
0
0
0
0
0
0
0
0
0
0
0
0
0
0
0
0
0
2.608457009207815e-05
1.643599594227814e-05
3.340154509554077e-06
5.122303425532232e-07
7.547450038581173e-08
0
0
0
0
0
0
0
0
0
0
0
0
0
0
0
0
0
0
0
0
0
0
0
0
0
0
0
0
0
0
0
0
0
0
0
0
0
0
0
0
7.547450038581173e-08
5.122303425532232e-07
3.340154509554077e-06
1.643599594227814e-05
2.608457009207815e-05
8.412917924435814e-06
1.390996549982929e-06
2.018632327497582e-07
0
0
0
0
0
0
0
0
0
0
0
0
0
0
0
0
0
0
0
0
0
0
0
0
0
0
0
0
2.741469937925765e-05
1.197593625268763e-05
2.127891638463098e-06
3.132172726516384e-07
0
0
0
0
0
0
0
0
0
0
0
0
0
0
0
0
0
0
0
0
0
0
0
0
0
0
0
0
0
0
0
0
0
0
0
0
0
0
0
0
0
0
3.132172726516384e-07
2.127891638463098e-06
1.197593625268763e-05
2.741469937925765e-05
1.176853930973271e-05
2.061726696568706e-06
2.982680136588688e-07
0
0
0
0
0
0
0
0
0
0
0
0
0
0
0
0
0
0
0
0
0
0
0
0
0
0
0
0
2.658694528423185e-05
8.905115597024937e-06
1.456263398829858e-06
2.083456976825655e-07
0
0
0
0
0
0
0
0
0
0
0
0
0
0
0
0
0
0
0
0
0
0
0
0
0
0
0
0
0
0
0
0
0
0
0
0
0
0
0
0
0
0
2.083456976825655e-07
1.456263398829858e-06
8.905115597024937e-06
2.658694528423185e-05
1.508684286557749e-05
2.838089633660986e-06
4.111017764212354e-07
5.713662381468188e-08
0
0
0
0
0
0
0
0
0
0
0
0
0
0
0
0
0
0
0
0
0
0
0
0
0
0
0
2.483486475724614e-05
6.945443997619266e-06
1.078604675497966e-06
1.512563756868765e-07
0
0
0
0
0
0
0
0
0
0
0
0
0
0
0
0
0
0
0
0
0
0
0
0
0
0
0
0
0
0
0
0
0
0
0
0
0
0
0
0
0
0
1.512563756868765e-07
1.078604675497966e-06
6.945443997619266e-06
2.483486475724614e-05
1.791009142941378e-05
3.629556092368377e-06
5.280276950629402e-07
7.288652293424158e-08
0
0
0
0
0
0
0
0
0
0
0
0
0
0
0
0
0
0
0
0
0
0
0
0
0
0
0
2.312340944102656e-05
5.769817271803679e-06
8.683147292060381e-07
1.201336867293046e-07
0
0
0
0
0
0
0
0
0
0
0
0
0
0
0
0
0
0
0
0
0
0
0
0
0
0
0
0
0
0
0
0
0
0
0
0
0
0
0
0
0
0
1.201336867293046e-07
8.683147292060381e-07
5.769817271803679e-06
2.312340944102656e-05
1.996124144608208e-05
4.318079792379319e-06
6.316093680314605e-07
8.678126740681119e-08
0
0
0
0
0
0
0
0
0
0
0
0
0
0
0
0
0
0
0
0
0
0
0
0
0
0
0
2.196389788143734e-05
5.148167278460103e-06
7.616886990407014e-07
1.045568501667302e-07
0
0
0
0
0
0
0
0
0
0
0
0
0
0
0
0
0
0
0
0
0
0
0
0
0
0
0
0
0
0
0
0
0
0
0
0
0
0
0
0
0
0
1.045568501667302e-07
7.616886990407014e-07
5.148167278460103e-06
2.196389788143734e-05
2.116734691710888e-05
4.78753694905108e-06
7.03346453603302e-07
9.638174844812113e-08
0
0
0
0
0
0
0
0
0
0
0
0
0
0
0
0
0
0
0
0
0
0
0
0
0
0
0
