FiniteElementSpace
FiniteElementCollection: H1_3D_P1
VDim: 1
Ordering: 0

0
0
0
1.849091271083825e-08
5.946980358738904e-08
2.308379008045313e-07
8.17261374980927e-07
3.264289118706295e-06
1.260712493510186e-05
2.64127620335784e-05
2.63509582715417e-05
1.66420059466676e-05
8.528815277251293e-06
4.058633594063971e-06
1.901298427322472e-06
9.115439731581478e-07
4.593582708334517e-07
0
0
0
0
0
0
0
0
0
0
0
0
0
0
5.398379190063353e-07
1.083382361489776e-06
2.275031346525045e-06
4.868948332716343e-06
1.020679051316733e-05
1.983481140503789e-05
3.100414923526437e-05
3.020612512031143e-05
1.325898954209598e-05
2.80051539846819e-06
6.383715269606824e-07
1.902527295680468e-07
4.965227025638595e-08
1.496872158709222e-08
0
0
0
0
0
0
0
0
0
0
0
0
0
0
0
0
0
0
0
0
0
0
0
0
0
0
0
0
0
0
0
0
0
0
0
0
0
0
0
0
1.736286927118253e-08
5.568375083845099e-08
1.854149767318249e-07
6.108755295990207e-07
2.120882694082111e-06
8.192386719104289e-06
2.119921398788493e-05
2.87135681515667e-05
2.377753339581286e-05
1.500797510950859e-05
8.439832205322105e-06
4.633966619704701e-06
2.567120000512096e-06
1.489441261399977e-06
9.142975483972347e-07
6.009707008267995e-07
4.268739104370643e-07
0
0
0
0
0
0
4.568322485870818e-07
6.555854614112909e-07
1.018433193205266e-06
1.691360906422426e-06
2.96727063608557e-06
5.398539734678754e-06
9.919546657248268e-06
1.755464891860059e-05
2.78141465777883e-05
3.32280626723268e-05
2.356290389502833e-05
8.0500044900204e-06
1.74437778522737e-06
4.643691110686502e-07
1.636148172659765e-07
4.124682794530622e-08
1.443529372400046e-08
0
0
0
0
0
0
0
0
0
0
0
0
0
0
0
0
0
0
0
0
0
0
0
0
0
0
0
0
0
0
0
0
0
0
0
0
0
0
0
0
0
0
1.641251931181296e-08
4.570322539170046e-08
1.396012828851736e-07
4.090126080624917e-07
1.178436561718351e-06
4.186702318065724e-06
1.265530378555054e-05
2.441244658063254e-05
2.915707752996667e-05
2.469975406354099e-05
1.742626376549055e-05
1.145368757917807e-05
7.467737320176038e-06
4.990410246039576e-06
3.493280080876716e-06
2.602972949215022e-06
2.079336229273068e-06
1.786160308516962e-06
1.6518789325019e-06
1.65806737716102e-06
1.814049620272787e-06
2.15490585403719e-06
2.753378247086772e-06
3.757044154701624e-06
5.456720567693716e-06
8.274562211893587e-06
1.283897226210881e-05
1.964205538152769e-05
2.798070522817141e-05
3.302323829212061e-05
2.723134178851649e-05
1.349521888667936e-05
3.975928785765068e-06
9.848520295385463e-07
3.450036450603103e-07
1.205203981980719e-07
3.735203869419669e-08
1.331934088096428e-08
0
0
0
0
0
0
0
0
0
0
0
0
0
0
0
0
0
0
0
0
0
0
0
0
0
0
0
0
0
0
0
0
0
0
0
0
0
0
0
0
0
0
0
0
0
3.234863475176563e-08
8.730158360902133e-08
2.432308815663605e-07
6.186317386125688e-07
1.581299379383888e-06
4.946000130840476e-06
1.300748687157999e-05
2.342280724166665e-05
2.972764427304976e-05
2.905508744378395e-05
2.445490487380495e-05
1.929837864823411e-05
1.512465243945262e-05
1.221476295919115e-05
1.034068174190796e-05
9.207807625910329e-06
8.650041085363764e-06
8.675585809073472e-06
9.277675879758176e-06
1.059888741398551e-05
1.27614569811034e-05
1.607754459109867e-05
2.074844875211193e-05
2.643752508853743e-05
3.140920024470253e-05
3.217742777367637e-05
2.533500400122904e-05
1.390401691576787e-05
5.099648337850389e-06
1.552644662327788e-06
5.649987980483353e-07
2.108112253206323e-07
7.339504976348128e-08
2.822828891202642e-08
0
0
0
0
0
0
0
0
0
0
0
0
0
0
0
0
0
0
0
0
0
0
0
0
0
0
0
0
0
0
0
0
0
0
0
0
0
0
0
0
0
0
0
0
0
0
0
0
2.315478104241753e-08
5.184846344115907e-08
1.305729038080932e-07
3.089954456606401e-07
6.157851465945179e-07
1.393138855314236e-06
3.76056317981774e-06
9.240760659342923e-06
1.716179402138312e-05
2.492394827147498e-05
2.95136593514176e-05
3.114048471993476e-05
3.051907467686112e-05
2.934362832733366e-05
2.813877904108338e-05
2.750901793906169e-05
2.740042954515952e-05
2.830983976218177e-05
2.974256971430783e-05
3.14732493140512e-05
3.224548158714123e-05
3.12279215188857e-05
2.654166309237681e-05
1.851281897021073e-05
9.771095441598952e-06
3.941682983199379e-06
1.503013819203454e-06
6.80396517522186e-07
3.137629672718528e-07
1.168228167361956e-07
4.267102263005283e-08
1.802420231204353e-08
0
0
0
0
0
0
0
0
0
0
0
0
0
0
0
0
0
0
0
0
0
0
0
0
0
0
0
0
0
0
0
0
0
0
0
0
0
0
0
0
0
0
0
0
0
0
0
0
0
0
0
3.105343073192407e-08
6.150166906369813e-08
1.340394097590555e-07
2.698079999723057e-07
4.594782359359662e-07
7.703002691889568e-07
1.591770035118937e-06
3.612193278366828e-06
7.06152378506482e-06
1.128685590767627e-05
1.545389594720795e-05
1.860457618576677e-05
2.070820327534869e-05
2.1868512457204e-05
2.202183404253409e-05
2.091937383363158e-05
1.868356590000421e-05
1.541939333522569e-05
1.143963761273782e-05
7.338055268272854e-06
3.919277251834409e-06
1.810148032450073e-06
8.870199709483413e-07
5.282429797700396e-07
2.85528642661686e-07
1.34378516471404e-07
5.262806772823871e-08
2.306065540148725e-08
0
0
0
0
0
0
0
0
0
0
0
0
0
0
0
0
0
0
0
0
0
0
0
0
0
0
0
0
0
0
0
0
0
0
0
0
0
0
0
0
0
0
0
0
0
0
0
0
0
0
0
0
0
0
0
2.818858085377139e-08
4.853915740881097e-08
8.95571532481581e-08
1.645770298005127e-07
2.628863221949088e-07
3.937072585891951e-07
5.692819708306823e-07
8.695520371202564e-07
1.232477470454883e-06
1.645782285443104e-06
2.039115564685019e-06
2.279788102024384e-06
2.359032163321965e-06
2.066724425748453e-06
1.678641762557045e-06
1.214978110479038e-06
8.375301806001142e-07
5.744226342021548e-07
4.04201709438797e-07
2.80310532808671e-07
1.603235404052485e-07
8.300385250876776e-08
3.980310407389953e-08
2.190415403749153e-08
0
0
0
0
0
0
0
0
0
0
0
0
0
0
0
0
0
0
0
0
0
0
0
0
0
0
0
0
0
0
0
0
0
0
0
0
0
0
0
0
0
0
0
0
0
0
0
0
0
0
0
0
0
0
0
0
0
0
0
2.029472306105539e-08
2.80665768243757e-08
4.650677369473752e-08
7.099215992769915e-08
1.026703339407224e-07
1.36643113336329e-07
1.88153881943452e-07
2.546484034738712e-07
3.101111920390563e-07
3.472354694656102e-07
3.54927108436739e-07
3.379178082871466e-07
2.807718903018426e-07
2.213308445201299e-07
1.64119685550929e-07
1.130701848836182e-07
6.847471604556962e-08
3.891046919248913e-08
2.2048898714928e-08
1.467978267073725e-08
0
0
0
0
0
0
0
0
0
0
0
0
0
0
0
0
0
0
0
0
0
0
0
0
0
0
0
0
0
0
0
0
0
0
0
0
0
0
0
0
0
0
0
0
0
0
0
0
0
0
0
0
0
0
0
0
0
0
0
0
0
0
0
0
1.363344052596719e-08
1.713976479506305e-08
2.268892863422513e-08
2.881889065141227e-08
3.610666861452082e-08
4.799760327245606e-08
5.480047396564862e-08
5.739174410956284e-08
5.201672636481776e-08
4.430274977996049e-08
3.492922031209771e-08
2.509633842158244e-08
1.675517772785883e-08
1.356924627311562e-08
0
0
0
0
0
0
0
0
0
0
0
0
0
0
0
0
0
0
0
0
0
0
0
0
0
0
0
0
0
0
0
0
0
0
0
0
0
0
0
0
0
0
0
0
0
0
0
0
0
0
0
0
0
0
0
0
0
0
0
0
0
0
0
0
0
0
0
0
0
0
0
0
0
0
0
0
0
0
0
0
0
0
0
0
0
0
0
0
0
0
0
0
0
0
0
0
0
0
0
0
0
0
0
0
0
0
0
0
0
0
0
0
0
0
0
0
0
0
0
0
0
0
0
0
0
0
0
0
0
0
0
0
0
0
0
0
0
0
0
0
0
0
0
0
0
0
0
0
0
0
0
0
0
0
0
0
0
0
0
0
0
0
0
0
0
0
0
0
0
0
0
0
0
0
0
0
0
0
0
0
0
0
0
0
0
0
0
0
0
0
0
0
0
0
0
0
0
0
0
0
0
0
0
0
0
0
0
0
0
0
0
0
0
0
0
0
0
0
0
0
0
0
0
0
0
0
0
0
0
0
0
0
0
0
0
0
0
0
0
0
0
0
0
0
0
0
0
0
0
0
0
0
0
0
0
0
0
0
0
0
0
0
0
0
0
0
0
0
0
0
0
0
0
0
0
0
0
0
0
0
0
0
0
0
0
0
0
0
0
0
0
0
0
0
0
0
0
0
0
0
0
0
0
0
0
0
0
0
0
0
0
0
0
0
0
0
0
0
0
0
0
0
0
0
0
0
0
0
0
0
0
0
0
0
0
0
0
0
0
0
0
0
0
0
0
0
0
0
0
0
0
0
0
0
0
0
0
0
0
0
0
0
0
0
0
0
0
0
0
0
0
0
0
0
0
0
0
0
0
0
0
0
0
0
0
0
0
0
0
0
0
0
0
0
0
0
0
0
0
0
0
0
0
0
0
0
0
0
0
0
0
0
0
0
0
0
0
0
0
0
0
0
0
0
0
0
0
0
0
0
0
0
0
0
0
0
0
0
0
0
0
0
0
0
0
0
0
0
0
0
0
0
0
0
0
0
0
0
0
0
0
0
0
0
0
0
0
0
0
0
0
0
0
0
0
0
0
0
0
0
0
0
0
0
0
0
0
0
0
0
0
0
0
0
0
0
0
0
0
0
0
0
0
0
0
0
0
0
0
0
0
0
0
0
0
0
0
0
0
0
0
0
0
0
0
0
0
0
0
0
0
0
0
0
0
0
0
0
0
0
0
0
0
0
0
0
0
0
0
0
0
0
0
0
0
0
0
0
0
0
0
0
0
0
0
0
0
0
0
0
0
0
0
0
0
0
0
0
0
0
0
0
0
0
0
0
0
0
0
0
0
0
0
0
0
0
0
0
0
0
0
0
0
0
0
0
0
0
0
0
0
0
0
0
0
0
0
0
0
0
0
0
0
0
0
0
0
0
0
0
0
0
0
0
0
0
0
0
0
0
0
0
0
0
0
0
0
0
0
0
0
0
0
0
0
0
0
0
0
0
0
0
0
0
0
0
0
0
0
0
0
0
0
0
0
0
0
0
0
0
0
0
0
0
0
0
0
0
0
0
0
0
0
0
0
0
0
0
0
0
0
0
0
0
0
0
0
0
0
0
0
0
0
0
0
0
0
0
0
0
0
0
0
0
0
0
0
0
0
0
0
0
0
0
0
0
0
0
0
0
0
0
0
0
0
0
0
0
0
0
0
0
0
0
0
0
0
0
0
0
0
0
0
0
0
0
0
0
0
0
0
0
0
0
0
0
0
0
0
0
0
0
0
0
0
0
0
0
0
0
0
0
0
0
0
0
0
0
0
0
0
0
0
0
0
0
0
0
0
0
0
0
0
0
0
0
0
0
0
0
0
0
0
0
0
0
0
0
0
0
0
0
0
0
0
0
0
0
0
0
0
0
0
0
0
0
0
0
0
0
0
0
0
0
0
0
0
0
0
0
0
0
0
0
0
0
0
0
0
0
0
0
0
0
0
0
0
0
0
0
0
0
0
0
0
0
0
0
0
0
0
0
0
0
0
0
0
0
0
0
0
0
0
0
0
0
0
0
0
0
0
0
0
0
0
0
0
0
0
0
0
0
0
0
0
0
0
0
0
0
0
0
0
0
0
0
0
0
0
0
0
0
0
0
0
0
0
0
0
0
0
0
0
0
0
0
0
0
0
0
0
0
0
0
0
0
0
0
0
0
0
0
0
0
0
0
0
0
0
0
0
0
0
0
0
0
0
0
0
0
0
0
0
0
0
0
0
0
0
0
0
0
0
0
0
0
0
0
0
0
0
0
0
0
0
0
0
0
0
0
0
0
0
0
0
0
0
0
0
0
0
0
0
0
0
0
0
0
0
0
0
0
0
0
0
0
0
0
0
0
0
0
0
0
0
0
0
0
0
0
0
0
0
0
0
0
0
0
0
0
0
0
0
0
0
0
0
0
0
0
0
0
0
0
0
0
0
0
0
0
0
0
0
0
0
0
0
0
0
0
0
0
0
0
0
0
0
0
0
0
0
0
0
0
0
0
0
0
0
0
0
0
0
0
0
0
0
0
0
0
0
0
0
0
0
0
0
0
0
0
0
0
0
0
0
0
0
0
0
0
0
0
0
0
0
0
0
0
0
0
0
0
0
0
0
0
0
0
0
0
0
0
0
0
0
0
0
0
0
0
0
0
0
0
0
0
0
0
0
0
0
0
0
0
0
0
0
0
0
0
0
0
0
0
0
0
0
0
0
0
0
0
0
0
0
0
0
0
0
0
0
0
0
0
0
0
0
0
0
0
0
0
0
0
0
0
0
0
0
0
0
0
0
0
0
0
0
0
0
0
0
0
0
0
0
0
0
0
0
0
0
0
0
0
0
0
0
0
0
0
0
0
0
0
0
0
0
0
0
0
0
0
0
0
0
0
0
0
0
0
0
0
0
0
0
0
0
0
0
0
0
0
0
0
0
0
0
0
0
0
0
0
0
0
0
0
0
0
0
0
0
0
0
0
0
0
0
0
0
0
0
0
0
0
0
0
0
0
0
0
0
0
0
0
0
0
0
0
0
0
0
0
0
0
0
0
0
0
0
0
0
0
0
0
0
0
0
0
0
0
0
0
0
0
0
0
0
0
0
0
0
0
0
0
0
0
0
0
0
0
0
0
0
0
0
0
0
0
0
0
0
0
0
0
0
0
0
0
0
0
0
0
0
0
0
0
0
0
0
0
0
0
0
0
0
0
0
0
0
0
0
0
0
0
0
0
0
0
0
0
0
0
0
0
0
0
0
0
0
0
0
0
0
0
0
0
0
0
0
0
0
0
0
0
0
0
0
0
0
0
0
0
0
0
0
0
0
0
0
0
0
0
0
0
0
0
0
0
0
0
0
0
0
0
0
0
0
0
0
0
0
0
0
0
0
0
0
0
0
0
0
0
0
0
0
0
0
0
0
0
0
0
0
0
0
0
0
0
0
0
0
0
0
0
0
0
0
0
0
0
0
0
0
0
0
0
0
0
0
0
0
0
0
0
0
0
0
0
0
0
0
0
0
0
0
0
0
0
0
0
0
0
0
0
0
0
0
0
0
0
0
0
0
0
0
0
0
0
0
0
0
0
0
0
0
0
0
0
0
0
0
0
0
0
0
0
0
0
0
0
0
0
0
0
0
0
0
0
0
0
0
0
0
0
0
0
0
0
0
0
0
0
0
0
0
0
0
0
0
0
0
0
0
0
0
0
0
0
0
0
0
0
0
0
0
0
0
0
0
0
0
0
0
0
0
0
0
0
0
0
0
0
0
0
0
0
0
0
0
0
0
0
0
0
0
0
0
0
0
0
0
0
0
0
0
0
0
0
0
0
0
0
0
0
0
0
0
0
0
0
0
0
0
0
0
0
0
0
0
0
0
0
0
0
0
0
0
0
0
0
0
0
0
0
0
0
0
0
0
0
0
0
0
0
0
0
0
0
0
0
0
0
0
0
0
0
0
0
0
0
0
0
0
0
0
0
0
0
0
0
0
0
0
0
0
0
0
0
0
0
0
0
0
0
0
0
0
0
0
0
0
0
0
0
0
0
0
0
0
0
0
0
0
0
0
0
0
0
0
0
0
0
0
0
0
0
0
0
0
0
0
0
0
0
0
0
0
0
0
0
0
0
0
0
0
0
0
0
0
0
0
0
0
0
0
0
0
0
0
0
0
0
0
0
0
0
0
0
0
0
0
0
0
0
0
0
0
0
0
0
0
0
0
0
0
0
0
0
0
0
0
0
0
0
0
0
0
0
0
0
0
0
0
0
0
0
0
0
0
0
0
0
0
0
0
0
0
0
0
0
0
0
0
0
0
0
0
0
0
0
0
0
0
0
0
0
0
0
0
0
0
0
0
0
0
0
0
0
0
0
0
0
0
0
0
0
0
0
0
0
0
0
0
0
0
0
0
0
0
0
0
0
0
0
0
0
0
0
0
0
0
0
0
0
0
0
0
0
0
0
0
0
0
0
0
0
0
0
0
0
0
0
0
0
0
0
0
0
0
0
0
0
0
0
0
0
0
0
0
0
0
1.660870420486705e-08
1.942019100242165e-08
2.463474838669808e-08
3.36336653465175e-08
3.567535069172734e-08
3.716497072922773e-08
4.115780163767202e-08
5.190051768771291e-08
6.429512416851295e-08
4.38922660957486e-08
4.293359123198305e-08
3.11879435460601e-08
1.807206001171844e-08
1.417570434641397e-08
0
0
0
0
0
0
0
0
0
0
0
0
0
0
0
0
0
0
0
0
0
0
0
0
0
0
0
0
0
0
0
0
0
0
0
0
0
0
0
0
0
0
0
0
0
0
0
0
0
0
0
0
0
0
0
0
0
0
0
0
0
0
0
0
1.802431589950104e-08
3.273049984147746e-08
5.727385147159688e-08
8.765322881223558e-08
1.249703589375799e-07
1.958483307766231e-07
2.526138298467119e-07
2.743200273318384e-07
2.786295964999167e-07
2.715861718057983e-07
3.417418116358895e-07
3.672131500893845e-07
3.253937191860531e-07
2.820700560879938e-07
2.267592014315049e-07
1.685748037409961e-07
9.938943812155601e-08
5.266095731425933e-08
2.722929820930533e-08
1.646101151085626e-08
0
0
0
0
0
0
0
0
0
0
0
0
0
0
0
0
0
0
0
0
0
0
0
0
0
0
0
0
0
0
0
0
0
0
0
0
0
0
0
0
0
0
0
0
0
0
0
0
0
0
0
0
0
0
0
0
0
0
0
2.540617965800966e-08
4.810412114100179e-08
1.033020790692639e-07
2.230113499308362e-07
3.699890601303313e-07
5.548939049769186e-07
7.331361185905203e-07
9.650626837001745e-07
1.318129097148059e-06
1.721207618697967e-06
1.931504517022439e-06
2.226257742587483e-06
2.342590510915896e-06
2.286228195981605e-06
2.074636990648718e-06
1.674083987074695e-06
1.192154685606802e-06
8.169780473582626e-07
5.74384741151998e-07
3.473794793210836e-07
1.827579378061086e-07
8.754314819353942e-08
3.939918561989547e-08
2.123363546937772e-08
0
0
0
0
0
0
0
0
0
0
0
0
0
0
0
0
0
0
0
0
0
0
0
0
0
0
0
0
0
0
0
0
0
0
0
0
0
0
0
0
0
0
0
0
0
0
0
0
0
0
0
0
0
0
0
2.427299375552472e-08
5.275053052567631e-08
1.320938815081938e-07
2.970936730846421e-07
6.155009890557841e-07
1.157606718341955e-06
2.146432733756475e-06
3.966941168823894e-06
6.541186756411144e-06
1.009137337871965e-05
1.304953476334901e-05
1.699734482015166e-05
1.932971798976088e-05
2.011538125676734e-05
2.013911078621318e-05
2.014928797513163e-05
1.96026925202521e-05
1.637025755588045e-05
1.207575325156857e-05
7.808790170178633e-06
4.254473165445265e-06
2.062691490061111e-06
9.585559064639106e-07
4.848244131166279e-07
2.560949218064879e-07
1.216083029213605e-07
5.199065358553985e-08
2.550272275203555e-08
0
0
0
0
0
0
0
0
0
0
0
0
0
0
0
0
0
0
0
0
0
0
0
0
0
0
0
0
0
0
0
0
0
0
0
0
0
0
0
0
0
0
0
0
0
0
0
0
0
0
0
1.913960192670344e-08
4.332497476361979e-08
1.129101551425995e-07
3.106303932217156e-07
6.406940645497411e-07
1.625569650591548e-06
4.070664778367828e-06
8.600374210288776e-06
1.466781898147396e-05
2.146918842586496e-05
2.500810959051962e-05
2.584202879101605e-05
2.541207175157545e-05
2.556682778026242e-05
2.50319130931991e-05
2.455102613501885e-05
2.461134445090274e-05
2.627778280895375e-05
2.897889422746447e-05
3.094875315633788e-05
3.181533241081203e-05
3.032207178447756e-05
2.597280029518416e-05
1.830287363264008e-05
9.826685966088994e-06
4.149487326281991e-06
1.496262478805734e-06
6.298213663662323e-07
3.02857779385653e-07
1.232953380084117e-07
4.825799991371011e-08
1.993121638571504e-08
0
0
0
0
0
0
0
0
0
0
0
0
0
0
0
0
0
0
0
0
0
0
0
0
0
0
0
0
0
0
0
0
0
0
0
0
0
0
0
0
0
0
0
0
0
0
0
0
2.68213263088552e-08
7.428814453919538e-08
2.240807865747309e-07
6.107210515784828e-07
1.659250671352694e-06
4.889925212485166e-06
1.193486566972171e-05
1.981597637844888e-05
2.373949512904352e-05
2.281698318217783e-05
1.971266681882602e-05
1.55854170046935e-05
1.220234053527454e-05
9.933004783323636e-06
8.70509364338869e-06
7.921411588805999e-06
7.520538760970686e-06
7.620717446826786e-06
8.373055789039352e-06
9.786343932534426e-06
1.187180842570796e-05
1.504165738928953e-05
1.964000702758032e-05
2.517922016884152e-05
2.989742202622976e-05
3.029868667878447e-05
2.440411754325894e-05
1.377754283276602e-05
5.199161138633452e-06
1.599718826345723e-06
6.248232553486994e-07
2.532970590432103e-07
9.184600665560471e-08
3.226177222343046e-08
0
0
0
0
0
0
0
0
0
0
0
0
0
0
0
0
0
0
0
0
0
0
0
0
0
0
0
0
0
0
0
0
0
0
0
0
0
0
0
0
0
0
0
0
0
1.392117473084504e-08
3.758698143433254e-08
1.203894815426924e-07
3.876889504995306e-07
1.159402865869804e-06
3.917614048113596e-06
1.143608152694319e-05
2.12203694665377e-05
2.420110312986768e-05
1.970149557754168e-05
1.357261029132459e-05
8.848462426251588e-06
5.856117033789115e-06
3.917474764496982e-06
2.746958688639843e-06
2.062076576267786e-06
1.697285357876199e-06
1.500916377530585e-06
1.410980736797459e-06
1.439769897997144e-06
1.603208749031922e-06
1.932640265325899e-06
2.480374584068102e-06
3.396175789311364e-06
4.981946939324912e-06
7.602516306784181e-06
1.173495926359443e-05
1.781614161009433e-05
2.549601340243624e-05
3.047030865563913e-05
2.599160467240068e-05
1.335974653580051e-05
4.218559432417998e-06
1.206816929986166e-06
4.070900612550272e-07
1.326850897182301e-07
4.168918255438367e-08
1.459942207008878e-08
0
0
0
0
0
0
0
0
0
0
0
0
0
0
0
0
0
0
0
0
0
0
0
0
0
0
0
0
0
0
0
0
0
0
0
0
0
0
0
0
0
0
1.534765937121223e-08
4.926267023431455e-08
1.733427135248581e-07
5.736855238548425e-07
1.955007737157806e-06
7.498378979383651e-06
1.85607177436336e-05
2.422020730423058e-05
1.947107132326715e-05
1.196190566652764e-05
6.616072108575105e-06
3.558459530528096e-06
1.966362659315982e-06
1.147501030086324e-06
7.090413771181628e-07
4.686767036637276e-07
3.346089647884674e-07
0
0
0
0
0
0
4.030989884157565e-07
5.784203364294692e-07
9.014690401934905e-07
1.505583463128104e-06
2.63786465597272e-06
4.78853340522663e-06
8.794861605430756e-06
1.57173921727712e-05
2.50697805624195e-05
3.026894270597898e-05
2.199353639023104e-05
8.227739927162534e-06
1.97344862117739e-06
5.364928231346693e-07
1.738631019413084e-07
4.929198208075522e-08
1.696115589044106e-08
0
0
0
0
0
0
0
0
0
0
0
0
0
0
0
0
0
0
0
0
0
0
0
0
0
0
0
0
0
0
0
0
0
0
0
0
0
0
0
0
1.593319838602407e-08
5.339033168257768e-08
2.052356061327414e-07
7.014173255001946e-07
2.790595106992992e-06
1.133936739472426e-05
2.271925402633711e-05
2.218736341481083e-05
1.361182774562353e-05
6.79852885767428e-06
3.172118496453994e-06
1.472183833969678e-06
6.993475360183947e-07
3.506146879868994e-07
0
0
0
0
0
0
0
0
0
0
0
0
0
0
4.720784442027452e-07
9.502163550055543e-07
1.994914982988576e-06
4.273023898174618e-06
8.993435903560233e-06
1.745123923600444e-05
2.74346815056316e-05
2.730412022853531e-05
1.279978621239928e-05
3.033623066281971e-06
6.971819099029514e-07
2.063996761454531e-07
5.302591448519243e-08
1.586246721151882e-08
0
0
0
0
0
0
0
0
0
0
0
0
0
0
0
0
0
0
0
0
0
0
0
0
0
0
0
0
0
0
0
0
0
0
0
0
0
0
1.423670426825027e-08
4.818106519995788e-08
2.047639130541195e-07
7.907537337516814e-07
3.595637387632356e-06
1.408871534841881e-05
2.414617894972966e-05
1.89147293087236e-05
9.667725671995356e-06
4.121806928113801e-06
1.650481326116296e-06
6.644996414094986e-07
2.779336836149961e-07
0
0
0
0
0
0
0
0
0
0
0
0
0
0
0
0
0
0
3.755610747260669e-07
8.996520417365809e-07
2.206902939612566e-06
5.374606791644434e-06
1.222681598815266e-05
2.34434498272021e-05
2.93166150209557e-05
1.661242376070363e-05
3.942941787398078e-06
8.35131978656126e-07
2.151087023041656e-07
5.053543168112884e-08
1.584253545865684e-08
0
0
0
0
0
0
0
0
0
0
0
0
0
0
0
0
0
0
0
0
0
0
0
0
0
0
0
0
0
0
0
0
0
0
0
0
0
4.630901534846951e-08
1.985226954543709e-07
7.978568405703306e-07
3.81340986752169e-06
1.566314368019702e-05
2.443764987593032e-05
1.655568891288084e-05
7.398016290093751e-06
2.785518213605228e-06
9.822623343541439e-07
3.452506031087184e-07
0
0
0
0
0
0
0
0
0
0
0
0
0
0
0
0
0
0
0
0
0
0
4.584876693776448e-07
1.280799489547695e-06
3.560520188910271e-06
9.270569498067793e-06
2.036264144269121e-05
2.924169066258989e-05
1.777110239130753e-05
4.083605608409556e-06
8.042810558770472e-07
1.932165258430182e-07
4.596863220672943e-08
0
0
0
0
0
0
0
0
0
0
0
0
0
0
0
0
0
0
0
0
0
0
0
0
0
0
0
0
0
0
0
0
0
0
0
0
3.432008689339764e-08
1.567276003556636e-07
6.665569132265304e-07
3.413560607580968e-06
1.514834823594138e-05
2.433468827830282e-05
1.558521316473863e-05
6.319043501518458e-06
2.136586472089958e-06
6.767815808144143e-07
0
0
0
0
0
0
0
0
0
0
0
0
0
0
0
0
0
0
0
0
0
0
0
0
0
0
8.629134896467784e-07
2.688941525241691e-06
7.799755969222029e-06
1.878807793668623e-05
2.87535416401983e-05
1.703824808205332e-05
3.540792541711911e-06
6.812073524115019e-07
1.624805857131653e-07
3.692547872116874e-08
0
0
0
0
0
0
0
0
0
0
0
0
0
0
0
0
0
0
0
0
0
0
0
0
0
0
0
0
0
0
0
0
0
0
2.039806341535823e-08
1.029227388224998e-07
4.910686029941398e-07
2.479138606467382e-06
1.306728328366899e-05
2.4831130004657e-05
1.611953223085333e-05
6.156312845435474e-06
1.905427291739283e-06
5.458617056753473e-07
0
0
0
0
0
0
0
0
0
0
0
0
0
0
0
0
0
0
0
0
0
0
0
0
0
0
0
0
6.866152672594154e-07
2.359237851700855e-06
7.485164507584387e-06
1.920420217130047e-05
2.892193846137411e-05
1.459643034859347e-05
2.549968661642636e-06
4.980191122222946e-07
1.091260576624408e-07
2.42007596572994e-08
0
0
0
0
0
0
0
0
0
0
0
0
0
0
0
0
0
0
0
0
0
0
0
0
0
0
0
0
0
0
0
0
0
5.542383814549034e-08
2.935812847187878e-07
1.423374959694161e-06
9.289964351798771e-06
2.443068822066685e-05
1.817668520957246e-05
6.904424414468086e-06
2.009236090328809e-06
5.266100574578301e-07
0
0
0
0
0
0
0
0
0
0
0
0
0
0
0
0
0
0
0
0
0
0
0
0
0
0
0
0
0
0
6.484294115991629e-07
2.438344349528296e-06
8.263099716499982e-06
2.135513266953637e-05
2.809961715598752e-05
1.040777093389277e-05
1.565213252219984e-06
3.305791100321837e-07
6.293318127027252e-08
1.541758806019669e-08
0
0
0
0
0
0
0
0
0
0
0
0
0
0
0
0
0
0
0
0
0
0
0
0
0
0
0
0
0
0
0
0
1.688998496531326e-07
8.14118480388689e-07
5.498759282305037e-06
2.174264313390248e-05
2.144658599702185e-05
8.678933899398551e-06
2.46818082345196e-06
6.083171388147679e-07
0
0
0
0
0
0
0
0
0
0
0
0
0
0
0
0
0
0
0
0
0
0
0
0
0
0
0
0
0
0
0
0
7.336850562619824e-07
2.95909172096177e-06
1.028745224885055e-05
2.483577221927288e-05
2.459859539376613e-05
5.997707405898148e-06
8.812516360949496e-07
1.816850589814702e-07
3.459429031252399e-08
0
0
0
0
0
0
0
0
0
0
0
0
0
0
0
0
0
0
0
0
0
0
0
0
0
0
0
0
0
0
0
0
4.37297777951069e-07
2.610175452309006e-06
1.597231767282779e-05
2.518175057949007e-05
1.210342966411645e-05
3.503176656409515e-06
8.30457978870939e-07
0
0
0
0
0
0
0
0
0
0
0
0
0
0
0
0
0
0
0
0
0
0
0
0
0
0
0
0
0
0
0
0
0
0
9.911196267701266e-07
4.162385133925226e-06
1.4123689260646e-05
2.85643760582946e-05
1.746221918945605e-05
2.745152966631914e-06
4.543937870821983e-07
8.702340153343058e-08
1.908493806379622e-08
0
0
0
0
0
0
0
0
0
0
0
0
0
0
0
0
0
0
0
0
0
0
0
0
0
0
0
0
0
0
0
1.008154979949669e-06
8.076526127069985e-06
2.516762558280036e-05
1.766489383701102e-05
5.638919278084318e-06
1.334830882778038e-06
2.797036159174821e-07
0
0
0
0
0
0
0
0
0
0
0
0
0
0
0
0
0
0
0
0
0
0
0
0
0
0
0
0
0
0
0
0
0
0
3.319237336295057e-07
1.586533001925016e-06
6.631510804257107e-06
2.037052760277572e-05
2.839288965526266e-05
8.852432058992139e-06
1.087016214506193e-06
2.1658080510081e-07
3.748977899144545e-08
0
0
0
0
0
0
0
0
0
0
0
0
0
0
0
0
0
0
0
0
0
0
0
0
0
0
0
0
0
0
0
3.051663559740433e-06
1.789924146775314e-05
2.419053084297871e-05
9.829232412464237e-06
2.463615204107006e-06
5.085763442465219e-07
0
0
0
0
0
0
0
0
0
0
0
0
0
0
0
0
0
0
0
0
0
0
0
0
0
0
0
0
0
0
0
0
0
0
0
0
6.014228343871892e-07
2.902227652309119e-06
1.145091429353289e-05
2.775164401527176e-05
2.005802730098997e-05
2.98062950834745e-06
4.672080844916076e-07
8.359671353684035e-08
1.689373842875045e-08
0
0
0
0
0
0
0
0
0
0
0
0
0
0
0
0
0
0
0
0
0
0
0
0
0
0
0
0
0
0
9.442210921120735e-06
2.551510029821654e-05
1.711821158770694e-05
5.005464804580171e-06
1.066182442332906e-06
0
0
0
0
0
0
0
0
0
0
0
0
0
0
0
0
0
0
0
0
0
0
0
0
0
0
0
0
0
0
0
0
0
0
0
0
0
0
1.257542949819952e-06
5.86409533445825e-06
1.989535646697358e-05
2.901265746097353e-05
8.199150590262866e-06
9.132444086174067e-07
1.845391254808425e-07
2.929960668249147e-08
0
0
0
0
0
0
0
0
0
0
0
0
0
0
0
0
0
0
0
0
0
0
0
0
0
0
0
0
0
0
2.128574538301002e-05
2.605671101433783e-05
1.066056367954945e-05
2.517952444018619e-06
4.772760998617912e-07
0
0
0
0
0
0
0
0
0
0
0
0
0
0
0
0
0
0
0
0
0
0
0
0
0
0
0
0
0
0
0
0
0
0
0
0
0
0
5.604783974642677e-07
2.947854731420903e-06
1.236703635315966e-05
2.934161206225224e-05
1.699592211264762e-05
2.002669532688422e-06
3.497528188569574e-07
5.580116328037718e-08
0
0
0
0
0
0
0
0
0
0
0
0
0
0
0
0
0
0
0
0
0
0
0
0
0
0
0
0
0
0
3.384287252369081e-05
2.138736373495125e-05
6.338807303394717e-06
1.293102201845935e-06
0
0
0
0
0
0
0
0
0
0
0
0
0
0
0
0
0
0
0
0
0
0
0
0
0
0
0
0
0
0
0
0
0
0
0
0
0
0
0
0
1.515078436254916e-06
7.351942934176403e-06
2.372453966220694e-05
2.581134046295813e-05
4.718551778710159e-06
5.788685093902671e-07
1.029207047397884e-07
1.896081524337822e-08
0
0
0
0
0
0
0
0
0
0
0
0
0
0
0
0
0
0
0
0
0
0
0
0
0
0
0
0
0
4.072383376422734e-05
1.584434051807125e-05
3.786149800141326e-06
6.933081866937185e-07
0
0
0
0
0
0
0
0
0
0
0
0
0
0
0
0
0
0
0
0
0
0
0
0
0
0
0
0
0
0
0
0
0
0
0
0
0
0
0
0
8.155430526938801e-07
4.39279263590224e-06
1.733502701526178e-05
3.035897615030839e-05
9.568214047355241e-06
9.167919555224949e-07
1.78899144975642e-07
2.702227274545333e-08
0
0
0
0
0
0
0
0
0
0
0
0
0
0
0
0
0
0
0
0
0
0
0
0
0
0
0
0
0
4.069080739681997e-05
1.136782456225671e-05
2.331324111481629e-06
3.941552490862921e-07
0
0
0
0
0
0
0
0
0
0
0
0
0
0
0
0
0
0
0
0
0
0
0
0
0
0
0
0
0
0
0
0
0
0
0
0
0
0
0
0
4.662385107714461e-07
2.715975795364111e-06
1.231284045062647e-05
3.018709996859482e-05
1.598529376774483e-05
1.558644665272507e-06
2.794109448916468e-07
4.170743474881249e-08
0
0
0
0
0
0
0
0
0
0
0
0
0
0
0
0
0
0
0
0
0
0
0
0
0
0
0
0
0
3.680727952933401e-05
8.260421255686471e-06
1.516604722149284e-06
0
0
0
0
0
0
0
0
0
0
0
0
0
0
0
0
0
0
0
0
0
0
0
0
0
0
0
0
0
0
0
0
0
0
0
0
0
0
0
0
0
0
1.771633813292289e-06
8.887751076364451e-06
2.725388999673087e-05
2.203996894860443e-05
2.676156007752669e-06
3.921982147816263e-07
6.199569087580031e-08
0
0
0
0
0
0
0
0
0
0
0
0
0
0
0
0
0
0
0
0
0
0
0
0
0
0
0
0
0
3.202733914545251e-05
6.241953400915402e-06
1.058154928082612e-06
0
0
0
0
0
0
0
0
0
0
0
0
0
0
0
0
0
0
0
0
0
0
0
0
0
0
0
0
0
0
0
0
0
0
0
0
0
0
0
0
0
0
1.234746785015855e-06
6.677301275880251e-06
2.374433895205185e-05
2.658736885115619e-05
4.307415476731398e-06
5.095913881255992e-07
8.330862646838067e-08
1.550768793151718e-08
0
0
0
0
0
0
0
0
0
0
0
0
0
0
0
0
0
0
0
0
0
0
0
0
0
0
0
0
2.786455561553184e-05
4.966980573525873e-06
7.975252568933053e-07
0
0
0
0
0
0
0
0
0
0
0
0
0
0
0
0
0
0
0
0
0
0
0
0
0
0
0
0
0
0
0
0
0
0
0
0
0
0
0
0
0
0
9.291552439905056e-07
5.289058498794472e-06
2.070875166575159e-05
2.933441416851474e-05
6.074772298564738e-06
6.265877670441977e-07
1.097656435889033e-07
1.592379007204051e-08
0
0
0
0
0
0
0
0
0
0
0
0
0
0
0
0
0
0
0
0
0
0
0
0
0
0
0
0
2.486459495357997e-05
4.198533805311626e-06
6.503409248116201e-07
0
0
0
0
0
0
0
0
0
0
0
0
0
0
0
0
0
0
0
0
0
0
0
0
0
0
0
0
0
0
0
0
0
0
0
0
0
0
0
0
0
0
7.571713060524687e-07
4.452190848840179e-06
1.857479270253099e-05
3.074966083083497e-05
7.767047532985151e-06
7.194775655683575e-07
1.320594463286069e-07
1.789601140743998e-08
0
0
0
0
0
0
0
0
0
0
0
0
0
0
0
0
0
0
0
0
0
0
0
0
0
0
0
0
2.312938599084425e-05
3.791459133757789e-06
5.750626012409895e-07
0
0
0
0
0
0
0
0
0
0
0
0
0
0
0
0
0
0
0
0
0
0
0
0
0
0
0
0
0
0
0
0
0
0
0
0
0
0
0
0
0
0
6.694203318703581e-07
4.010667445291273e-06
1.731844408657271e-05
3.145174506555031e-05
8.936671023858798e-06
7.825655486086858e-07
1.483233595178055e-07
1.958388520440383e-08
0
0
0
0
0
0
0
0
0
0
0
0
0
0
0
0
0
0
0
0
0
0
0
0
0
0
0
0
2.261719920246002e-05
3.671495100824803e-06
5.539602445125317e-07
0
0
0
0
0
0
0
0
0
0
0
0
0
0
0
0
0
0
0
0
0
0
0
0
0
0
0
0
0
0
0
0
0
0
0
0
0
0
0
0
0
0
6.450391498462379e-07
3.88270888337505e-06
1.69749809977839e-05
3.177928772047156e-05
9.355242313600689e-06
8.009184967285192e-07
1.524428666152786e-07
2.042724124051013e-08
0
0
0
0
0
0
0
0
0
0
0
0
0
0
0
0
0
0
0
0
0
0
0
0
0
0
0
0
2.338023050739839e-05
3.832541126471467e-06
5.822550856683343e-07
0
0
0
0
0
0
0
0
0
0
0
0
0
0
0
0
0
0
0
0
0
0
0
0
0
0
0
0
0
0
0
0
0
0
0
0
0
0
0
0
0
0
6.780591999277798e-07
4.052939768482652e-06
1.749296851646081e-05
3.179421708108115e-05
8.967058899848233e-06
7.64463098455454e-07
1.516120015494852e-07
1.965088292562526e-08
0
0
0
0
0
0
0
0
0
0
0
0
0
0
0
0
0
0
0
0
0
0
0
0
0
0
0
0
2.55819461718065e-05
4.319524895819406e-06
6.696718874847536e-07
0
0
0
0
0
0
0
0
0
0
0
0
0
0
0
0
0
0
0
0
0
0
0
0
0
0
0
0
0
0
0
0
0
0
0
0
0
0
0
0
0
0
7.775159746140924e-07
4.550526538795508e-06
1.893470045743734e-05
3.142634290520698e-05
7.796911155388511e-06
7.001505210034464e-07
1.351609645131888e-07
1.815061531725153e-08
0
0
0
0
0
0
0
0
0
0
0
0
0
0
0
0
0
0
0
0
0
0
0
0
0
0
0
0
2.927411808347425e-05
5.221582212893053e-06
8.388349291813699e-07
0
0
0
0
0
0
0
0
0
0
0
0
0
0
0
0
0
0
0
0
0
0
0
0
0
0
0
0
0
0
0
0
0
0
0
0
0
0
0
0
0
0
9.687452703300956e-07
5.469644357186489e-06
2.131467755761229e-05
3.008918236401632e-05
6.097726693274707e-06
6.069014119627969e-07
1.108705618697929e-07
1.617716607108904e-08
0
0
0
0
0
0
0
0
0
0
0
0
0
0
0
0
0
0
0
0
0
0
0
0
0
0
0
0
3.424759198929882e-05
6.683919524299877e-06
1.135529259425359e-06
0
0
0
0
0
0
0
0
0
0
0
0
0
0
0
0
0
0
0
0
0
0
0
0
0
0
0
0
0
0
0
0
0
0
0
0
0
0
0
0
0
0
1.306867467225544e-06
6.995227338680254e-06
2.465178728104113e-05
2.724982739751481e-05
4.233162934910385e-06
5.04940068405342e-07
8.508757664723859e-08
1.574113594019253e-08
0
0
0
0
0
0
0
0
0
0
0
0
0
0
0
0
0
0
0
0
0
0
0
0
0
0
0
0
3.982882673638959e-05
8.959442725766653e-06
1.650812049628975e-06
0
0
0
0
0
0
0
0
0
0
0
0
0
0
0
0
0
0
0
0
0
0
0
0
0
0
0
0
0
0
0
0
0
0
0
0
0
0
0
0
0
0
1.897209824619802e-06
9.422932418127098e-06
2.848742920529009e-05
2.245658018240463e-05
2.600558852799543e-06
3.947919160001044e-07
6.140196429474404e-08
0
0
0
0
0
0
0
0
0
0
0
0
0
0
0
0
0
0
0
0
0
0
0
0
0
0
0
0
0
4.424960678724446e-05
1.240071496727592e-05
2.55828327853368e-06
4.339043984030496e-07
0
0
0
0
0
0
0
0
0
0
0
0
0
0
0
0
0
0
0
0
0
0
0
0
0
0
0
0
0
0
0
0
0
0
0
0
0
0
0
0
5.098797107527863e-07
2.937343004504793e-06
1.317152336693306e-05
3.170368808929407e-05
1.618457570214643e-05
1.499902236167562e-06
2.81861684521678e-07
4.225791509361377e-08
0
0
0
0
0
0
0
0
0
0
0
0
0
0
0
0
0
0
0
0
0
0
0
0
0
0
0
0
0
4.431991307449112e-05
1.733588563156986e-05
4.180032036987615e-06
7.701349836888581e-07
0
0
0
0
0
0
0
0
0
0
0
0
0
0
0
0
0
0
0
0
0
0
0
0
0
0
0
0
0
0
0
0
0
0
0
0
0
0
0
0
9.023124328218767e-07
4.787384773609914e-06
1.862076322205114e-05
3.204585167694808e-05
9.609370385506186e-06
8.728760083410371e-07
1.763057058648703e-07
2.627224326654065e-08
0
0
0
0
0
0
0
0
0
0
0
0
0
0
0
0
0
0
0
0
0
0
0
0
0
0
0
0
0
3.693516969609483e-05
2.350172328413279e-05
7.065440246234336e-06
1.453904783816512e-06
0
0
0
0
0
0
0
0
0
0
0
0
0
0
0
0
0
0
0
0
0
0
0
0
0
0
0
0
0
0
0
0
0
0
0
0
0
0
0
0
1.694785421526872e-06
8.053260177006261e-06
2.551350109891092e-05
2.709139220724741e-05
4.604748605861162e-06
5.297495376459236e-07
9.712333358645258e-08
1.791080971572389e-08
0
0
0
0
0
0
0
0
0
0
0
0
0
0
0
0
0
0
0
0
0
0
0
0
0
0
0
0
0
2.332034833302632e-05
2.881075828329941e-05
1.19805851962027e-05
2.864696520255791e-06
5.463272517660992e-07
0
0
0
0
0
0
0
0
0
0
0
0
0
0
0
0
0
0
0
0
0
0
0
0
0
0
0
0
0
0
0
0
0
0
0
0
0
0
6.41266182629422e-07
3.315148401856825e-06
1.355709894809495e-05
3.131085213864246e-05
1.752384526367715e-05
1.877695045241473e-06
3.165101582070861e-07
5.182053751370097e-08
0
0
0
0
0
0
0
0
0
0
0
0
0
0
0
0
0
0
0
0
0
0
0
0
0
0
0
0
0
0
1.032975953910231e-05
2.842848535158715e-05
1.944790852839693e-05
5.751532741421753e-06
1.2366785182018e-06
0
0
0
0
0
0
0
0
0
0
0
0
0
0
0
0
0
0
0
0
0
0
0
0
0
0
0
0
0
0
0
0
0
0
0
0
0
0
1.441238499413465e-06
6.586331295421228e-06
2.171295478972438e-05
3.068014938463582e-05
8.254925373924263e-06
8.560593037401176e-07
1.71196949799285e-07
2.808528534823945e-08
0
0
0
0
0
0
0
0
0
0
0
0
0
0
0
0
0
0
0
0
0
0
0
0
0
0
0
0
0
0
3.282736527451323e-06
1.973897242057934e-05
2.736497912004685e-05
1.130980808260091e-05
2.873833342179708e-06
5.981309540966898e-07
0
0
0
0
0
0
0
0
0
0
0
0
0
0
0
0
0
0
0
0
0
0
0
0
0
0
0
0
0
0
0
0
0
0
0
0
7.014064063597825e-07
3.313566403836937e-06
1.27525861930567e-05
3.000127283330291e-05
2.091371209758541e-05
2.852846775635674e-06
4.43120235521915e-07
7.835254291590642e-08
1.617796745541423e-08
0
0
0
0
0
0
0
0
0
0
0
0
0
0
0
0
0
0
0
0
0
0
0
0
0
0
0
0
0
0
1.044261217599095e-06
8.794384015826436e-06
2.830258531696414e-05
2.02929579803413e-05
6.608361986309139e-06
1.585687067375468e-06
3.344625553540275e-07
0
0
0
0
0
0
0
0
0
0
0
0
0
0
0
0
0
0
0
0
0
0
0
0
0
0
0
0
0
0
0
0
0
0
3.961222283497899e-07
1.846202772235902e-06
7.541785365385987e-06
2.252483794509505e-05
3.044906613032716e-05
8.770248460882269e-06
1.010649169645755e-06
2.022505840074753e-07
3.341050938034752e-08
0
0
0
0
0
0
0
0
0
0
0
0
0
0
0
0
0
0
0
0
0
0
0
0
0
0
0
0
0
0
0
4.4501911486788e-07
2.753072312701576e-06
1.761886005325026e-05
2.869508024385765e-05
1.413991736593237e-05
4.170251042830056e-06
9.992362425419777e-07
0
0
0
0
0
0
0
0
0
0
0
0
0
0
0
0
0
0
0
0
0
0
0
0
0
0
0
0
0
0
0
0
0
0
1.178422468889347e-06
4.823533468544776e-06
1.605447737182079e-05
3.161010322456795e-05
1.834528886025448e-05
2.545910232412791e-06
4.00062775811553e-07
7.601721649681759e-08
1.668154248732608e-08
0
0
0
0
0
0
0
0
0
0
0
0
0
0
0
0
0
0
0
0
0
0
0
0
0
0
0
0
0
0
0
1.852703870929531e-07
8.84545702625331e-07
6.179956155593913e-06
2.494650636382192e-05
2.49067261456131e-05
1.026746475587329e-05
2.958697156685991e-06
7.360823921518641e-07
0
0
0
0
0
0
0
0
0
0
0
0
0
0
0
0
0
0
0
0
0
0
0
0
0
0
0
0
0
0
0
0
8.822128774173989e-07
3.475041834612724e-06
1.182508498192241e-05
2.801499566159791e-05
2.713564292951412e-05
5.959589822671808e-06
7.514806745297033e-07
1.512565365494364e-07
2.897688052236913e-08
0
0
0
0
0
0
0
0
0
0
0
0
0
0
0
0
0
0
0
0
0
0
0
0
0
0
0
0
0
0
0
0
6.142740174975068e-08
3.305179823469362e-07
1.646816213412979e-06
1.074766255299264e-05
2.81672842045733e-05
2.121745117960457e-05
8.203191961054588e-06
2.424849363941935e-06
6.422389810812988e-07
0
0
0
0
0
0
0
0
0
0
0
0
0
0
0
0
0
0
0
0
0
0
0
0
0
0
0
0
0
0
7.844684935992792e-07
2.8948206185775e-06
9.558865504853195e-06
2.417073948779798e-05
3.120795662663815e-05
1.110401030078187e-05
1.361997698165693e-06
2.662716248975155e-07
5.153796431021452e-08
1.356178159830028e-08
0
0
0
0
0
0
0
0
0
0
0
0
0
0
0
0
0
0
0
0
0
0
0
0
0
0
0
0
0
0
0
0
2.077893416024888e-08
1.090967446972185e-07
5.186201437992475e-07
2.701032663274819e-06
1.477834398485192e-05
2.887481056082001e-05
1.903743428199755e-05
7.402141712572797e-06
2.31829172525003e-06
6.689750942360672e-07
0
0
0
0
0
0
0
0
0
0
0
0
0
0
0
0
0
0
0
0
0
0
0
0
0
0
0
0
8.274900936947191e-07
2.81994099018387e-06
8.803769556771025e-06
2.195793206803888e-05
3.201516241800971e-05
1.53297398688192e-05
2.311183466321006e-06
3.997587568102103e-07
9.121507822357215e-08
2.139887997927706e-08
0
0
0
0
0
0
0
0
0
0
0
0
0
0
0
0
0
0
0
0
0
0
0
0
0
0
0
0
0
0
0
0
0
0
3.629387683613538e-08
1.672579212872014e-07
7.159471198348274e-07
3.716627112811759e-06
1.724350607921083e-05
2.868255467171049e-05
1.851942700188342e-05
7.606273656240036e-06
2.59999483975593e-06
8.310280286576408e-07
0
0
0
0
0
0
0
0
0
0
0
0
0
0
0
0
0
0
0
0
0
0
0
0
0
0
1.03257496071356e-06
3.190807005874046e-06
9.16472346424753e-06
2.173689804791973e-05
3.224696774954915e-05
1.793693283287654e-05
3.250100219525999e-06
5.711342335860995e-07
1.38364442024557e-07
3.252231464611978e-08
0
0
0
0
0
0
0
0
0
0
0
0
0
0
0
0
0
0
0
0
0
0
0
0
0
0
0
0
0
0
0
0
0
0
0
0
4.924670292223482e-08
2.160769766460282e-07
8.741618114516171e-07
4.310968113508871e-06
1.762046972417725e-05
2.843949531856392e-05
1.964607325606756e-05
8.900894496927142e-06
3.397411322661004e-06
1.220113366407065e-06
4.371778255855609e-07
0
0
0
0
0
0
0
0
0
0
0
0
0
0
0
0
0
0
0
0
0
0
5.43472484353975e-07
1.513681543755524e-06
4.177896635833866e-06
1.078701709079926e-05
2.336079015837644e-05
3.271459054149384e-05
1.876448362803336e-05
3.75101929104066e-06
6.860073814193042e-07
1.783514548047976e-07
4.374568364009206e-08
0
0
0
0
0
0
0
0
0
0
0
0
0
0
0
0
0
0
0
0
0
0
0
0
0
0
0
0
0
0
0
0
0
0
0
0
0
1.721510132117567e-08
5.849428531537984e-08
2.451224440179998e-07
9.427896794753183e-07
4.105534225021117e-06
1.609770034544202e-05
2.820558052258156e-05
2.247173141316301e-05
1.169624868422886e-05
5.097923608370534e-06
2.090221906756192e-06
8.528034984412593e-07
3.578793447777609e-07
0
0
0
0
0
0
0
0
0
0
0
0
0
0
0
0
0
0
4.339902329717466e-07
1.040804855431178e-06
2.558571803302496e-06
6.21771033798334e-06
1.411576529580111e-05
2.667342786404251e-05
3.255573422460295e-05
1.740237886922822e-05
3.662807103427123e-06
6.975633339246297e-07
1.919105295635012e-07
4.892112599300243e-08
1.505598433776952e-08
0
0
0
0
0
0
0
0
0
0
0
0
0
0
0
0
0
0
0
0
0
0
0
0
0
0
0
0
0
0
0
0
0
0
0
0
0
0
1.844401318242912e-08
5.763253468421995e-08
2.336553944553957e-07
7.921000126138352e-07
3.243645158832991e-06
1.280166776979816e-05
2.642229455257908e-05
2.636215751798353e-05
1.659648668936715e-05
8.529572165307957e-06
4.060013734630758e-06
1.897233109366791e-06
9.117946909678182e-07
4.589050564528053e-07
0
0
0
0
0
0
0
0
0
0
0
0
0
0
5.398436738734148e-07
1.082918785440681e-06
2.271631925582741e-06
4.854037748166404e-06
1.022597565977613e-05
1.978636937692162e-05
3.098270518986209e-05
3.001563470040409e-05
1.355951499267513e-05
2.846163712614856e-06
6.542878547375561e-07
1.769124512614798e-07
4.599798433767884e-08
1.530642487157418e-08
0
0
0
0
0
0
0
0
0
0
0
0
0
0
0
0
0
0
0
0
0
0
0
0
0
0
0
0
0
0
0
0
0
0
0
0
0
0
0
0
1.762830201919412e-08
5.725340045013457e-08
1.958461164521679e-07
6.309604766689683e-07
2.093598004479577e-06
8.068472384648064e-06
2.109138717667218e-05
2.869992734262272e-05
2.377936491927468e-05
1.502495299429317e-05
8.435072297740809e-06
4.631997318097074e-06
2.56264050279454e-06
1.486895758225657e-06
9.131384000403042e-07
5.997589662683933e-07
4.261743596234375e-07
0
0
0
0
0
0
4.568159358151159e-07
6.557921612288591e-07
1.01661928312337e-06
1.690994404216368e-06
2.966342613330082e-06
5.396258871074031e-06
9.901697445507633e-06
1.750758137852587e-05
2.764243408844347e-05
3.311828418287644e-05
2.351300735094175e-05
8.309606032688415e-06
1.76164358836552e-06
4.868853463232147e-07
1.655935028534631e-07
4.681827210559654e-08
1.539203416057648e-08
0
0
0
0
0
0
0
0
0
0
0
0
0
0
0
0
0
0
0
0
0
0
0
0
0
0
0
0
0
0
0
0
0
0
0
0
0
0
0
0
0
0
1.658940647745596e-08
4.598582220002894e-08
1.489189215616219e-07
4.212702810763273e-07
1.243992312874373e-06
4.091644189452851e-06
1.274867904137641e-05
2.450860930946543e-05
2.927918603530366e-05
2.469075777387127e-05
1.736992783077891e-05
1.142272689040063e-05
7.449766697387987e-06
4.980423863141641e-06
3.489550426692651e-06
2.598164743929964e-06
2.073967919945556e-06
1.780577834202623e-06
1.651480345892709e-06
1.661398421930896e-06
1.818607495252476e-06
2.157429879095551e-06
2.752074442929207e-06
3.762932770748644e-06
5.454279795085173e-06
8.276713562171029e-06
1.283390265950476e-05
1.968954462424405e-05
2.802059135337177e-05
3.3030497725347e-05
2.728082279180883e-05
1.34155989003705e-05
3.931655795089338e-06
9.489011024347022e-07
3.533149731875811e-07
1.163538035997998e-07
3.598852857194621e-08
1.329800854197106e-08
0
0
0
0
0
0
0
0
0
0
0
0
0
0
0
0
0
0
0
0
0
0
0
0
0
0
0
0
0
0
0
0
0
0
0
0
0
0
0
0
0
0
0
0
0
3.385428886902809e-08
9.434133164571462e-08
2.473448009912e-07
6.39667347974579e-07
1.658670646258234e-06
5.068714406222837e-06
1.321102636499248e-05
2.347333403017907e-05
2.959978151476357e-05
2.888705597691368e-05
2.432277413795535e-05
1.928640347848208e-05
1.514809100660333e-05
1.223117204713476e-05
1.032573101113697e-05
9.183491192425253e-06
8.641042376232371e-06
8.687046981885047e-06
9.302346138087424e-06
1.062200570141201e-05
1.278364153019239e-05
1.606376492228274e-05
2.070983255631574e-05
2.644632608626551e-05
3.156404480230121e-05
3.233899584464618e-05
2.557323899762175e-05
1.407672175653179e-05
5.257901677802259e-06
1.590457864156347e-06
5.467389629574376e-07
2.232470489979405e-07
7.265557546256645e-08
2.742355848655834e-08
0
0
0
0
0
0
0
0
0
0
0
0
0
0
0
0
0
0
0
0
0
0
0
0
0
0
0
0
0
0
0
0
0
0
0
0
0
0
0
0
0
0
0
0
0
0
0
0
2.304034999093346e-08
5.517168178766168e-08
1.335922362266805e-07
3.25496525759026e-07
6.631109404862196e-07
1.471601648064784e-06
3.865292857074624e-06
9.27895010439477e-06
1.713717233028267e-05
2.472657019816961e-05
2.934517986027544e-05
3.105759805884687e-05
3.055735700079846e-05
2.934437601213737e-05
2.813601508702539e-05
2.74985525087018e-05
2.752663194859024e-05
2.839112581570348e-05
2.986889939953771e-05
3.139700400887786e-05
3.232291922326523e-05
3.091313454146797e-05
2.624540868297652e-05
1.817485220047865e-05
9.755946636063407e-06
3.984006696270183e-06
1.448316402283988e-06
6.249842340963663e-07
2.832716830865364e-07
1.170001002050955e-07
4.153459938647322e-08
1.824600790057138e-08
0
0
0
0
0
0
0
0
0
0
0
0
0
0
0
0
0
0
0
0
0
0
0
0
0
0
0
0
0
0
0
0
0
0
0
0
0
0
0
0
0
0
0
0
0
0
0
0
0
0
0
3.073051970921035e-08
6.341984165896696e-08
1.408537459194467e-07
2.86750332231006e-07
5.068974365126005e-07
8.546525978640206e-07
1.723464975127469e-06
3.638020905416683e-06
6.92492636066655e-06
1.101051283844069e-05
1.510408385148638e-05
1.850628718927843e-05
2.084364460284761e-05
2.191118193928072e-05
2.197509817095992e-05
2.085703094945573e-05
1.85624027015207e-05
1.52212132183902e-05
1.113749542281257e-05
7.088878364221792e-06
3.789539595696885e-06
1.754485088360003e-06
8.376184615637585e-07
4.718990875227378e-07
2.649298845936224e-07
1.260663766950656e-07
5.236740412989429e-08
2.347601206809295e-08
0
0
0
0
0
0
0
0
0
0
0
0
0
0
0
0
0
0
0
0
0
0
0
0
0
0
0
0
0
0
0
0
0
0
0
0
0
0
0
0
0
0
0
0
0
0
0
0
0
0
0
0
0
0
0
2.95525411766905e-08
5.186971118427004e-08
9.935983350668882e-08
1.856161053172963e-07
2.984360534150767e-07
4.305179804722401e-07
5.885993867397606e-07
8.500705478269281e-07
1.216674784469439e-06
1.650947761817741e-06
2.058844220678599e-06
2.319246336256355e-06
2.360818896685253e-06
2.105775488970023e-06
1.697742057617456e-06
1.235280156692533e-06
8.542297538134819e-07
5.853050545515264e-07
4.085918766306252e-07
2.749416954477367e-07
1.647704401258987e-07
8.48311710964367e-08
4.040375669138298e-08
2.143889984548207e-08
0
0
0
0
0
0
0
0
0
0
0
0
0
0
0
0
0
0
0
0
0
0
0
0
0
0
0
0
0
0
0
0
0
0
0
0
0
0
0
0
0
0
0
0
0
0
0
0
0
0
0
0
0
0
0
0
0
0
0
2.095034028370686e-08
3.164236063677634e-08
5.066676766327504e-08
7.878532123953058e-08
1.174335842917414e-07
1.655738693438871e-07
2.149018972061231e-07
2.702897555157134e-07
3.177224924249518e-07
3.546597528416126e-07
3.525062729126497e-07
3.303627013915337e-07
2.880696259364534e-07
2.296847728587149e-07
1.743211221592432e-07
1.165589558958796e-07
7.140737346232853e-08
4.186075012332978e-08
2.40062071289871e-08
1.558643011930768e-08
0
0
0
0
0
0
0
0
0
0
0
0
0
0
0
0
0
0
0
0
0
0
0
0
0
0
0
0
0
0
0
0
0
0
0
0
0
0
0
0
0
0
0
0
0
0
0
0
0
0
0
0
0
0
0
0
0
0
0
0
0
0
0
0
1.481078693862678e-08
1.78572905005121e-08
2.293678906296024e-08
3.24516511846165e-08
4.040367886095391e-08
4.978407374242191e-08
5.486269615443209e-08
5.587034834356157e-08
5.097094552474465e-08
4.226612115101782e-08
3.386231568836584e-08
2.390405029546921e-08
1.726033001941418e-08
1.360173381040656e-08
0
0
0
0
0
0
0
0
0
0
0
0
0
0
0
0
0
0
0
0
0
0
0
0
0
0
0
0
0
0
0
0
0
0
0
0
0
0
0
0
0
0
0
0
0
0
0
0
0
0
0
0
0
0
0
0
0
0
0
0
0
0
0
0
0
0
0
0
0
0
0
0
0
0
0
0
0
0
0
0
0
0
0
0
0
0
0
0
0
0
0
0
0
0
0
0
0
0
0
0
0
0
0
0
0
0
0
0
0
0
0
0
0
0
0
0
0
0
0
0
0
0
0
0
0
0
0
0
0
0
0
0
0
0
0
0
0
0
0
0
0
0
0
0
0
0
0
0
0
0
0
0
0
0
0
0
0
0
0
0
0
0
0
0
0
0
0
0
0
0
0
0
0
0
0
0
0
0
0
0
0
0
0
0
0
0
0
0
0
0
0
0
0
0
0
0
0
0
0
0
0
0
0
0
0
0
0
0
0
0
0
0
0
0
0
0
0
0
0
0
0
0
0
0
0
0
0
0
0
0
0
0
0
0
0
0
0
0
0
0
0
0
0
0
0
0
0
0
0
0
0
0
0
0
0
0
0
0
0
0
0
0
0
0
0
0
0
0
0
0
0
0
0
0
0
0
0
0
0
0
0
0
0
0
0
0
0
0
0
0
0
0
0
0
0
0
0
0
0
0
0
0
0
0
0
0
0
0
0
0
0
0
0
0
0
0
0
0
0
0
0
0
0
0
0
0
0
0
0
0
0
0
0
0
0
0
0
0
0
0
0
0
0
0
0
0
0
0
0
0
0
0
0
0
0
0
0
0
0
0
0
0
0
0
0
0
0
0
0
0
0
0
0
0
0
0
0
0
0
0
0
0
0
0
0
0
0
0
0
0
0
0
0
0
0
0
0
0
0
0
0
0
0
0
0
0
0
0
0
0
0
0
0
0
0
0
0
0
0
0
0
0
0
0
0
0
0
0
0
0
0
0
0
0
0
0
0
0
0
0
0
0
0
0
0
0
0
0
0
0
0
0
0
0
0
0
0
0
0
0
0
0
0
0
0
0
0
0
0
0
0
0
0
0
0
0
0
0
0
0
0
0
0
0
0
0
0
0
0
0
0
0
0
0
0
0
0
0
0
0
0
0
0
0
0
0
0
0
0
0
0
0
0
0
0
0
0
0
0
0
0
0
0
0
0
0
0
0
0
0
0
0
0
0
0
0
0
0
0
0
0
0
0
0
0
0
0
0
0
0
0
0
0
0
0
0
0
0
0
0
0
0
0
0
0
0
0
0
0
0
0
0
0
0
0
0
0
0
0
0
0
0
0
0
0
0
0
0
0
0
0
0
0
0
0
0
0
0
0
0
0
0
0
0
0
0
0
0
0
0
0
0
0
0
0
0
0
0
0
0
0
0
0
0
0
0
0
0
0
0
0
0
0
0
0
0
0
0
0
0
0
0
0
0
0
0
0
0
0
0
0
0
0
0
0
0
0
0
0
0
0
0
0
0
0
0
0
0
0
0
0
0
0
0
0
0
0
0
0
0
0
0
0
0
0
0
0
0
0
0
0
0
0
0
0
0
0
0
0
0
0
0
0
0
0
0
0
0
0
0
0
0
0
0
0
0
0
0
0
0
0
0
0
0
0
0
0
0
0
0
0
0
0
0
0
0
0
0
0
0
0
0
0
0
0
0
0
0
0
0
0
0
0
0
0
0
0
0
0
0
0
0
0
0
0
0
0
0
0
0
0
0
0
0
0
0
0
0
0
0
0
0
0
0
0
0
0
0
0
0
0
0
0
0
0
0
0
0
0
0
0
0
0
0
0
0
0
0
0
0
0
0
0
0
0
0
0
0
0
0
0
0
0
0
0
0
0
0
0
0
0
0
0
0
0
0
0
0
0
0
0
0
0
0
0
0
0
0
0
0
0
0
0
0
0
0
0
0
0
0
0
0
0
0
0
0
0
0
0
0
0
0
0
0
0
0
0
0
0
0
0
0
0
0
0
0
0
0
0
0
0
0
0
0
0
0
0
0
0
0
0
0
0
0
0
0
0
0
0
0
0
0
0
0
0
0
0
0
0
0
0
0
0
0
0
0
0
0
0
0
0
0
0
0
0
0
0
0
0
0
0
0
0
0
0
0
0
0
0
0
0
0
0
0
0
0
0
0
0
0
0
0
0
0
0
0
0
0
0
0
0
0
0
0
0
0
0
0
0
0
0
0
0
0
0
0
0
0
0
0
0
0
0
0
0
0
0
0
0
0
0
0
0
0
0
0
0
0
0
0
0
0
0
0
0
0
0
0
0
0
0
0
0
0
0
0
0
0
0
0
0
0
0
0
0
0
0
0
0
0
0
0
0
0
0
0
0
0
0
0
0
0
0
0
0
0
0
0
0
0
0
0
0
0
0
0
0
0
0
0
0
0
0
0
0
0
0
0
0
0
0
0
0
0
0
0
0
0
0
0
0
0
0
0
0
0
0
0
0
0
0
0
0
0
0
0
0
0
0
0
0
0
0
0
0
0
0
0
0
0
0
0
0
0
0
0
0
0
0
0
0
0
0
0
0
0
0
0
0
0
0
0
0
0
0
0
0
0
0
0
0
0
0
0
0
0
0
0
0
0
0
0
0
0
0
0
0
0
0
0
0
0
0
0
0
0
0
0
0
0
0
0
0
0
0
0
0
0
0
0
0
0
0
0
0
0
0
0
0
0
0
0
0
0
0
0
0
0
0
0
0
0
0
0
0
0
0
0
0
0
0
0
0
0
0
0
0
0
0
0
0
0
0
0
0
0
0
0
0
0
0
0
0
0
0
0
0
0
0
0
0
0
0
0
0
0
0
0
0
0
0
0
0
0
0
0
0
0
0
0
0
0
0
0
0
0
0
0
0
0
0
0
0
0
0
0
0
0
0
0
0
0
0
0
0
0
0
0
0
0
0
0
0
0
0
0
0
0
0
0
0
0
0
0
0
0
0
0
0
0
0
0
0
0
0
0
0
0
0
0
0
0
0
0
0
0
0
0
0
0
0
0
0
0
0
0
0
0
0
0
0
0
0
0
0
0
0
0
0
0
0
0
0
0
0
0
0
0
0
0
0
0
0
0
0
0
0
0
0
0
0
0
0
0
0
0
0
0
0
0
0
0
0
0
0
0
0
0
0
0
0
0
0
0
0
0
0
0
0
0
0
0
0
0
0
0
0
0
0
0
0
0
0
0
0
0
0
0
0
0
0
0
0
0
0
0
0
0
0
0
0
0
0
0
0
0
0
0
0
0
0
0
0
0
0
0
0
0
0
0
0
0
0
0
0
0
0
0
0
0
0
0
0
0
0
0
0
0
0
0
0
0
0
0
0
0
0
0
0
0
0
0
0
0
0
0
0
0
0
0
0
0
0
0
0
0
0
0
0
0
0
0
0
0
0
0
0
0
0
0
0
0
0
0
0
0
0
0
0
0
0
0
0
0
0
0
0
0
0
0
0
0
0
0
0
0
0
0
0
0
0
0
0
0
0
0
0
0
0
0
0
0
0
0
0
0
0
0
0
0
0
0
0
0
0
0
0
0
0
0
0
0
0
0
0
0
0
0
0
0
0
0
0
0
0
0
0
0
0
0
0
0
0
0
0
0
0
0
0
0
0
0
0
0
0
0
0
0
0
0
0
0
0
0
0
0
0
0
0
0
0
0
0
0
0
0
0
0
0
0
0
0
0
0
0
0
0
0
0
0
0
0
0
0
0
0
0
0
0
0
0
0
0
0
0
0
0
0
0
0
0
0
0
0
0
0
0
0
0
0
0
0
0
0
0
0
0
0
0
0
0
0
0
0
0
0
0
0
0
0
0
0
0
0
0
0
0
0
0
0
0
0
0
0
0
0
0
0
0
0
0
0
0
0
0
0
0
0
0
0
0
0
0
0
0
0
0
0
0
0
0
0
0
0
0
0
0
0
0
0
0
0
0
0
0
0
0
0
0
0
0
0
0
0
0
0
0
0
0
0
0
0
0
0
0
0
0
0
0
0
0
0
0
0
0
0
0
0
0
0
0
0
0
0
0
0
0
0
0
0
0
0
0
0
0
0
0
0
0
0
0
0
0
0
0
0
0
0
0
0
0
0
0
0
0
0
0
0
0
0
0
0
0
0
0
0
0
0
0
0
0
0
0
0
0
0
0
0
0
0
0
0
0
0
0
0
0
0
0
0
0
0
0
0
0
0
0
0
0
0
0
0
0
0
0
0
0
0
0
0
0
0
0
0
0
0
0
0
0
0
0
0
0
0
0
0
0
0
0
0
0
0
0
0
0
0
0
0
0
0
0
0
0
0
0
0
0
0
0
0
0
0
0
0
0
0
0
0
0
0
0
0
0
0
0
0
0
0
0
0
0
0
0
0
0
0
0
0
0
0
0
0
0
0
0
0
0
0
0
0
0
0
0
0
0
0
0
0
0
0
0
0
0
0
0
0
0
0
0
0
0
0
0
0
0
0
0
0
0
0
0
0
0
0
0
0
0
0
0
0
0
0
0
0
0
0
0
0
0
0
0
1.67448709890447e-08
1.891946520433865e-08
2.463877433172041e-08
3.595277321611931e-08
3.500535334643949e-08
3.920141079235631e-08
3.662297342627627e-08
6.263094536438923e-08
5.366325950998605e-08
5.102073579149357e-08
3.735733256231913e-08
3.119575546120255e-08
2.104042916315958e-08
1.427867220795338e-08
0
0
0
0
0
0
0
0
0
0
0
0
0
0
0
0
0
0
0
0
0
0
0
0
0
0
0
0
0
0
0
0
0
0
0
0
0
0
0
0
0
0
0
0
0
0
0
0
0
0
0
0
0
0
0
0
0
0
0
0
0
0
0
0
1.712504871263513e-08
3.474033106028112e-08
5.875835964948882e-08
8.764300459016812e-08
1.264724676835117e-07
1.914681331480734e-07
2.494559619292957e-07
3.000642619700328e-07
2.483637225403248e-07
2.65350122711974e-07
3.756605147182289e-07
3.486937107469208e-07
3.78951820617254e-07
2.61048733598784e-07
2.392607514816518e-07
1.706609978122754e-07
1.026220378667861e-07
5.49509199936306e-08
2.852657765971005e-08
1.691295813883797e-08
0
0
0
0
0
0
0
0
0
0
0
0
0
0
0
0
0
0
0
0
0
0
0
0
0
0
0
0
0
0
0
0
0
0
0
0
0
0
0
0
0
0
0
0
0
0
0
0
0
0
0
0
0
0
0
0
0
0
0
2.541933571591022e-08
4.689850485945043e-08
1.115017914075999e-07
2.255487968344458e-07
3.831047697347316e-07
5.647355561160189e-07
7.437926839149216e-07
9.976501534717638e-07
1.373029814478774e-06
1.692367596458157e-06
1.972930975039245e-06
2.188415146220549e-06
2.326966034373521e-06
2.505087277346882e-06
1.959970460074281e-06
1.637577616184872e-06
1.262166393091327e-06
8.188999677490917e-07
5.893163614227662e-07
3.52707531394829e-07
1.893699305163509e-07
8.285433838505913e-08
3.912978549672305e-08
2.084700298576194e-08
0
0
0
0
0
0
0
0
0
0
0
0
0
0
0
0
0
0
0
0
0
0
0
0
0
0
0
0
0
0
0
0
0
0
0
0
0
0
0
0
0
0
0
0
0
0
0
0
0
0
0
0
0
0
0
2.499340742494981e-08
5.256980546128515e-08
1.3931272110155e-07
3.074350461895206e-07
6.311702085808198e-07
1.230095476396551e-06
2.138360002891367e-06
3.998019816179728e-06
6.562859413355598e-06
1.005512045828693e-05
1.301045154439522e-05
1.696636802545514e-05
1.971241376009201e-05
1.998146450318145e-05
2.039713685472782e-05
1.997704050213715e-05
1.968977783992231e-05
1.653192470975265e-05
1.210609781072489e-05
7.846424104189204e-06
4.182803656650438e-06
2.075413811393354e-06
9.228510738473689e-07
5.096635003306196e-07
2.485239772819576e-07
1.202228618012969e-07
5.213857323376596e-08
2.622440682859666e-08
0
0
0
0
0
0
0
0
0
0
0
0
0
0
0
0
0
0
0
0
0
0
0
0
0
0
0
0
0
0
0
0
0
0
0
0
0
0
0
0
0
0
0
0
0
0
0
0
0
0
0
1.925231172798182e-08
4.171586216171387e-08
1.190880124320026e-07
3.008383183216507e-07
6.696421426293596e-07
1.630669291001768e-06
4.176613340063807e-06
8.883032991624353e-06
1.472261150807269e-05
2.162494215273683e-05
2.495139232159263e-05
2.585493439781321e-05
2.537332421445789e-05
2.566733684553573e-05
2.526133475328428e-05
2.474294138142726e-05
2.479389766681204e-05
2.625508081941472e-05
2.887691501319278e-05
3.095425563276816e-05
3.168314866492078e-05
3.023736662410816e-05
2.636705339489146e-05
1.854416076319641e-05
9.985212661369446e-06
4.256903713220816e-06
1.490656482380535e-06
6.243614440982596e-07
2.864345367021014e-07
1.214182621176086e-07
4.840591305491786e-08
2.001503809551311e-08
0
0
0
0
0
0
0
0
0
0
0
0
0
0
0
0
0
0
0
0
0
0
0
0
0
0
0
0
0
0
0
0
0
0
0
0
0
0
0
0
0
0
0
0
0
0
0
0
2.693240990174112e-08
7.243655679552432e-08
2.312719627133843e-07
6.394734585502822e-07
1.61384864818736e-06
5.063275707761828e-06
1.198666275007803e-05
1.992944693017117e-05
2.383352763385371e-05
2.286157117308665e-05
1.976372705739299e-05
1.552243195395539e-05
1.220172658059331e-05
9.906807041452751e-06
8.722661294803282e-06
7.950897475063247e-06
7.516496298968993e-06
7.643673935871806e-06
8.37494741736871e-06
9.781286067904528e-06
1.186104841705598e-05
1.502869473325342e-05
1.969325821894679e-05
2.519202708704131e-05
2.995849647083798e-05
3.057033043331999e-05
2.441705111372344e-05
1.36916690937533e-05
5.337507335340557e-06
1.64697278808621e-06
6.194417259455014e-07
2.541379017644007e-07
9.204092355929545e-08
3.287810552486436e-08
0
0
0
0
0
0
0
0
0
0
0
0
0
0
0
0
0
0
0
0
0
0
0
0
0
0
0
0
0
0
0
0
0
0
0
0
0
0
0
0
0
0
0
0
0
1.40208000116116e-08
3.967848207989317e-08
1.285626595853783e-07
3.932005498100511e-07
1.107123757256776e-06
3.791100559977041e-06
1.168055360388139e-05
2.117245598733265e-05
2.423918490383349e-05
1.97603731345854e-05
1.356855369197486e-05
8.86634978847414e-06
5.875861728871883e-06
3.912539542336063e-06
2.747125467004771e-06
2.056047625327536e-06
1.699922183779926e-06
1.501557193595918e-06
1.416198764597358e-06
1.438618402837236e-06
1.603460375874211e-06
1.934426252186014e-06
2.477707509766644e-06
3.395471260833931e-06
4.994862714337715e-06
7.615892206104984e-06
1.176928767352437e-05
1.775621349031768e-05
2.532730742064116e-05
3.045870228050936e-05
2.564404943558681e-05
1.325443256618194e-05
4.243641866517833e-06
1.211164715850346e-06
4.066990864086789e-07
1.340219942722097e-07
4.115083942433208e-08
1.5406108714406e-08
0
0
0
0
0
0
0
0
0
0
0
0
0
0
0
0
0
0
0
0
0
0
0
0
0
0
0
0
0
0
0
0
0
0
0
0
0
0
0
0
0
0
1.548010037954132e-08
4.884356113992461e-08
1.663606086348455e-07
5.548940444943604e-07
1.942870629862811e-06
7.484112981091178e-06
1.852169396509645e-05
2.426280872893405e-05
1.946526187934421e-05
1.190980037731486e-05
6.59270961314695e-06
3.553986848301612e-06
1.966544450746373e-06
1.149344171709598e-06
7.100259704344587e-07
4.687787926051062e-07
3.345740604413294e-07
0
0
0
0
0
0
4.033918432264703e-07
5.798098311567306e-07
9.024628905476344e-07
1.504989945887443e-06
2.638862607278128e-06
4.766591767351371e-06
8.755697044116119e-06
1.564389301420668e-05
2.505423698597418e-05
3.04052997740881e-05
2.21138955874911e-05
8.261427219163665e-06
1.98529862124204e-06
5.357712865141647e-07
1.651598798883362e-07
5.262181482649663e-08
1.62734500482887e-08
0
0
0
0
0
0
0
0
0
0
0
0
0
0
0
0
0
0
0
0
0
0
0
0
0
0
0
0
0
0
0
0
0
0
0
0
0
0
0
0
1.581143647202405e-08
5.236091454713625e-08
2.011547940764359e-07
7.127344659066961e-07
2.937966454924285e-06
1.11987048048581e-05
2.274837282426455e-05
2.209383677434285e-05
1.354172414217307e-05
6.817101340379851e-06
3.158829262448161e-06
1.468371671217973e-06
6.983355939622108e-07
3.513053557238092e-07
0
0
0
0
0
0
0
0
0
0
0
0
0
0
4.721913933322371e-07
9.491352810374599e-07
1.990387880162523e-06
4.268247742373314e-06
9.009765973717454e-06
1.750170306800733e-05
2.742518266869545e-05
2.714717990383023e-05
1.275054702282362e-05
3.032779432450891e-06
6.861090799482627e-07
2.038124204686121e-07
5.396109129449951e-08
1.613225918995499e-08
0
0
0
0
0
0
0
0
0
0
0
0
0
0
0
0
0
0
0
0
0
0
0
0
0
0
0
0
0
0
0
0
0
0
0
0
0
0
1.440055561711642e-08
4.824476197695137e-08
2.026655277057345e-07
8.037508962611727e-07
3.645161334186446e-06
1.408624234496452e-05
2.417329455388226e-05
1.887254598657781e-05
9.682282146409046e-06
4.115272575867061e-06
1.651259156302162e-06
6.626978457546628e-07
2.782856256511256e-07
0
0
0
0
0
0
0
0
0
0
0
0
0
0
0
0
0
0
3.760884146885098e-07
9.00086810766924e-07
2.208472122950235e-06
5.382643088223695e-06
1.223907666956471e-05
2.341805669284852e-05
2.910463196047376e-05
1.655729795234446e-05
3.93478146512449e-06
8.305132669547843e-07
2.174258784203095e-07
5.029400154845767e-08
1.571715128953998e-08
0
0
0
0
0
0
0
0
0
0
0
0
0
0
0
0
0
0
0
0
0
0
0
0
0
0
0
0
0
0
0
0
0
0
0
0
0
4.534782031338033e-08
1.947063173699859e-07
8.258607419686712e-07
3.744984071891766e-06
1.550577026907397e-05
2.435939755651277e-05
1.661315665283961e-05
7.389913463348835e-06
2.78955170453752e-06
9.827329511340929e-07
3.460586964852873e-07
0
0
0
0
0
0
0
0
0
0
0
0
0
0
0
0
0
0
0
0
0
0
4.591300022280384e-07
1.283558974620668e-06
3.54865438910696e-06
9.253966542511633e-06
2.027226887896602e-05
2.91848068304938e-05
1.77408198592649e-05
4.09398655867479e-06
7.955660496984104e-07
1.928549073082853e-07
4.551674375627487e-08
0
0
0
0
0
0
0
0
0
0
0
0
0
0
0
0
0
0
0
0
0
0
0
0
0
0
0
0
0
0
0
0
0
0
0
0
3.446264274522066e-08
1.606759254869378e-07
7.086051206803884e-07
3.333705407154248e-06
1.527132746028849e-05
2.450411380060157e-05
1.564318556999657e-05
6.30359731292424e-06
2.136622612898686e-06
6.78160416991979e-07
0
0
0
0
0
0
0
0
0
0
0
0
0
0
0
0
0
0
0
0
0
0
0
0
0
0
8.669993497661206e-07
2.695404928149059e-06
7.806256689781253e-06
1.876419501813869e-05
2.873739695617025e-05
1.704132709245068e-05
3.549990715336043e-06
6.776557719414745e-07
1.619964597147485e-07
3.696485302643374e-08
0
0
0
0
0
0
0
0
0
0
0
0
0
0
0
0
0
0
0
0
0
0
0
0
0
0
0
0
0
0
0
0
0
0
2.065881415228926e-08
1.035471177720726e-07
4.974635458785103e-07
2.453629990134731e-06
1.318279678189141e-05
2.472560616036828e-05
1.602969040390478e-05
6.140435628638158e-06
1.903864457977564e-06
5.45419568374794e-07
0
0
0
0
0
0
0
0
0
0
0
0
0
0
0
0
0
0
0
0
0
0
0
0
0
0
0
0
6.854101334436683e-07
2.36839023169144e-06
7.487628146666635e-06
1.919369074969042e-05
2.891354388746958e-05
1.457665851217785e-05
2.552217694662717e-06
4.997810897277527e-07
1.091232656091351e-07
2.436873748558083e-08
0
0
0
0
0
0
0
0
0
0
0
0
0
0
0
0
0
0
0
0
0
0
0
0
0
0
0
0
0
0
0
0
0
5.583939668966703e-08
2.999332654143543e-07
1.487124149178888e-06
9.550071823285573e-06
2.452927731160115e-05
1.811826713074915e-05
6.883526858838257e-06
2.002831822983774e-06
5.264051884874813e-07
0
0
0
0
0
0
0
0
0
0
0
0
0
0
0
0
0
0
0
0
0
0
0
0
0
0
0
0
0
0
6.495326807480209e-07
2.441002548418474e-06
8.258146892698779e-06
2.133458802595738e-05
2.80450503196296e-05
1.039800201237476e-05
1.581716326303346e-06
3.22305017084925e-07
6.346604067802988e-08
1.53814724950846e-08
0
0
0
0
0
0
0
0
0
0
0
0
0
0
0
0
0
0
0
0
0
0
0
0
0
0
0
0
0
0
0
0
1.691422974778688e-07
8.162334231379931e-07
5.513554204356834e-06
2.178776335535185e-05
2.13584476517517e-05
8.67365778752558e-06
2.461894741732921e-06
6.078203197695792e-07
0
0
0
0
0
0
0
0
0
0
0
0
0
0
0
0
0
0
0
0
0
0
0
0
0
0
0
0
0
0
0
0
7.336189871584972e-07
2.953668190674974e-06
1.026160680657091e-05
2.482485757425922e-05
2.449451943435588e-05
6.004046250700203e-06
8.783724790466233e-07
1.799066491727585e-07
3.426060590950414e-08
0
0
0
0
0
0
0
0
0
0
0
0
0
0
0
0
0
0
0
0
0
0
0
0
0
0
0
0
0
0
0
0
4.340445399924322e-07
2.59070218769736e-06
1.593899295362491e-05
2.513793125232747e-05
1.208855501596101e-05
3.497021704223408e-06
8.2888118282697e-07
0
0
0
0
0
0
0
0
0
0
0
0
0
0
0
0
0
0
0
0
0
0
0
0
0
0
0
0
0
0
0
0
0
0
9.918375311752037e-07
4.160750029843765e-06
1.408123481797181e-05
2.854705481592169e-05
1.740924470753369e-05
2.708114298672171e-06
4.604616982031409e-07
8.614700911700916e-08
1.91211013533583e-08
0
0
0
0
0
0
0
0
0
0
0
0
0
0
0
0
0
0
0
0
0
0
0
0
0
0
0
0
0
0
0
9.890496119180614e-07
8.06783509486173e-06
2.517180958086072e-05
1.764567440483683e-05
5.643571875867226e-06
1.333351565086676e-06
2.796201339519847e-07
0
0
0
0
0
0
0
0
0
0
0
0
0
0
0
0
0
0
0
0
0
0
0
0
0
0
0
0
0
0
0
0
0
0
3.315914604140861e-07
1.583616155593633e-06
6.629219805116994e-06
2.035162877066878e-05
2.833913073454299e-05
8.813572878463912e-06
1.070723363455253e-06
2.184283118634717e-07
3.737860325873688e-08
0
0
0
0
0
0
0
0
0
0
0
0
0
0
0
0
0
0
0
0
0
0
0
0
0
0
0
0
0
0
0
3.133500140058753e-06
1.784636082316197e-05
2.416503069427285e-05
9.837860301266487e-06
2.461707199865629e-06
5.087442679651543e-07
0
0
0
0
0
0
0
0
0
0
0
0
0
0
0
0
0
0
0
0
0
0
0
0
0
0
0
0
0
0
0
0
0
0
0
0
6.013994384551422e-07
2.900263980636194e-06
1.142837220902737e-05
2.773763599697961e-05
2.01274027062765e-05
2.972919021105656e-06
4.652004278330021e-07
8.349109465266148e-08
1.695533227392836e-08
0
0
0
0
0
0
0
0
0
0
0
0
0
0
0
0
0
0
0
0
0
0
0
0
0
0
0
0
0
0
9.477982794329279e-06
2.552037538691946e-05
1.713106046510231e-05
5.007519030897999e-06
1.068628204086455e-06
0
0
0
0
0
0
0
0
0
0
0
0
0
0
0
0
0
0
0
0
0
0
0
0
0
0
0
0
0
0
0
0
0
0
0
0
0
0
1.257003409585104e-06
5.86065401825926e-06
1.991511585777508e-05
2.901926558193554e-05
8.346153520174796e-06
9.089215895298911e-07
1.83702667361088e-07
2.898401902354513e-08
0
0
0
0
0
0
0
0
0
0
0
0
0
0
0
0
0
0
0
0
0
0
0
0
0
0
0
0
0
0
2.140697689525548e-05
2.600138206120289e-05
1.06529276220853e-05
2.520486280395383e-06
4.780376643872859e-07
0
0
0
0
0
0
0
0
0
0
0
0
0
0
0
0
0
0
0
0
0
0
0
0
0
0
0
0
0
0
0
0
0
0
0
0
0
0
5.602155557929424e-07
2.946186799877388e-06
1.238423756205661e-05
2.943571468480879e-05
1.708426837761622e-05
2.041538306901555e-06
3.491597629265084e-07
5.599055018849582e-08
0
0
0
0
0
0
0
0
0
0
0
0
0
0
0
0
0
0
0
0
0
0
0
0
0
0
0
0
0
0
3.38848453641904e-05
2.135675081080193e-05
6.336138983783758e-06
1.29360541799646e-06
0
0
0
0
0
0
0
0
0
0
0
0
0
0
0
0
0
0
0
0
0
0
0
0
0
0
0
0
0
0
0
0
0
0
0
0
0
0
0
0
1.516652752365285e-06
7.354541925159083e-06
2.372010110659485e-05
2.609658795418315e-05
4.726707414497231e-06
5.70354087180309e-07
1.026175397938675e-07
1.898574744846881e-08
0
0
0
0
0
0
0
0
0
0
0
0
0
0
0
0
0
0
0
0
0
0
0
0
0
0
0
0
0
4.066728632554867e-05
1.582410876183806e-05
3.780172930243695e-06
6.940894396649476e-07
0
0
0
0
0
0
0
0
0
0
0
0
0
0
0
0
0
0
0
0
0
0
0
0
0
0
0
0
0
0
0
0
0
0
0
0
0
0
0
0
8.146329515542768e-07
4.392578067285385e-06
1.735777413744916e-05
3.039609580575768e-05
9.576985566094208e-06
9.19989904883099e-07
1.788009950179963e-07
2.713374409753004e-08
0
0
0
0
0
0
0
0
0
0
0
0
0
0
0
0
0
0
0
0
0
0
0
0
0
0
0
0
0
4.071796802259783e-05
1.136288609349734e-05
2.3327165193017e-06
3.93880832013314e-07
0
0
0
0
0
0
0
0
0
0
0
0
0
0
0
0
0
0
0
0
0
0
0
0
0
0
0
0
0
0
0
0
0
0
0
0
0
0
0
0
4.666921004985135e-07
2.715631408370407e-06
1.229885732185336e-05
3.016630826019603e-05
1.59900563367144e-05
1.566302834871984e-06
2.767326158101938e-07
4.256220642222443e-08
0
0
0
0
0
0
0
0
0
0
0
0
0
0
0
0
0
0
0
0
0
0
0
0
0
0
0
0
0
3.68069651264001e-05
8.261947999694285e-06
1.517107580557336e-06
0
0
0
0
0
0
0
0
0
0
0
0
0
0
0
0
0
0
0
0
0
0
0
0
0
0
0
0
0
0
0
0
0
0
0
0
0
0
0
0
0
0
1.771329212120637e-06
8.891036249260026e-06
2.723532242329713e-05
2.199436732555644e-05
2.737323712136376e-06
3.906110055965609e-07
6.132941407634995e-08
0
0
0
0
0
0
0
0
0
0
0
0
0
0
0
0
0
0
0
0
0
0
0
0
0
0
0
0
0
3.203859787031745e-05
6.243579888032904e-06
1.0583383064354e-06
0
0
0
0
0
0
0
0
0
0
0
0
0
0
0
0
0
0
0
0
0
0
0
0
0
0
0
0
0
0
0
0
0
0
0
0
0
0
0
0
0
0
1.234597044200327e-06
6.665538756107936e-06
2.374476639109106e-05
2.66006058290186e-05
4.27831457126601e-06
5.123721408265522e-07
8.292562802014288e-08
1.561040497609367e-08
0
0
0
0
0
0
0
0
0
0
0
0
0
0
0
0
0
0
0
0
0
0
0
0
0
0
0
0
2.784887196044125e-05
4.964511107355426e-06
7.972789279438713e-07
0
0
0
0
0
0
0
0
0
0
0
0
0
0
0
0
0
0
0
0
0
0
0
0
0
0
0
0
0
0
0
0
0
0
0
0
0
0
0
0
0
0
9.288377503777889e-07
5.289626228093245e-06
2.070540646513182e-05
2.934979749604313e-05
6.119624558635627e-06
6.291114818604488e-07
1.078899605597779e-07
1.594553225484765e-08
0
0
0
0
0
0
0
0
0
0
0
0
0
0
0
0
0
0
0
0
0
0
0
0
0
0
0
0
2.483462370035734e-05
4.194124181466295e-06
6.500337141322451e-07
0
0
0
0
0
0
0
0
0
0
0
0
0
0
0
0
0
0
0
0
0
0
0
0
0
0
0
0
0
0
0
0
0
0
0
0
0
0
0
0
0
0
7.566238170903201e-07
4.450387077945923e-06
1.85851507981653e-05
3.079644488878387e-05
7.789521474468936e-06
7.188931403506731e-07
1.316680131383369e-07
1.794257599414437e-08
0
0
0
0
0
0
0
0
0
0
0
0
0
0
0
0
0
0
0
0
0
0
0
0
0
0
0
0
2.312335579555014e-05
3.790176547630281e-06
5.748076924782308e-07
0
0
0
0
0
0
0
0
0
0
0
0
0
0
0
0
0
0
0
0
0
0
0
0
0
0
0
0
0
0
0
0
0
0
0
0
0
0
0
0
0
0
6.692335165372716e-07
4.010981893080701e-06
1.731289477666447e-05
3.150053683417316e-05
8.952042583340723e-06
7.835893229832882e-07
1.491552979539997e-07
1.932027172355117e-08
0
0
0
0
0
0
0
0
0
0
0
0
0
0
0
0
0
0
0
0
0
0
0
0
0
0
0
0
2.260062575735093e-05
3.66842154637095e-06
5.533862234902704e-07
0
0
0
0
0
0
0
0
0
0
0
0
0
0
0
0
0
0
0
0
0
0
0
0
0
0
0
0
0
0
0
0
0
0
0
0
0
0
0
0
0
0
6.445555514881511e-07
3.881300673160302e-06
1.698187807995843e-05
3.174767628744348e-05
9.3918463008443e-06
8.064109111810431e-07
1.530047443361218e-07
2.030594562544777e-08
0
0
0
0
0
0
0
0
0
0
0
0
0
0
0
0
0
0
0
0
0
0
0
0
0
0
0
0
2.336089531212553e-05
3.828312204267395e-06
5.815908508956056e-07
0
0
0
0
0
0
0
0
0
0
0
0
0
0
0
0
0
0
0
0
0
0
0
0
0
0
0
0
0
0
0
0
0
0
0
0
0
0
0
0
0
0
6.781062901661155e-07
4.054441070677553e-06
1.74935197780175e-05
3.181952395510038e-05
8.990017131322262e-06
7.832539536552692e-07
1.501617218421292e-07
1.955164929418551e-08
0
0
0
0
0
0
0
0
0
0
0
0
0
0
0
0
0
0
0
0
0
0
0
0
0
0
0
0
2.555581961634389e-05
4.31523912087125e-06
6.689978304633497e-07
0
0
0
0
0
0
0
0
0
0
0
0
0
0
0
0
0
0
0
0
0
0
0
0
0
0
0
0
0
0
0
0
0
0
0
0
0
0
0
0
0
0
7.776416360367166e-07
4.549575308005211e-06
1.89393196543056e-05
3.136528024640122e-05
7.822310780908401e-06
7.159667152452413e-07
1.339667309915203e-07
1.815630451372741e-08
0
0
0
0
0
0
0
0
0
0
0
0
0
0
0
0
0
0
0
0
0
0
0
0
0
0
0
0
2.928897237753772e-05
5.224567608983887e-06
8.392113437942365e-07
0
0
0
0
0
0
0
0
0
0
0
0
0
0
0
0
0
0
0
0
0
0
0
0
0
0
0
0
0
0
0
0
0
0
0
0
0
0
0
0
0
0
9.684202138996727e-07
5.471224035942711e-06
2.134236096299139e-05
3.005415989061984e-05
6.101553624053347e-06
6.133563688092701e-07
1.112598114660931e-07
1.602641827452523e-08
0
0
0
0
0
0
0
0
0
0
0
0
0
0
0
0
0
0
0
0
0
0
0
0
0
0
0
0
3.428095603925465e-05
6.688808330147504e-06
1.136516084964413e-06
0
0
0
0
0
0
0
0
0
0
0
0
0
0
0
0
0
0
0
0
0
0
0
0
0
0
0
0
0
0
0
0
0
0
0
0
0
0
0
0
0
0
1.30640667199144e-06
7.001151101335578e-06
2.466880643978733e-05
2.734664839623282e-05
4.221404646176094e-06
4.964881150929746e-07
8.432160293940401e-08
1.561213509506436e-08
0
0
0
0
0
0
0
0
0
0
0
0
0
0
0
0
0
0
0
0
0
0
0
0
0
0
0
0
3.984906671957347e-05
8.962944079805961e-06
1.651565020583535e-06
0
0
0
0
0
0
0
0
0
0
0
0
0
0
0
0
0
0
0
0
0
0
0
0
0
0
0
0
0
0
0
0
0
0
0
0
0
0
0
0
0
0
1.896694729668055e-06
9.434683404422933e-06
2.857528442302112e-05
2.252476758171213e-05
2.573788945975711e-06
3.875687374114432e-07
6.365126752392443e-08
0
0
0
0
0
0
0
0
0
0
0
0
0
0
0
0
0
0
0
0
0
0
0
0
0
0
0
0
0
4.42572668077167e-05
1.240189925733039e-05
2.558315193893133e-06
4.336890117502053e-07
0
0
0
0
0
0
0
0
0
0
0
0
0
0
0
0
0
0
0
0
0
0
0
0
0
0
0
0
0
0
0
0
0
0
0
0
0
0
0
0
5.099521340780832e-07
2.936756873927517e-06
1.317164975894048e-05
3.172267236569142e-05
1.604906233834506e-05
1.486634216116639e-06
2.816809053139299e-07
4.171620441100275e-08
0
0
0
0
0
0
0
0
0
0
0
0
0
0
0
0
0
0
0
0
0
0
0
0
0
0
0
0
0
4.437653008280868e-05
1.735074375934687e-05
4.182569308661935e-06
7.701010183941849e-07
0
0
0
0
0
0
0
0
0
0
0
0
0
0
0
0
0
0
0
0
0
0
0
0
0
0
0
0
0
0
0
0
0
0
0
0
0
0
0
0
9.02926018556912e-07
4.788343058067189e-06
1.862916287049206e-05
3.20358139889687e-05
9.699168281758243e-06
8.802600683015525e-07
1.781726254968607e-07
2.689429018990416e-08
0
0
0
0
0
0
0
0
0
0
0
0
0
0
0
0
0
0
0
0
0
0
0
0
0
0
0
0
0
3.697229998616817e-05
2.353348917340714e-05
7.072705090506704e-06
1.454286759155701e-06
0
0
0
0
0
0
0
0
0
0
0
0
0
0
0
0
0
0
0
0
0
0
0
0
0
0
0
0
0
0
0
0
0
0
0
0
0
0
0
0
1.6964253518138e-06
8.056163002104141e-06
2.554258508473426e-05
2.722668914972445e-05
4.710352840169407e-06
5.172696664194969e-07
9.79256294093656e-08
1.717118674987262e-08
0
0
0
0
0
0
0
0
0
0
0
0
0
0
0
0
0
0
0
0
0
0
0
0
0
0
0
0
0
2.332630428995207e-05
2.876142228323569e-05
1.200450602244002e-05
2.865827647181348e-06
5.463982746942787e-07
0
0
0
0
0
0
0
0
0
0
0
0
0
0
0
0
0
0
0
0
0
0
0
0
0
0
0
0
0
0
0
0
0
0
0
0
0
0
6.4215512833516e-07
3.318307452660993e-06
1.357976037656266e-05
3.139701512378788e-05
1.762312091534432e-05
1.88418040142249e-06
2.999216906809847e-07
5.114760565453373e-08
0
0
0
0
0
0
0
0
0
0
0
0
0
0
0
0
0
0
0
0
0
0
0
0
0
0
0
0
0
0
1.026763406500736e-05
2.843904280539485e-05
1.944453880313638e-05
5.755896587768353e-06
1.23576042998216e-06
0
0
0
0
0
0
0
0
0
0
0
0
0
0
0
0
0
0
0
0
0
0
0
0
0
0
0
0
0
0
0
0
0
0
0
0
0
0
1.442197884774165e-06
6.582680992421132e-06
2.172455507987358e-05
3.069833855181158e-05
8.196569350302245e-06
8.042141800502125e-07
1.708460953838245e-07
2.709126976885538e-08
0
0
0
0
0
0
0
0
0
0
0
0
0
0
0
0
0
0
0
0
0
0
0
0
0
0
0
0
0
0
3.344986891493512e-06
1.987903464587729e-05
2.746464105275219e-05
1.133217758631076e-05
2.87174097560948e-06
5.970025939281677e-07
0
0
0
0
0
0
0
0
0
0
0
0
0
0
0
0
0
0
0
0
0
0
0
0
0
0
0
0
0
0
0
0
0
0
0
0
7.02849685882464e-07
3.32142527328081e-06
1.2745683897512e-05
3.000743058201676e-05
2.056086199607048e-05
2.980469625769282e-06
4.118950131605093e-07
7.676635326660657e-08
1.733643150086543e-08
0
0
0
0
0
0
0
0
0
0
0
0
0
0
0
0
0
0
0
0
0
0
0
0
0
0
0
0
0
0
1.0522179045066e-06
8.808941066893165e-06
2.849708834404889e-05
2.03076868346189e-05
6.612007886668177e-06
1.585779149847736e-06
3.342074177545086e-07
0
0
0
0
0
0
0
0
0
0
0
0
0
0
0
0
0
0
0
0
0
0
0
0
0
0
0
0
0
0
0
0
0
0
3.969678539696039e-07
1.854620458820483e-06
7.54537347012217e-06
2.239605393309704e-05
2.981775330806766e-05
9.033943565439234e-06
9.716714396359062e-07
1.934851688792271e-07
3.607870478441406e-08
0
0
0
0
0
0
0
0
0
0
0
0
0
0
0
0
0
0
0
0
0
0
0
0
0
0
0
0
0
0
0
4.587829711484226e-07
2.75107831091355e-06
1.761457264456215e-05
2.877564186528164e-05
1.415652564498113e-05
4.167815369465998e-06
9.999473604403343e-07
0
0
0
0
0
0
0
0
0
0
0
0
0
0
0
0
0
0
0
0
0
0
0
0
0
0
0
0
0
0
0
0
0
0
1.18045325985734e-06
4.842325927720305e-06
1.60214112910461e-05
3.116941826434426e-05
1.81797477922589e-05
2.425577687334213e-06
4.122795365423632e-07
6.886937364631853e-08
1.68726285126355e-08
0
0
0
0
0
0
0
0
0
0
0
0
0
0
0
0
0
0
0
0
0
0
0
0
0
0
0
0
0
0
0
1.77882080951523e-07
8.777143209070132e-07
6.206264402617228e-06
2.496182258060889e-05
2.494152916225036e-05
1.026829894444169e-05
2.958111017731691e-06
7.347711808412081e-07
0
0
0
0
0
0
0
0
0
0
0
0
0
0
0
0
0
0
0
0
0
0
0
0
0
0
0
0
0
0
0
0
8.800169082357384e-07
3.470613741656717e-06
1.179952875631852e-05
2.802954918880023e-05
2.678774784424196e-05
5.954436374361061e-06
7.36499772651062e-07
1.541840651368219e-07
2.645083033265911e-08
0
0
0
0
0
0
0
0
0
0
0
0
0
0
0
0
0
0
0
0
0
0
0
0
0
0
0
0
0
0
0
0
6.038342453785068e-08
3.327538591113583e-07
1.658668710636842e-06
1.080547232860555e-05
2.808443210712773e-05
2.116475874192365e-05
8.193223327779874e-06
2.418828539844694e-06
6.407152565698382e-07
0
0
0
0
0
0
0
0
0
0
0
0
0
0
0
0
0
0
0
0
0
0
0
0
0
0
0
0
0
0
7.832894398984598e-07
2.902039675720893e-06
9.545187106747685e-06
2.407052514949323e-05
3.120990973869758e-05
1.082548277859071e-05
1.413373037494724e-06
2.527783045047413e-07
5.350234459378169e-08
1.332542627214606e-08
0
0
0
0
0
0
0
0
0
0
0
0
0
0
0
0
0
0
0
0
0
0
0
0
0
0
0
0
0
0
0
0
2.074938228905989e-08
1.102348895919695e-07
5.363428419892918e-07
2.678723608399567e-06
1.468010004066237e-05
2.881469375695695e-05
1.90634757747087e-05
7.391178694077042e-06
2.311901057336139e-06
6.681602915765485e-07
0
0
0
0
0
0
0
0
0
0
0
0
0
0
0
0
0
0
0
0
0
0
0
0
0
0
0
0
8.260509415792267e-07
2.823076570654855e-06
8.797935870734945e-06
2.200363387387501e-05
3.194202084053049e-05
1.515605059510312e-05
2.424481493499705e-06
3.919956231568326e-07
8.252674635512897e-08
2.247536161115e-08
0
0
0
0
0
0
0
0
0
0
0
0
0
0
0
0
0
0
0
0
0
0
0
0
0
0
0
0
0
0
0
0
0
0
3.63965808487073e-08
1.722616719295894e-07
6.854100515096422e-07
3.715612454173521e-06
1.7240039459789e-05
2.876586633867137e-05
1.846408140573043e-05
7.591231480276343e-06
2.594772483364716e-06
8.309787906824085e-07
0
0
0
0
0
0
0
0
0
0
0
0
0
0
0
0
0
0
0
0
0
0
0
0
0
0
1.027919949318687e-06
3.181544865666528e-06
9.15810116606349e-06
2.19632334636779e-05
3.23244106387096e-05
1.770575580966476e-05
3.306889858268047e-06
5.653969240879622e-07
1.376204872874578e-07
3.261789357108781e-08
0
0
0
0
0
0
0
0
0
0
0
0
0
0
0
0
0
0
0
0
0
0
0
0
0
0
0
0
0
0
0
0
0
0
0
0
4.980238806416459e-08
2.063487436992469e-07
8.516194602438023e-07
4.315201004944823e-06
1.7933225295439e-05
2.834722901071282e-05
1.954713693024906e-05
8.872147545093152e-06
3.390785499596472e-06
1.219929822424864e-06
4.369023583436807e-07
0
0
0
0
0
0
0
0
0
0
0
0
0
0
0
0
0
0
0
0
0
0
5.440468877807296e-07
1.512884681504601e-06
4.157045000320687e-06
1.079906315396329e-05
2.330878791852002e-05
3.292886190792456e-05
1.85406783406287e-05
3.650482169097231e-06
6.552840323298711e-07
1.872261505382016e-07
4.372795745972864e-08
0
0
0
0
0
0
0
0
0
0
0
0
0
0
0
0
0
0
0
0
0
0
0
0
0
0
0
0
0
0
0
0
0
0
0
0
0
1.705648902599546e-08
5.659698962828438e-08
2.414774619050506e-07
9.133643015880563e-07
4.134123190102304e-06
1.591471869778809e-05
2.796530355052131e-05
2.229909182928776e-05
1.163652239032189e-05
5.078694508710318e-06
2.085620412161209e-06
8.532058867009208e-07
3.581289495363908e-07
0
0
0
0
0
0
0
0
0
0
0
0
0
0
0
0
0
0
4.339892955969635e-07
1.040472493656226e-06
2.555408647434268e-06
6.216148799814742e-06
1.411819121068956e-05
2.657897207541916e-05
3.248829216124618e-05
1.752088089988256e-05
3.673450429603166e-06
6.689629203974627e-07
2.000495353878506e-07
4.869637350810908e-08
1.588461797629555e-08
0
0
0
0
0
0
0
0
0
0
0
0
0
0
0
0
0
0
0
0
0
0
0
0
0
0
0
0
0
0
0
0
0
0
0
0
0
0
1.815797409264808e-08
5.735662388448408e-08
2.415966229957738e-07
8.114387112212876e-07
3.231643473959034e-06
1.246521517094343e-05
2.613067642987169e-05
2.618481137135975e-05
1.658216925691373e-05
8.516278989651457e-06
4.058665745343084e-06
1.895933542020307e-06
9.119727218212063e-07
4.581267535728619e-07
0
0
0
0
0
0
0
0
0
0
0
0
0
0
5.390220347121302e-07
1.081242600598433e-06
2.266368243040446e-06
4.850143030766025e-06
1.017319396331349e-05
1.982898157123405e-05
3.088476510738509e-05
3.031583310450591e-05
1.377735658605429e-05
2.778963593397082e-06
6.62673437957681e-07
1.918169013391654e-07
4.942301206525134e-08
1.58648927980642e-08
0
0
0
0
0
0
0
0
0
0
0
0
0
0
0
0
0
0
0
0
0
0
0
0
0
0
0
0
0
0
0
0
0
0
0
0
0
0
0
0
1.790752663072727e-08
5.245279169876897e-08
1.996583323570461e-07
6.169169068036975e-07
2.12491077916779e-06
8.176009779931931e-06
2.112043403286359e-05
2.866878217087009e-05
2.372534492094993e-05
1.497854202825877e-05
8.464395053005929e-06
4.609841399204351e-06
2.564997934867678e-06
1.485961376245175e-06
9.122469570551717e-07
5.995332136999945e-07
4.253880268706507e-07
0
0
0
0
0
0
4.568952835801548e-07
6.567233570004085e-07
1.019677268615054e-06
1.693459105376956e-06
2.967385284075039e-06
5.389582643137638e-06
9.868125937093623e-06
1.745075821585096e-05
2.746704002724289e-05
3.287047986917648e-05
2.364204857909992e-05
8.314003069138202e-06
1.754477538982074e-06
5.250885330049631e-07
1.589608581383061e-07
4.096011990747728e-08
1.455888003763718e-08
0
0
0
0
0
0
0
0
0
0
0
0
0
0
0
0
0
0
0
0
0
0
0
0
0
0
0
0
0
0
0
0
0
0
0
0
0
0
0
0
0
0
1.693802961645014e-08
4.521130688744866e-08
1.447914049466214e-07
4.289771011662902e-07
1.200637040898691e-06
4.114842253963025e-06
1.265262526358222e-05
2.455474921075115e-05
2.91151735828443e-05
2.460681185627224e-05
1.73485368500998e-05
1.140342647685336e-05
7.437303198581434e-06
4.97455333557837e-06
3.483928749756886e-06
2.594136036091993e-06
2.07048961222355e-06
1.779362562363168e-06
1.652560733848993e-06
1.663501108685521e-06
1.818920687957694e-06
2.153986704628436e-06
2.751256204713637e-06
3.764380386741806e-06
5.465179306116502e-06
8.291459633710899e-06
1.285695579323618e-05
1.966766131159585e-05
2.791965526297365e-05
3.291191986447905e-05
2.730837721095751e-05
1.360258521191336e-05
3.915822346378728e-06
1.004794217476331e-06
3.558272205033846e-07
1.162161875844964e-07
3.485512256343234e-08
1.321000023901586e-08
0
0
0
0
0
0
0
0
0
0
0
0
0
0
0
0
0
0
0
0
0
0
0
0
0
0
0
0
0
0
0
0
0
0
0
0
0
0
0
0
0
0
0
0
0
3.488945449836336e-08
9.194141367508155e-08
2.592063822244714e-07
6.429325811419492e-07
1.632338617060023e-06
5.06835383154271e-06
1.304115956880224e-05
2.336630363582138e-05
2.937726545859441e-05
2.87619313105406e-05
2.430721799072969e-05
1.926547532380217e-05
1.51675502967062e-05
1.225098812586072e-05
1.033250509306812e-05
9.192224821721428e-06
8.673997758560578e-06
8.714453014954923e-06
9.344206955713418e-06
1.065065831425712e-05
1.283116488116497e-05
1.613112758435717e-05
2.077499053064066e-05
2.646503967702845e-05
3.155231291078734e-05
3.235739205241954e-05
2.56157264873809e-05
1.409753262143219e-05
5.118961688101854e-06
1.487568670177546e-06
5.461444060019824e-07
2.164080503443734e-07
7.248873146850059e-08
2.659441569443416e-08
0
0
0
0
0
0
0
0
0
0
0
0
0
0
0
0
0
0
0
0
0
0
0
0
0
0
0
0
0
0
0
0
0
0
0
0
0
0
0
0
0
0
0
0
0
0
0
0
2.44205252931171e-08
5.528482951128909e-08
1.399485411971745e-07
3.293073830174034e-07
6.681240052231588e-07
1.438925026211448e-06
3.779670243435309e-06
9.106838523360831e-06
1.697819601765533e-05
2.453272905196529e-05
2.936087453338195e-05
3.088046517175367e-05
3.049326207445907e-05
2.92907260302603e-05
2.822241120563157e-05
2.758127579853614e-05
2.772815921337687e-05
2.852814062156273e-05
2.994568647213695e-05
3.151975223207614e-05
3.232561948109163e-05
3.10507744091981e-05
2.628396180724381e-05
1.829646685875934e-05
9.791776519058174e-06
3.964884624493397e-06
1.451711010137258e-06
6.350705888843296e-07
3.001272708909326e-07
1.109964945434315e-07
4.062959895956247e-08
1.763747392601872e-08
0
0
0
0
0
0
0
0
0
0
0
0
0
0
0
0
0
0
0
0
0
0
0
0
0
0
0
0
0
0
0
0
0
0
0
0
0
0
0
0
0
0
0
0
0
0
0
0
0
0
0
3.180190038571228e-08
6.598597878017274e-08
1.446522228527011e-07
2.866036195661223e-07
4.833420298666018e-07
8.142337759218699e-07
1.64523061178997e-06
3.57593243280109e-06
6.835830719120889e-06
1.095679967379988e-05
1.506888257904097e-05
1.838838203604981e-05
2.07083463907297e-05
2.196046939654136e-05
2.204585496450168e-05
2.105317317254841e-05
1.882983737267395e-05
1.546883653944249e-05
1.134036329775962e-05
7.125305784786499e-06
3.740603848655711e-06
1.722537572644893e-06
8.335551015005079e-07
4.790063669252562e-07
2.655626026349938e-07
1.195452646613686e-07
4.824564138531755e-08
2.261380672059004e-08
0
0
0
0
0
0
0
0
0
0
0
0
0
0
0
0
0
0
0
0
0
0
0
0
0
0
0
0
0
0
0
0
0
0
0
0
0
0
0
0
0
0
0
0
0
0
0
0
0
0
0
0
0
0
0
2.969253560473244e-08
5.175140903831246e-08
9.953698370145485e-08
1.804314940038346e-07
2.898759619638493e-07
4.144660917839666e-07
5.672486536413882e-07
7.874151318249272e-07
1.126864966920505e-06
1.556057726741554e-06
1.968282164459479e-06
2.263843129500513e-06
2.288941137011054e-06
2.074635787895739e-06
1.653255143342884e-06
1.204699397219033e-06
8.24188124048363e-07
5.685457734961684e-07
4.005632602446605e-07
2.693094378978805e-07
1.584369303908909e-07
8.058348574618792e-08
3.898669257979449e-08
2.151081309700357e-08
0
0
0
0
0
0
0
0
0
0
0
0
0
0
0
0
0
0
0
0
0
0
0
0
0
0
0
0
0
0
0
0
0
0
0
0
0
0
0
0
0
0
0
0
0
0
0
0
0
0
0
0
0
0
0
0
0
0
0
2.10879065024936e-08
3.093720771897841e-08
4.906934016101892e-08
7.742575666907468e-08
1.187778767967011e-07
1.70536113935136e-07
2.227549149439558e-07
2.709879782128195e-07
3.125968842160975e-07
3.397491349054522e-07
3.491889068539206e-07
3.319598713353447e-07
2.920860417485088e-07
2.385646735187716e-07
1.760622314933288e-07
1.18014618715307e-07
7.231460638216737e-08
4.292652452622962e-08
2.500234869922995e-08
1.637016272824715e-08
0
0
0
0
0
0
0
0
0
0
0
0
0
0
0
0
0
0
0
0
0
0
0
0
0
0
0
0
0
0
0
0
0
0
0
0
0
0
0
0
0
0
0
0
0
0
0
0
0
0
0
0
0
0
0
0
0
0
0
0
0
0
0
0
1.504761734936221e-08
1.80707745544981e-08
2.51100091458393e-08
3.317211953408376e-08
4.222312767609784e-08
4.972555730376646e-08
5.488487822301388e-08
5.478893197557642e-08
5.025394216588925e-08
4.178018753691433e-08
3.18719358273002e-08
2.327607851983265e-08
1.645491496964546e-08
1.328653265045871e-08
0
0
0
0
0
0
0
0
0
0
0
0
0
0
0
0
0
0
0
0
0
0
0
0
0
0
0
0
0
0
0
0
0
0
0
0
0
0
0
0
0
0
0
0
0
0
0
0
0
0
0
0
0
0
0
0
0
0
0
0
0
0
0
0
0
0
0
0
0
0
0
0
0
0
0
0
0
0
0
0
0
0
0
0
0
0
0
0
0
0
0
0
0
0
0
0
0
0
0
0
0
0
0
0
0
0
0
0
0
0
0
0
0
0
0
0
0
0
0
0
0
0
0
0
0
0
0
0
0
0
0
0
0
0
0
0
0
0
0
0
0
0
0
0
0
0
0
0
0
0
0
0
0
0
0
0
0
0
0
0
0
0
0
0
0
0
0
0
0
0
0
0
0
0
0
0
0
0
0
0
0
0
0
0
0
0
0
0
0
0
0
0
0
0
0
0
0
0
0
0
0
0
0
0
0
0
0
0
0
0
0
0
0
0
0
0
0
0
0
0
0
0
0
0
0
0
0
0
0
0
0
0
0
0
0
0
0
0
0
0
0
0
0
0
0
0
0
0
0
0
0
0
0
0
0
0
0
0
0
0
0
0
0
0
0
0
0
0
0
0
0
0
0
0
0
0
0
0
0
0
0
0
0
0
0
0
0
0
0
0
0
0
0
0
0
0
0
0
0
0
0
0
0
0
0
0
0
0
0
0
0
0
0
0
0
0
0
0
0
0
0
0
0
0
0
0
0
0
0
0
0
0
0
0
0
0
0
0
0
0
0
0
0
0
0
0
0
0
0
0
0
0
0
0
0
0
0
0
0
0
0
0
0
0
0
0
0
0
0
0
0
0
0
0
0
0
0
0
0
0
0
0
0
0
0
0
0
0
0
0
0
0
0
0
0
0
0
0
0
0
0
0
0
0
0
0
0
0
0
0
0
0
0
0
0
0
0
0
0
0
0
0
0
0
0
0
0
0
0
0
0
0
0
0
0
0
0
0
0
0
0
0
0
0
0
0
0
0
0
0
0
0
0
0
0
0
0
0
0
0
0
0
0
0
0
0
0
0
0
0
0
0
0
0
0
0
0
0
0
0
0
0
0
0
0
0
0
0
0
0
0
0
0
0
0
0
0
0
0
0
0
0
0
0
0
0
0
0
0
0
0
0
0
0
0
0
0
0
0
0
0
0
0
0
0
0
0
0
0
0
0
0
0
0
0
0
0
0
0
0
0
0
0
0
0
0
0
0
0
0
0
0
0
0
0
0
0
0
0
0
0
0
0
0
0
0
0
0
0
0
0
0
0
0
0
0
0
0
0
0
0
0
0
0
0
0
0
0
0
0
0
0
0
0
0
0
0
0
0
0
0
0
0
0
0
0
0
0
0
0
0
0
0
0
0
0
0
0
0
0
0
0
0
0
0
0
0
0
0
0
0
0
0
0
0
0
0
0
0
0
0
0
0
0
0
0
0
0
0
0
0
0
0
0
0
0
0
0
0
0
0
0
0
0
0
0
0
0
0
0
0
0
0
0
0
0
0
0
0
0
0
0
0
0
0
0
0
0
0
0
0
0
0
0
0
0
0
0
0
0
0
0
0
0
0
0
0
0
0
0
0
0
0
0
0
0
0
0
0
0
0
0
0
0
0
0
0
0
0
0
0
0
0
0
0
0
0
0
0
0
0
0
0
0
0
0
0
0
0
0
0
0
0
0
0
0
0
0
0
0
0
0
0
0
0
0
0
0
0
0
0
0
0
0
0
0
0
0
0
0
0
0
0
0
0
0
0
0
0
0
0
0
0
0
0
0
0
0
0
0
0
0
0
0
0
0
0
0
0
0
0
0
0
0
0
0
0
0
0
0
0
0
0
0
0
0
0
0
0
0
0
0
0
0
0
0
0
0
0
0
0
0
0
0
0
0
0
0
0
0
0
0
0
0
0
0
0
0
0
0
0
0
0
0
0
0
0
0
0
0
0
0
0
0
0
0
0
0
0
0
0
0
0
0
0
0
0
0
0
0
0
0
0
0
0
0
0
0
0
0
0
0
0
0
0
0
0
0
0
0
0
0
0
0
0
0
0
0
0
0
0
0
0
0
0
0
0
0
0
0
0
0
0
0
0
0
0
0
0
0
0
0
0
0
0
0
0
0
0
0
0
0
0
0
0
0
0
0
0
0
0
0
0
0
0
0
0
0
0
0
0
0
0
0
0
0
0
0
0
0
0
0
0
0
0
0
0
0
0
0
0
0
0
0
0
0
0
0
0
0
0
0
0
0
0
0
0
0
0
0
0
0
0
0
0
0
0
0
0
0
0
0
