FiniteElementSpace
FiniteElementCollection: H1_3D_P1
VDim: 1
Ordering: 0

9.835566042504179e-06
2.668705434647678e-05
1.600846464372391e-05
3.477050801242487e-06
5.850074880953499e-07
9.52854476970268e-08
0
0
0
0
0
0
0
0
0
0
0
0
0
0
0
0
0
0
0
0
0
0
0
0
0
0
0
0
0
0
0
0
0
0
0
0
0
0
9.52854476970268e-08
5.850074880953499e-07
3.477050801242487e-06
1.600846464372391e-05
2.668705434647678e-05
9.835566042504179e-06
1.787299432555559e-06
2.777886374511792e-07
0
0
0
0
0
0
0
0
0
0
0
0
0
0
0
0
0
0
0
0
0
0
0
0
0
0
0
0
0
5.303262546374479e-06
2.076908809759995e-05
2.384567850168309e-05
7.202509234895978e-06
1.337139352088957e-06
2.281933173213206e-07
0
0
0
0
0
0
0
0
0
0
0
0
0
0
0
0
0
0
0
0
0
0
0
0
0
0
0
0
0
0
0
0
0
0
0
0
0
0
2.281933173213206e-07
1.337139352088957e-06
7.202509234895978e-06
2.384567850168309e-05
2.076908809759995e-05
5.303262546374479e-06
9.04218925377465e-07
1.418154162228775e-07
0
0
0
0
0
0
0
0
0
0
0
0
0
0
0
0
0
0
0
0
0
0
0
0
0
0
0
0
0
2.552165016628703e-06
1.246555166186902e-05
2.7360042691709e-05
1.433370075794604e-05
3.208168473507667e-06
5.850074880953499e-07
1.045568501667302e-07
0
0
0
0
0
0
0
0
0
0
0
0
0
0
0
0
0
0
0
0
0
0
0
0
0
0
0
0
0
0
0
0
0
0
0
0
1.045568501667302e-07
5.850074880953499e-07
3.208168473507667e-06
1.433370075794604e-05
2.7360042691709e-05
1.246555166186902e-05
2.552165016628703e-06
4.260520789579641e-07
6.79822042486366e-08
0
0
0
0
0
0
0
0
0
0
0
0
0
0
0
0
0
0
0
0
0
0
0
0
0
0
0
0
0
1.121571703239829e-06
6.06849295957384e-06
2.15607670791582e-05
2.384567850168309e-05
7.7392996841948e-06
1.58541871348264e-06
2.994133309208498e-07
5.695746615259019e-08
0
0
0
0
0
0
0
0
0
0
0
0
0
0
0
0
0
0
0
0
0
0
0
0
0
0
0
0
0
0
0
0
0
0
5.695746615259019e-08
2.994133309208498e-07
1.58541871348264e-06
7.7392996841948e-06
2.384567850168309e-05
2.15607670791582e-05
6.06849295957384e-06
1.121571703239829e-06
1.88073425832235e-07
0
0
0
0
0
0
0
0
0
0
0
0
0
0
0
0
0
0
0
0
0
0
0
0
0
0
0
0
0
0
4.576213871727675e-07
2.552165016628703e-06
1.176853930973271e-05
2.699352674372557e-05
1.686597248510156e-05
4.409694091946669e-06
9.069436727646568e-07
1.816879943043058e-07
0
0
0
0
0
0
0
0
0
0
0
0
0
0
0
0
0
0
0
0
0
0
0
0
0
0
0
0
0
0
0
0
0
0
1.816879943043058e-07
9.069436727646568e-07
4.409694091946669e-06
1.686597248510156e-05
2.699352674372557e-05
1.176853930973271e-05
2.552165016628703e-06
4.576213871727675e-07
7.815077264311686e-08
0
0
0
0
0
0
0
0
0
0
0
0
0
0
0
0
0
0
0
0
0
0
0
0
0
0
0
0
0
0
1.752381853338753e-07
9.715352653779459e-07
4.954142008645258e-06
1.832115240434843e-05
2.658694528423185e-05
1.160532119809412e-05
2.840251435327294e-06
6.114163650325037e-07
1.317513933337413e-07
0
0
0
0
0
0
0
0
0
0
0
0
0
0
0
0
0
0
0
0
0
0
0
0
0
0
0
0
0
0
0
0
1.317513933337413e-07
6.114163650325037e-07
2.840251435327294e-06
1.160532119809412e-05
2.658694528423185e-05
1.832115240434843e-05
4.954142008645258e-06
9.715352653779459e-07
1.752381853338753e-07
0
0
0
0
0
0
0
0
0
0
0
0
0
0
0
0
0
0
0
0
0
0
0
0
0
0
0
0
0
0
0
9.835566042504179e-06
2.668705434647678e-05
1.600846464372391e-05
3.477050801242487e-06
5.850074880953499e-07
9.52854476970268e-08
0
0
0
0
0
0
0
0
0
0
0
0
0
0
0
0
0
0
0
0
0
0
0
0
0
0
0
0
0
0
0
0
0
0
0
0
0
0
9.52854476970268e-08
5.850074880953499e-07
3.477050801242487e-06
1.600846464372391e-05
2.668705434647678e-05
9.835566042504179e-06
1.787299432555559e-06
2.777886374511792e-07
0
0
0
0
0
0
0
0
0
0
0
0
0
0
0
0
0
0
0
0
0
0
0
0
0
0
0
0
0
5.303262546374479e-06
2.076908809759995e-05
2.384567850168309e-05
7.202509234895978e-06
1.337139352088957e-06
2.281933173213206e-07
0
0
0
0
0
0
0
0
0
0
0
0
0
0
0
0
0
0
0
0
0
0
0
0
0
0
0
0
0
0
0
0
0
0
0
0
0
0
2.281933173213206e-07
1.337139352088957e-06
7.202509234895978e-06
2.384567850168309e-05
2.076908809759995e-05
5.303262546374479e-06
9.04218925377465e-07
1.418154162228775e-07
0
0
0
0
0
0
0
0
0
0
0
0
0
0
0
0
0
0
0
0
0
0
0
0
0
0
0
0
0
2.552165016628703e-06
1.246555166186902e-05
2.7360042691709e-05
1.433370075794604e-05
3.208168473507667e-06
5.850074880953499e-07
1.045568501667302e-07
0
0
0
0
0
0
0
0
0
0
0
0
0
0
0
0
0
0
0
0
0
0
0
0
0
0
0
0
0
0
0
0
0
0
0
0
1.045568501667302e-07
5.850074880953499e-07
3.208168473507667e-06
1.433370075794604e-05
2.7360042691709e-05
1.246555166186902e-05
2.552165016628703e-06
4.260520789579641e-07
6.79822042486366e-08
0
0
0
0
0
0
0
0
0
0
0
0
0
0
0
0
0
0
0
0
0
0
0
0
0
0
0
0
0
1.121571703239829e-06
6.06849295957384e-06
2.15607670791582e-05
2.384567850168309e-05
7.7392996841948e-06
1.58541871348264e-06
2.994133309208498e-07
5.695746615259019e-08
0
0
0
0
0
0
0
0
0
0
0
0
0
0
0
0
0
0
0
0
0
0
0
0
0
0
0
0
0
0
0
0
0
0
5.695746615259019e-08
2.994133309208498e-07
1.58541871348264e-06
7.7392996841948e-06
2.384567850168309e-05
2.15607670791582e-05
6.06849295957384e-06
1.121571703239829e-06
1.88073425832235e-07
0
0
0
0
0
0
0
0
0
0
0
0
0
0
0
0
0
0
0
0
0
0
0
0
0
0
0
0
0
0
4.576213871727675e-07
2.552165016628703e-06
1.176853930973271e-05
2.699352674372557e-05
1.686597248510156e-05
4.409694091946669e-06
9.069436727646568e-07
1.816879943043058e-07
0
0
0
0
0
0
0
0
0
0
0
0
0
0
0
0
0
0
0
0
0
0
0
0
0
0
0
0
0
0
0
0
0
0
1.816879943043058e-07
9.069436727646568e-07
4.409694091946669e-06
1.686597248510156e-05
2.699352674372557e-05
1.176853930973271e-05
2.552165016628703e-06
4.576213871727675e-07
7.815077264311686e-08
0
0
0
0
0
0
0
0
0
0
0
0
0
0
0
0
0
0
0
0
0
0
0
0
0
0
0
0
0
0
1.752381853338753e-07
9.715352653779459e-07
4.954142008645258e-06
1.832115240434843e-05
2.658694528423185e-05
1.160532119809412e-05
2.840251435327294e-06
6.114163650325037e-07
1.317513933337413e-07
0
0
0
0
0
0
0
0
0
0
0
0
0
0
0
0
0
0
0
0
0
0
0
0
0
0
0
0
0
0
0
0
1.317513933337413e-07
6.114163650325037e-07
2.840251435327294e-06
1.160532119809412e-05
2.658694528423185e-05
1.832115240434843e-05
4.954142008645258e-06
9.715352653779459e-07
1.752381853338753e-07
0
0
0
0
0
0
0
0
0
0
0
0
0
0
0
0
0
0
0
0
0
0
0
0
0
0
0
0
0
0
0
