FiniteElementSpace
FiniteElementCollection: H1_3D_P1
VDim: 1
Ordering: 0

0
0
0
1.561846041315485e-08
5.267518891601344e-08
2.040105362797758e-07
7.206848821936045e-07
2.904997403372701e-06
1.116188585886593e-05
2.265985958014919e-05
2.212580123047318e-05
1.362225243015931e-05
6.827289497104081e-06
3.191812041305446e-06
1.481538296997233e-06
7.060707111507318e-07
3.539321778049255e-07
0
0
0
0
0
0
0
0
0
0
0
0
0
0
4.667409851216006e-07
9.398393923718396e-07
1.977047954150427e-06
4.246236886950734e-06
8.989289244315355e-06
1.753822276412297e-05
2.771656490709286e-05
2.741319631882714e-05
1.292202767409634e-05
3.053459387249717e-06
7.393858100049983e-07
2.110832276143292e-07
5.473133769475302e-08
1.625555082353956e-08
0
0
0
0
0
0
0
0
0
0
0
0
0
0
0
0
0
0
0
0
0
0
0
0
0
0
0
0
0
0
0
0
0
0
0
0
0
0
1.498342431184979e-08
5.080206046866794e-08
2.116067061498467e-07
8.177492775306902e-07
3.715130174092901e-06
1.425186094347036e-05
2.427646443427915e-05
1.893532287567978e-05
9.660084162369432e-06
4.118751006102425e-06
1.654033081614382e-06
6.661572398133753e-07
2.781637160161554e-07
0
0
0
0
0
0
0
0
0
0
0
0
0
0
0
0
0
0
3.699084745217123e-07
8.920772957103492e-07
2.200153411115585e-06
5.395123928410442e-06
1.23489786902214e-05
2.363810456830703e-05
2.928754963153872e-05
1.63337749952457e-05
3.891394326909633e-06
8.268604002068963e-07
2.171427604420846e-07
5.220338186924913e-08
1.60732560829367e-08
0
0
0
0
0
0
0
0
0
0
0
0
0
0
0
0
0
0
0
0
0
0
0
0
0
0
0
0
0
0
0
0
0
0
0
0
0
4.457751237357956e-08
1.909153536439575e-07
7.966865702901745e-07
3.781155811281875e-06
1.554070391264148e-05
2.449706744057136e-05
1.664686686498789e-05
7.407917533807752e-06
2.783493618427337e-06
9.815104673799159e-07
3.457767246183582e-07
0
0
0
0
0
0
0
0
0
0
0
0
0
0
0
0
0
0
0
0
0
0
4.576442451388444e-07
1.281287928557364e-06
3.56487741327396e-06
9.297640852876663e-06
2.035924576384626e-05
2.911305338826517e-05
1.754406550110536e-05
4.031500216086822e-06
7.933492208218748e-07
1.96023688712893e-07
4.632597755983496e-08
0
0
0
0
0
0
0
0
0
0
0
0
0
0
0
0
0
0
0
0
0
0
0
0
0
0
0
0
0
0
0
0
0
0
0
0
3.417002961846649e-08
1.57803466709328e-07
6.939880222713919e-07
3.391043341426781e-06
1.535117162114926e-05
2.46161933519785e-05
1.567135702270179e-05
6.324206182337461e-06
2.137722032792851e-06
6.763862940047197e-07
0
0
0
0
0
0
0
0
0
0
0
0
0
0
0
0
0
0
0
0
0
0
0
0
0
0
8.595609395963903e-07
2.680339617117161e-06
7.78292328035896e-06
1.876446864743505e-05
2.861602671703066e-05
1.690844492324696e-05
3.512562767937944e-06
6.734541137440929e-07
1.611863048343772e-07
3.703410823402399e-08
0
0
0
0
0
0
0
0
0
0
0
0
0
0
0
0
0
0
0
0
0
0
0
0
0
0
0
0
0
0
0
0
0
0
2.034130937647575e-08
1.009275886927918e-07
4.937651919307193e-07
2.493820776412477e-06
1.326781845979268e-05
2.490280809101141e-05
1.609181407251211e-05
6.153006229223362e-06
1.904713107098277e-06
5.453783775849659e-07
0
0
0
0
0
0
0
0
0
0
0
0
0
0
0
0
0
0
0
0
0
0
0
0
0
0
0
0
6.826410590468364e-07
2.355679266783794e-06
7.470342512560005e-06
1.911694679943795e-05
2.875351619292231e-05
1.452329595879999e-05
2.5574460080174e-06
4.95412650851555e-07
1.084038413630386e-07
2.424035162076662e-08
0
0
0
0
0
0
0
0
0
0
0
0
0
0
0
0
0
0
0
0
0
0
0
0
0
0
0
0
0
0
0
0
0
5.627029295047775e-08
2.992345914370274e-07
1.483883471142768e-06
9.547242491489359e-06
2.447809186646489e-05
1.806018657894739e-05
6.864313465816506e-06
1.996759389438657e-06
5.251066726863086e-07
0
0
0
0
0
0
0
0
0
0
0
0
0
0
0
0
0
0
0
0
0
0
0
0
0
0
0
0
0
0
6.48676956104107e-07
2.438474036627116e-06
8.242898498714719e-06
2.128136752413933e-05
2.809317231111484e-05
1.049153678044103e-05
1.580640434126519e-06
3.28056099697253e-07
6.306724150099976e-08
1.538309821795547e-08
0
0
0
0
0
0
0
0
0
0
0
0
0
0
0
0
0
0
0
0
0
0
0
0
0
0
0
0
0
0
0
0
1.686506503425324e-07
8.10938024354791e-07
5.492501199817388e-06
2.170163910012317e-05
2.130530030446979e-05
8.63670183277635e-06
2.455167722999252e-06
6.053919391623137e-07
0
0
0
0
0
0
0
0
0
0
0
0
0
0
0
0
0
0
0
0
0
0
0
0
0
0
0
0
0
0
0
0
7.362497815041697e-07
2.959659295462133e-06
1.027145302199033e-05
2.486444472506312e-05
2.462653379914909e-05
6.065922578570609e-06
8.883374713290299e-07
1.83212483791693e-07
3.453192345650761e-08
0
0
0
0
0
0
0
0
0
0
0
0
0
0
0
0
0
0
0
0
0
0
0
0
0
0
0
0
0
0
0
0
4.324242207553691e-07
2.582001398948097e-06
1.583442406928835e-05
2.49905284678773e-05
1.204407479469721e-05
3.490103764125821e-06
8.283323013620982e-07
0
0
0
0
0
0
0
0
0
0
0
0
0
0
0
0
0
0
0
0
0
0
0
0
0
0
0
0
0
0
0
0
0
0
9.949071204386559e-07
4.162120538902402e-06
1.410105142553641e-05
2.854671725269718e-05
1.753135852390381e-05
2.777415044668023e-06
4.601367001920631e-07
8.645299557059285e-08
1.896157368278782e-08
0
0
0
0
0
0
0
0
0
0
0
0
0
0
0
0
0
0
0
0
0
0
0
0
0
0
0
0
0
0
0
9.978453922116099e-07
8.072018273233278e-06
2.514898622729057e-05
1.761403876832977e-05
5.636239755711765e-06
1.333945977764538e-06
2.798569727920024e-07
0
0
0
0
0
0
0
0
0
0
0
0
0
0
0
0
0
0
0
0
0
0
0
0
0
0
0
0
0
0
0
0
0
0
3.324690336654031e-07
1.583595120528914e-06
6.618107977559718e-06
2.031296336302693e-05
2.838546034071018e-05
8.858486230686015e-06
1.089467794750187e-06
2.150802762833912e-07
3.747275779487487e-08
0
0
0
0
0
0
0
0
0
0
0
0
0
0
0
0
0
0
0
0
0
0
0
0
0
0
0
0
0
0
0
3.065855439917451e-06
1.780493458900644e-05
2.416056292431492e-05
9.813225398498362e-06
2.456852273401871e-06
5.078118208150433e-07
0
0
0
0
0
0
0
0
0
0
0
0
0
0
0
0
0
0
0
0
0
0
0
0
0
0
0
0
0
0
0
0
0
0
0
0
6.007897521479416e-07
2.89767208170043e-06
1.14178309372201e-05
2.770321744696813e-05
2.00106375169871e-05
2.995158345210819e-06
4.6037602639388e-07
8.335358321722158e-08
1.708449381691045e-08
0
0
0
0
0
0
0
0
0
0
0
0
0
0
0
0
0
0
0
0
0
0
0
0
0
0
0
0
0
0
9.441138944941554e-06
2.552731769169527e-05
1.712752166993433e-05
4.994750531698539e-06
1.062991576910725e-06
0
0
0
0
0
0
0
0
0
0
0
0
0
0
0
0
0
0
0
0
0
0
0
0
0
0
0
0
0
0
0
0
0
0
0
0
0
0
1.256925127677606e-06
5.859680481033292e-06
1.985086955915586e-05
2.892341930852463e-05
8.252313299834748e-06
9.060184996927839e-07
1.809866750041191e-07
2.939533961693254e-08
0
0
0
0
0
0
0
0
0
0
0
0
0
0
0
0
0
0
0
0
0
0
0
0
0
0
0
0
0
0
2.13679492466088e-05
2.60478501355624e-05
1.064371101012414e-05
2.505025164156024e-06
4.740670141098082e-07
0
0
0
0
0
0
0
0
0
0
0
0
0
0
0
0
0
0
0
0
0
0
0
0
0
0
0
0
0
0
0
0
0
0
0
0
0
0
5.607204210902702e-07
2.947745022630614e-06
1.234688142609581e-05
2.931945407739391e-05
1.71059950319432e-05
2.025327438023468e-06
3.415396269596361e-07
5.589787452865723e-08
0
0
0
0
0
0
0
0
0
0
0
0
0
0
0
0
0
0
0
0
0
0
0
0
0
0
0
0
0
0
3.397163448512946e-05
2.142215669349828e-05
6.336208781151715e-06
1.287958222248e-06
0
0
0
0
0
0
0
0
0
0
0
0
0
0
0
0
0
0
0
0
0
0
0
0
0
0
0
0
0
0
0
0
0
0
0
0
0
0
0
0
1.515892283242906e-06
7.341674338400602e-06
2.371666685865946e-05
2.597361595901025e-05
4.729052778734269e-06
5.679746122557695e-07
1.024667355119863e-07
1.878707239976257e-08
0
0
0
0
0
0
0
0
0
0
0
0
0
0
0
0
0
0
0
0
0
0
0
0
0
0
0
0
0
4.07754137920961e-05
1.585604328877952e-05
3.782342416729484e-06
6.915967663528851e-07
0
0
0
0
0
0
0
0
0
0
0
0
0
0
0
0
0
0
0
0
0
0
0
0
0
0
0
0
0
0
0
0
0
0
0
0
0
0
0
0
8.144384022004939e-07
4.389493609411755e-06
1.73578540896178e-05
3.044463845137988e-05
9.571555817679786e-06
9.209684443586827e-07
1.788330008079428e-07
2.683877959530531e-08
0
0
0
0
0
0
0
0
0
0
0
0
0
0
0
0
0
0
0
0
0
0
0
0
0
0
0
0
0
4.071007536911395e-05
1.136930446208269e-05
2.33208021857588e-06
3.935961911157488e-07
0
0
0
0
0
0
0
0
0
0
0
0
0
0
0
0
0
0
0
0
0
0
0
0
0
0
0
0
0
0
0
0
0
0
0
0
0
0
0
0
4.661397193509292e-07
2.716106793995318e-06
1.232030402344286e-05
3.01852946194894e-05
1.587290781195187e-05
1.57854575529634e-06
2.781436219568595e-07
4.209399104312815e-08
0
0
0
0
0
0
0
0
0
0
0
0
0
0
0
0
0
0
0
0
0
0
0
0
0
0
0
0
0
3.678805609205097e-05
8.258078486388227e-06
1.516288496054698e-06
0
0
0
0
0
0
0
0
0
0
0
0
0
0
0
0
0
0
0
0
0
0
0
0
0
0
0
0
0
0
0
0
0
0
0
0
0
0
0
0
0
0
1.772806643156802e-06
8.90186237930732e-06
2.726004717312796e-05
2.190879240271137e-05
2.679972602810396e-06
3.946773930652144e-07
6.204295787056933e-08
0
0
0
0
0
0
0
0
0
0
0
0
0
0
0
0
0
0
0
0
0
0
0
0
0
0
0
0
0
3.204944328193879e-05
6.245395857999917e-06
1.058400838445367e-06
0
0
0
0
0
0
0
0
0
0
0
0
0
0
0
0
0
0
0
0
0
0
0
0
0
0
0
0
0
0
0
0
0
0
0
0
0
0
0
0
0
0
1.235870577077721e-06
6.674183510716874e-06
2.3749663697604e-05
2.655344469011728e-05
4.255469506644645e-06
5.091825962428831e-07
8.374972029880367e-08
1.561819933076387e-08
0
0
0
0
0
0
0
0
0
0
0
0
0
0
0
0
0
0
0
0
0
0
0
0
0
0
0
0
2.792912110123796e-05
4.976277410816563e-06
7.981077030371316e-07
0
0
0
0
0
0
0
0
0
0
0
0
0
0
0
0
0
0
0
0
0
0
0
0
0
0
0
0
0
0
0
0
0
0
0
0
0
0
0
0
0
0
9.288538160260439e-07
5.285942889595646e-06
2.070686098155847e-05
2.935035717481081e-05
6.04753243660329e-06
6.170816456649812e-07
1.100002795549843e-07
1.587389349337103e-08
0
0
0
0
0
0
0
0
0
0
0
0
0
0
0
0
0
0
0
0
0
0
0
0
0
0
0
0
2.487764399632242e-05
4.19806143506673e-06
6.502255434772627e-07
0
0
0
0
0
0
0
0
0
0
0
0
0
0
0
0
0
0
0
0
0
0
0
0
0
0
0
0
0
0
0
0
0
0
0
0
0
0
0
0
0
0
7.562353191721693e-07
4.44534109647555e-06
1.856468392191136e-05
3.078937470100443e-05
7.724874589195664e-06
7.067109880742927e-07
1.331274126998575e-07
1.797509197496621e-08
0
0
0
0
0
0
0
0
0
0
0
0
0
0
0
0
0
0
0
0
0
0
0
0
0
0
0
0
2.303662667368935e-05
3.779534198509488e-06
5.738614943329823e-07
0
0
0
0
0
0
0
0
0
0
0
0
0
0
0
0
0
0
0
0
0
0
0
0
0
0
0
0
0
0
0
0
0
0
0
0
0
0
0
0
0
0
6.687663005866403e-07
4.005877560811816e-06
1.729765009812098e-05
3.149654674910984e-05
8.949891268478723e-06
7.76477755357101e-07
1.495064947098477e-07
1.947511066667369e-08
0
0
0
0
0
0
0
0
0
0
0
0
0
0
0
0
0
0
0
0
0
0
0
0
0
0
0
0
2.255023151752707e-05
3.662437984923481e-06
5.530612896051674e-07
0
0
0
0
0
0
0
0
0
0
0
0
0
0
0
0
0
0
0
0
0
0
0
0
0
0
0
0
0
0
0
0
0
0
0
0
0
0
0
0
0
0
6.446306332690116e-07
3.878434462950816e-06
1.694984682962415e-05
3.176873354197651e-05
9.410786780521199e-06
8.01097266621995e-07
1.537908271137261e-07
2.0175203234067e-08
0
0
0
0
0
0
0
0
0
0
0
0
0
0
0
0
0
0
0
0
0
0
0
0
0
0
0
0
2.341466365482038e-05
3.83743122083224e-06
5.827376266032168e-07
0
0
0
0
0
0
0
0
0
0
0
0
0
0
0
0
0
0
0
0
0
0
0
0
0
0
0
0
0
0
0
0
0
0
0
0
0
0
0
0
0
0
6.78066762839963e-07
4.048773330181799e-06
1.745733125759874e-05
3.179155299741379e-05
9.037102458032032e-06
7.703748499948814e-07
1.497987513096288e-07
1.945904582704413e-08
0
0
0
0
0
0
0
0
0
0
0
0
0
0
0
0
0
0
0
0
0
0
0
0
0
0
0
0
2.568738925533548e-05
4.334481316698493e-06
6.711668087733804e-07
0
0
0
0
0
0
0
0
0
0
0
0
0
0
0
0
0
0
0
0
0
0
0
0
0
0
0
0
0
0
0
0
0
0
0
0
0
0
0
0
0
0
7.776592579030852e-07
4.544720195328694e-06
1.889636780578408e-05
3.134512119839201e-05
7.838101723234223e-06
7.027119316179501e-07
1.33060261176419e-07
1.800239455846962e-08
0
0
0
0
0
0
0
0
0
0
0
0
0
0
0
0
0
0
0
0
0
0
0
0
0
0
0
0
2.932693328085035e-05
5.230150324598853e-06
8.396854532532527e-07
0
0
0
0
0
0
0
0
0
0
0
0
0
0
0
0
0
0
0
0
0
0
0
0
0
0
0
0
0
0
0
0
0
0
0
0
0
0
0
0
0
0
9.688461657315019e-07
5.465587182327403e-06
2.129491192075298e-05
3.003957523681678e-05
6.124532106417564e-06
6.071932806209483e-07
1.102347836816382e-07
1.622350222784339e-08
0
0
0
0
0
0
0
0
0
0
0
0
0
0
0
0
0
0
0
0
0
0
0
0
0
0
0
0
3.423811863292407e-05
6.681754482326734e-06
1.135439348801276e-06
0
0
0
0
0
0
0
0
0
0
0
0
0
0
0
0
0
0
0
0
0
0
0
0
0
0
0
0
0
0
0
0
0
0
0
0
0
0
0
0
0
0
1.306670854266416e-06
6.992424068200999e-06
2.463313755209974e-05
2.726715836244933e-05
4.232831816151665e-06
4.984472780672446e-07
8.485693858002323e-08
1.579751975500242e-08
0
0
0
0
0
0
0
0
0
0
0
0
0
0
0
0
0
0
0
0
0
0
0
0
0
0
0
0
3.976799115055335e-05
8.946228983639996e-06
1.650152864154759e-06
0
0
0
0
0
0
0
0
0
0
0
0
0
0
0
0
0
0
0
0
0
0
0
0
0
0
0
0
0
0
0
0
0
0
0
0
0
0
0
0
0
0
1.895594727939023e-06
9.417644841331113e-06
2.850470641804721e-05
2.249629323554676e-05
2.59227867453947e-06
3.903067460074138e-07
6.303166216661833e-08
0
0
0
0
0
0
0
0
0
0
0
0
0
0
0
0
0
0
0
0
0
0
0
0
0
0
0
0
0
4.415229241963985e-05
1.238245804557462e-05
2.556820582849411e-06
4.338507766674362e-07
0
0
0
0
0
0
0
0
0
0
0
0
0
0
0
0
0
0
0
0
0
0
0
0
0
0
0
0
0
0
0
0
0
0
0
0
0
0
0
0
5.093777870456485e-07
2.93300121523576e-06
1.314781655312774e-05
3.166293289612832e-05
1.610915928703007e-05
1.500043140759995e-06
2.809541073425572e-07
4.166467584237466e-08
0
0
0
0
0
0
0
0
0
0
0
0
0
0
0
0
0
0
0
0
0
0
0
0
0
0
0
0
0
4.42653780130013e-05
1.732016423902987e-05
4.177862333531184e-06
7.701444353335384e-07
0
0
0
0
0
0
0
0
0
0
0
0
0
0
0
0
0
0
0
0
0
0
0
0
0
0
0
0
0
0
0
0
0
0
0
0
0
0
0
0
9.015544426329844e-07
4.782739437807547e-06
1.859839877668687e-05
3.198079405447747e-05
9.6693988700858e-06
8.887453330499558e-07
1.79846539925739e-07
2.62365799993645e-08
0
0
0
0
0
0
0
0
0
0
0
0
0
0
0
0
0
0
0
0
0
0
0
0
0
0
0
0
0
3.693915261614216e-05
2.351541305940434e-05
7.059038222477846e-06
1.452792422878045e-06
0
0
0
0
0
0
0
0
0
0
0
0
0
0
0
0
0
0
0
0
0
0
0
0
0
0
0
0
0
0
0
0
0
0
0
0
0
0
0
0
1.693638975882595e-06
8.052083810697889e-06
2.557129316118519e-05
2.71554239460327e-05
4.699714917241364e-06
5.623416631415527e-07
1.02399294224957e-07
1.853251771308545e-08
0
0
0
0
0
0
0
0
0
0
0
0
0
0
0
0
0
0
0
0
0
0
0
0
0
0
0
0
0
2.336687898891913e-05
2.88060046501112e-05
1.198345329310509e-05
2.863366707429673e-06
5.460709377131989e-07
0
0
0
0
0
0
0
0
0
0
0
0
0
0
0
0
0
0
0
0
0
0
0
0
0
0
0
0
0
0
0
0
0
0
0
0
0
0
6.410601401127351e-07
3.313931128226252e-06
1.359940425036773e-05
3.14341043482398e-05
1.77275802052487e-05
1.9428903145232e-06
3.346379800601095e-07
5.367917552230964e-08
0
0
0
0
0
0
0
0
0
0
0
0
0
0
0
0
0
0
0
0
0
0
0
0
0
0
0
0
0
0
1.030080609228819e-05
2.84525399832413e-05
1.943760729978925e-05
5.751842176240955e-06
1.236263492295919e-06
0
0
0
0
0
0
0
0
0
0
0
0
0
0
0
0
0
0
0
0
0
0
0
0
0
0
0
0
0
0
0
0
0
0
0
0
0
0
1.441883661422205e-06
6.585905102758837e-06
2.178487770996241e-05
3.08196950403813e-05
8.18819204470068e-06
8.02263351178478e-07
1.656422273001456e-07
2.634730272770992e-08
0
0
0
0
0
0
0
0
0
0
0
0
0
0
0
0
0
0
0
0
0
0
0
0
0
0
0
0
0
0
3.25576480104814e-06
1.973411719141968e-05
2.743197128240789e-05
1.132810413202253e-05
2.87477252672416e-06
5.97945813118108e-07
0
0
0
0
0
0
0
0
0
0
0
0
0
0
0
0
0
0
0
0
0
0
0
0
0
0
0
0
0
0
0
0
0
0
0
0
7.050257222892418e-07
3.330491925502808e-06
1.281517988220234e-05
3.02222918812593e-05
2.07351471567037e-05
2.819267070835503e-06
4.272438293804053e-07
7.371046693255223e-08
1.576585888243779e-08
0
0
0
0
0
0
0
0
0
0
0
0
0
0
0
0
0
0
0
0
0
0
0
0
0
0
0
0
0
0
1.038282172307203e-06
8.819019452395186e-06
2.835325574204103e-05
2.030433843745832e-05
6.616053618775e-06
1.586713805804737e-06
3.346521693442458e-07
0
0
0
0
0
0
0
0
0
0
0
0
0
0
0
0
0
0
0
0
0
0
0
0
0
0
0
0
0
0
0
0
0
0
3.987637662056255e-07
1.860084973237977e-06
7.589110431006339e-06
2.262833873642285e-05
3.041927022290772e-05
8.925823746955886e-06
9.565757991480176e-07
1.960184928892873e-07
3.414892841358112e-08
0
0
0
0
0
0
0
0
0
0
0
0
0
0
0
0
0
0
0
0
0
0
0
0
0
0
0
0
0
0
0
4.536179895478347e-07
2.764113609758669e-06
1.762305523921052e-05
2.874013113594167e-05
1.41624038548126e-05
4.180869490292694e-06
1.002130394546688e-06
0
0
0
0
0
0
0
0
0
0
0
0
0
0
0
0
0
0
0
0
0
0
0
0
0
0
0
0
0
0
0
0
0
0
1.185441743306211e-06
4.856126692933756e-06
1.604141073347986e-05
3.132858968950271e-05
1.82130920785195e-05
2.49177575229226e-06
4.185579556402502e-07
7.588622966710895e-08
1.743760791074825e-08
0
0
0
0
0
0
0
0
0
0
0
0
0
0
0
0
0
0
0
0
0
0
0
0
0
0
0
0
0
0
0
1.861272806939988e-07
9.004398772546495e-07
6.186680445828563e-06
2.492913344061757e-05
2.502886854436737e-05
1.033456667511671e-05
2.975631694877936e-06
7.382602522771936e-07
0
0
0
0
0
0
0
0
0
0
0
0
0
0
0
0
0
0
0
0
0
0
0
0
0
0
0
0
0
0
0
0
8.840931153132377e-07
3.488728774982203e-06
1.18296720868947e-05
2.776369407435578e-05
2.669052416687957e-05
5.882117854552967e-06
7.650828388323151e-07
1.597517376928704e-07
3.00753987412071e-08
0
0
0
0
0
0
0
0
0
0
0
0
0
0
0
0
0
0
0
0
0
0
0
0
0
0
0
0
0
0
0
0
6.219273833497241e-08
3.359462665564986e-07
1.664340830703272e-06
1.07782626923773e-05
2.840875667503045e-05
2.139632314848318e-05
8.264271647577519e-06
2.435083006388847e-06
6.443486175181786e-07
0
0
0
0
0
0
0
0
0
0
0
0
0
0
0
0
0
0
0
0
0
0
0
0
0
0
0
0
0
0
7.854938358276272e-07
2.907334774576441e-06
9.58524162398649e-06
2.413028045047575e-05
3.10139799327582e-05
1.063975078191971e-05
1.434488931704218e-06
2.740971170483052e-07
5.570639489091101e-08
1.391869229118415e-08
0
0
0
0
0
0
0
0
0
0
0
0
0
0
0
0
0
0
0
0
0
0
0
0
0
0
0
0
0
0
0
0
2.07745003312268e-08
1.10739021150737e-07
5.271829802511609e-07
2.737564374938104e-06
1.493936904329031e-05
2.912510977515191e-05
1.919151546421776e-05
7.437997319948857e-06
2.328319141800528e-06
6.71479905942232e-07
0
0
0
0
0
0
0
0
0
0
0
0
0
0
0
0
0
0
0
0
0
0
0
0
0
0
0
0
8.286088800136523e-07
2.826129756308024e-06
8.802924092889832e-06
2.203386425800273e-05
3.206439887094753e-05
1.528765651026293e-05
2.475537979253938e-06
4.280008477733263e-07
8.929310717048654e-08
2.155786169635001e-08
0
0
0
0
0
0
0
0
0
0
0
0
0
0
0
0
0
0
0
0
0
0
0
0
0
0
0
0
0
0
0
0
0
0
3.658618206934337e-08
1.700113497644568e-07
7.234264108890879e-07
3.732742363056629e-06
1.734603667936381e-05
2.885655840018423e-05
1.861312822094246e-05
7.637768496876306e-06
2.607810571129095e-06
8.337365352153547e-07
0
0
0
0
0
0
0
0
0
0
0
0
0
0
0
0
0
0
0
0
0
0
0
0
0
0
1.033236590269108e-06
3.191935367280555e-06
9.177346731979346e-06
2.187831778711865e-05
3.241527997058608e-05
1.802227066493334e-05
3.370661427094681e-06
5.693792797438467e-07
1.304229259373759e-07
2.93760491649647e-08
0
0
0
0
0
0
0
0
0
0
0
0
0
0
0
0
0
0
0
0
0
0
0
0
0
0
0
0
0
0
0
0
0
0
0
0
5.02219812079141e-08
2.186696443075027e-07
8.641903079967086e-07
4.249751598155623e-06
1.771591020389515e-05
2.862923759773389e-05
1.970250208037283e-05
8.931929960008468e-06
3.405716553586485e-06
1.223404452965348e-06
4.377702477144752e-07
0
0
0
0
0
0
0
0
0
0
0
0
0
0
0
0
0
0
0
0
0
0
5.446907621425048e-07
1.515820177199605e-06
4.176745166803425e-06
1.081397448354572e-05
2.336842110576217e-05
3.282837565279038e-05
1.873480005339009e-05
3.844086228739244e-06
6.992120334621647e-07
1.754001717097318e-07
3.905584342943874e-08
0
0
0
0
0
0
0
0
0
0
0
0
0
0
0
0
0
0
0
0
0
0
0
0
0
0
0
0
0
0
0
0
0
0
0
0
0
1.743952334315095e-08
5.910354658689424e-08
2.403576082571779e-07
9.022418829060939e-07
4.043366419987823e-06
1.615143535204295e-05
2.820171105854317e-05
2.244161288311603e-05
1.169830853167739e-05
5.100796204968595e-06
2.09151352250168e-06
8.53683070702505e-07
3.584522275788195e-07
0
0
0
0
0
0
0
0
0
0
0
0
0
0
0
0
0
0
4.345944508185007e-07
1.042381058864187e-06
2.562040663200867e-06
6.230464345669418e-06
1.415740619829364e-05
2.672101348931786e-05
3.260556974589034e-05
1.724812588742932e-05
3.670935531898659e-06
7.210558712333537e-07
2.082499604290675e-07
4.582477571169837e-08
1.418251775117013e-08
0
0
0
0
0
0
0
0
0
0
0
0
0
0
0
0
0
0
0
0
0
0
0
0
0
0
0
0
0
0
0
0
0
0
0
0
0
0
1.865370483378579e-08
6.068035537196056e-08
2.348980973383248e-07
8.10295626532602e-07
3.237366257214695e-06
1.257927975485376e-05
2.63373606771411e-05
2.630324949531743e-05
1.662720281983481e-05
8.529108914620582e-06
4.060102224691387e-06
1.902503671265537e-06
9.137371420043231e-07
4.604485140800471e-07
0
0
0
0
0
0
0
0
0
0
0
0
0
0
5.395048172351044e-07
1.083637872032411e-06
2.275189053323968e-06
4.872483774936269e-06
1.022294149231699e-05
1.988766749121896e-05
3.108830108432605e-05
3.046528618902308e-05
1.345902450191991e-05
2.752937114567021e-06
6.297229342058243e-07
1.925083670135811e-07
4.972011602300224e-08
1.473734396283773e-08
0
0
0
0
0
0
0
0
0
0
0
0
0
0
0
0
0
0
0
0
0
0
0
0
0
0
0
0
0
0
0
0
0
0
0
0
0
0
0
0
1.770376233956503e-08
5.494259087223893e-08
1.908443405252768e-07
6.096902228327679e-07
2.098534623745313e-06
8.078886699319502e-06
2.103407443611954e-05
2.859945729078433e-05
2.372939928127427e-05
1.500755305891557e-05
8.468032710514299e-06
4.638632071926824e-06
2.574712609571088e-06
1.492439165651008e-06
9.157659597914822e-07
6.016838066254339e-07
4.273450509474006e-07
0
0
0
0
0
0
4.554748475264748e-07
6.532799068683887e-07
1.014093397565826e-06
1.68673284930993e-06
2.963898037156933e-06
5.403184462270492e-06
9.931407822345305e-06
1.760125360526503e-05
2.78542109627083e-05
3.333588016954497e-05
2.379857552648424e-05
8.291073722151807e-06
1.746075745204824e-06
4.695170914076584e-07
1.623071668805089e-07
4.2948753641824e-08
1.470964601288257e-08
0
0
0
0
0
0
0
0
0
0
0
0
0
0
0
0
0
0
0
0
0
0
0
0
0
0
0
0
0
0
0
0
0
0
0
0
0
0
0
0
0
0
1.644248786944744e-08
4.455873449697968e-08
1.409207906115132e-07
4.031042856734836e-07
1.178812919975348e-06
4.109007212431024e-06
1.251091972070995e-05
2.43811094553863e-05
2.919954766581938e-05
2.475081669458209e-05
1.745170361428793e-05
1.146456768583271e-05
7.475801802904568e-06
4.998453188090658e-06
3.500675913699378e-06
2.607498305741312e-06
2.08094003356168e-06
1.787610158249401e-06
1.656175182896839e-06
1.666108582230483e-06
1.821103496237649e-06
2.157657893769163e-06
2.750778862577055e-06
3.75226275882653e-06
5.439404274820168e-06
8.270939073996357e-06
1.286582542585407e-05
1.974928648408479e-05
2.817001641217685e-05
3.336227481044806e-05
2.767255954176543e-05
1.371997159571876e-05
4.013188990680883e-06
9.848517935408611e-07
3.518377548680984e-07
1.162446333141926e-07
3.555544766915295e-08
1.353002029865456e-08
0
0
0
0
0
0
0
0
0
0
0
0
0
0
0
0
0
0
0
0
0
0
0
0
0
0
0
0
0
0
0
0
0
0
0
0
0
0
0
0
0
0
0
0
0
3.225483774287021e-08
8.994619287421291e-08
2.410752980445531e-07
6.23821213017666e-07
1.570099124460745e-06
4.942590344278025e-06
1.308361021211147e-05
2.352513199144481e-05
2.965022205091511e-05
2.895153729856702e-05
2.441876686268828e-05
1.93485583266881e-05
1.520970458213422e-05
1.228067443704559e-05
1.036584210969789e-05
9.213652078520989e-06
8.673967410352601e-06
8.721180709585877e-06
9.351051655354538e-06
1.070290734895296e-05
1.286794230055831e-05
1.619496688886574e-05
2.083453689925607e-05
2.65628130925757e-05
3.17139724753477e-05
3.270329919470052e-05
2.584167970967728e-05
1.416330458279792e-05
5.095841614641215e-06
1.442986544617688e-06
5.214712509587527e-07
2.170523244109755e-07
7.269852201724248e-08
2.7715209060823e-08
0
0
0
0
0
0
0
0
0
0
0
0
0
0
0
0
0
0
0
0
0
0
0
0
0
0
0
0
0
0
0
0
0
0
0
0
0
0
0
0
0
0
0
0
0
0
0
0
2.290723504565815e-08
5.39409834353517e-08
1.328011960277564e-07
3.1860287058524e-07
6.320097623139449e-07
1.438871863964228e-06
3.815228209574505e-06
9.323456665582504e-06
1.709145844277959e-05
2.478467992853578e-05
2.945741884520814e-05
3.114986597537058e-05
3.055459994473002e-05
2.933338630535621e-05
2.80912023931245e-05
2.75019051307779e-05
2.755140927041595e-05
2.859245109187471e-05
3.009583265919463e-05
3.193689704670982e-05
3.259228193342701e-05
3.128353306052566e-05
2.647204286853831e-05
1.846763631057694e-05
9.828873996770174e-06
3.883703441739857e-06
1.399946713021738e-06
5.749919650048707e-07
2.860321956499893e-07
1.084047027319865e-07
4.160642828485046e-08
1.822523628670227e-08
0
0
0
0
0
0
0
0
0
0
0
0
0
0
0
0
0
0
0
0
0
0
0
0
0
0
0
0
0
0
0
0
0
0
0
0
0
0
0
0
0
0
0
0
0
0
0
0
0
0
0
3.097567207155765e-08
6.265491834952541e-08
1.381544574319924e-07
2.826958871934492e-07
4.942803215448471e-07
8.239844894788693e-07
1.678880578743595e-06
3.637162599450741e-06
6.936440577683291e-06
1.102856625609464e-05
1.51625440603232e-05
1.829295398430059e-05
2.060613857156559e-05
2.172235856767441e-05
2.186503385436937e-05
2.08187448329544e-05
1.866317592021763e-05
1.537407515522189e-05
1.131269845121364e-05
7.152637971953647e-06
3.703726952079013e-06
1.689314019591863e-06
7.964400075274475e-07
4.796080199635382e-07
2.614204153958882e-07
1.235145726467818e-07
4.9299446590667e-08
2.347180820807683e-08
0
0
0
0
0
0
0
0
0
0
0
0
0
0
0
0
0
0
0
0
0
0
0
0
0
0
0
0
0
0
0
0
0
0
0
0
0
0
0
0
0
0
0
0
0
0
0
0
0
0
0
0
0
0
0
2.808854648700883e-08
5.068507425571508e-08
9.862615646959412e-08
1.847757315208931e-07
2.917252759604518e-07
4.241730212816695e-07
5.877598686398146e-07
8.460701530512226e-07
1.176412347495061e-06
1.628936872465381e-06
2.016464285078265e-06
2.269784950444411e-06
2.30381688915654e-06
2.006928191573836e-06
1.587035439694973e-06
1.129742634802776e-06
7.7529715076091e-07
5.404771205538045e-07
3.876644436572954e-07
2.730798123074757e-07
1.606090002105889e-07
8.452533029924544e-08
4.192789357639732e-08
2.372738133036681e-08
0
0
0
0
0
0
0
0
0
0
0
0
0
0
0
0
0
0
0
0
0
0
0
0
0
0
0
0
0
0
0
0
0
0
0
0
0
0
0
0
0
0
0
0
0
0
0
0
0
0
0
0
0
0
0
0
0
0
0
2.096337001298914e-08
3.010752277786966e-08
4.851887875341779e-08
7.554245467935192e-08
1.114209258506245e-07
1.562200102449896e-07
2.107739145170402e-07
2.699298303106007e-07
3.208873469860086e-07
3.566621994473457e-07
3.557710217730529e-07
3.362844376840197e-07
2.899415348326267e-07
2.321406221298222e-07
1.742338907157036e-07
1.182688217603939e-07
7.222216153216904e-08
4.15031748692643e-08
2.405246372970006e-08
1.607045917088411e-08
0
0
0
0
0
0
0
0
0
0
0
0
0
0
0
0
0
0
0
0
0
0
0
0
0
0
0
0
0
0
0
0
0
0
0
0
0
0
0
0
0
0
0
0
0
0
0
0
0
0
0
0
0
0
0
0
0
0
0
0
0
0
0
0
1.370906930003873e-08
1.744239431600254e-08
2.34132733631469e-08
3.142512337545538e-08
3.897192172825616e-08
4.87502051414998e-08
5.463004419045235e-08
5.656431189744785e-08
5.188750621217198e-08
4.35430653781351e-08
3.453230623990799e-08
2.454885280206327e-08
1.711954589583396e-08
1.368857178318544e-08
0
0
0
0
0
0
0
0
0
0
0
0
0
0
0
0
0
0
0
0
0
0
0
0
0
0
0
0
0
0
0
0
0
0
0
0
0
0
0
0
0
0
0
0
0
0
0
0
0
0
0
0
0
0
0
0
0
0
0
0
0
0
0
0
0
0
0
0
0
0
0
0
0
0
0
0
0
0
0
0
0
0
0
0
0
0
0
0
0
0
0
0
0
0
0
0
0
0
0
0
0
0
0
0
0
0
0
0
0
0
0
0
0
0
0
0
0
0
0
0
0
0
0
0
0
0
0
0
0
0
0
0
0
0
0
0
0
0
0
0
0
0
0
0
0
0
0
0
0
0
0
0
0
0
0
0
0
0
0
0
0
0
0
0
0
0
0
0
0
0
0
0
0
0
0
0
0
0
0
0
0
0
0
0
0
0
0
0
0
0
0
0
0
0
0
0
0
0
0
0
0
0
0
0
0
0
0
0
0
0
0
0
0
0
0
0
0
0
0
0
0
0
0
0
0
0
0
0
0
0
0
0
0
0
0
0
0
0
0
0
0
0
0
0
0
0
0
0
0
0
0
0
0
0
0
0
0
0
0
0
0
0
0
0
0
0
0
0
0
0
0
0
0
0
0
0
0
0
0
0
0
0
0
0
0
0
0
0
0
0
0
0
0
0
0
0
0
0
0
0
0
0
0
0
0
0
0
0
0
0
0
0
0
0
0
0
0
0
0
0
0
0
0
0
0
0
0
0
0
0
0
0
0
0
0
0
0
0
0
0
0
0
0
0
0
0
0
0
0
0
0
0
0
0
0
0
0
0
0
0
0
0
0
0
0
0
0
0
0
0
0
0
0
0
0
0
0
0
0
0
0
0
0
0
0
0
0
0
0
0
0
0
0
0
0
0
0
0
0
0
0
0
0
0
0
0
0
0
0
0
0
0
0
0
0
0
0
0
0
0
0
0
0
0
0
0
0
0
0
0
0
0
0
0
0
0
0
0
0
0
0
0
0
0
0
0
0
0
0
0
0
0
0
0
0
0
0
0
0
0
0
0
0
0
0
0
0
0
0
0
0
0
0
0
0
0
0
0
0
0
0
0
0
0
0
0
0
0
0
0
0
0
0
0
0
0
0
0
0
0
0
0
0
0
0
0
0
0
0
0
0
0
0
0
0
0
0
0
0
0
0
0
0
0
0
0
0
0
0
0
0
0
0
0
0
0
0
0
0
0
0
0
0
0
0
0
0
0
0
0
0
0
0
0
0
0
0
0
0
0
0
0
0
0
0
0
0
0
0
0
0
0
0
0
0
0
0
0
0
0
0
0
0
0
0
0
0
0
0
0
0
0
0
0
0
0
0
0
0
0
0
0
0
0
0
0
0
0
0
0
0
0
0
0
0
0
0
0
0
0
0
0
0
0
0
0
0
0
0
0
0
0
0
0
0
0
0
0
0
0
0
0
0
0
0
0
0
0
0
0
0
0
0
0
0
0
0
0
0
0
0
0
0
0
0
0
0
0
0
0
0
0
0
0
0
0
0
0
0
0
0
0
0
0
0
0
0
0
0
0
0
0
0
0
0
0
0
0
0
0
0
0
0
0
0
0
0
0
0
0
0
0
0
0
0
0
0
0
0
0
0
0
0
0
0
0
0
0
0
0
0
0
0
0
0
0
0
0
0
0
0
0
0
0
0
0
0
0
0
0
0
0
0
0
0
0
0
0
0
0
0
0
0
0
0
0
0
0
0
0
0
0
0
0
0
0
0
0
0
0
0
0
0
0
0
0
0
0
0
0
0
0
0
0
0
0
0
0
0
0
0
0
0
0
0
0
0
0
0
0
0
0
0
0
0
0
0
0
0
0
0
0
0
0
0
0
0
0
0
0
0
0
0
0
0
0
0
0
0
0
0
0
0
0
0
0
0
0
0
0
0
0
0
0
0
0
0
0
0
0
0
0
0
0
0
0
0
0
0
0
0
0
0
0
0
0
0
0
0
0
0
0
0
0
0
0
0
0
0
0
0
0
0
0
0
0
0
0
0
0
0
0
0
0
0
0
0
0
0
0
0
0
0
0
0
0
0
0
0
0
0
0
0
0
0
0
0
0
0
0
0
0
0
0
0
0
0
0
0
0
0
0
0
0
0
0
0
0
0
0
0
0
0
0
0
0
0
0
0
0
0
0
0
0
0
0
0
0
0
0
0
0
0
0
0
0
0
0
0
0
0
0
0
0
0
0
0
0
0
0
0
0
0
0
0
0
0
0
0
0
0
0
0
0
0
0
0
0
0
0
0
0
0
0
0
0
0
0
0
0
0
0
0
0
0
0
0
0
0
0
0
0
0
0
0
0
0
0
0
0
0
0
0
0
0
0
0
0
0
0
0
0
0
0
0
0
0
0
0
0
0
0
0
0
0
0
0
0
0
0
0
0
0
0
0
0
0
0
0
0
0
0
0
0
0
0
0
0
0
0
0
0
0
0
0
0
0
0
0
0
0
0
0
0
0
0
0
0
0
0
0
0
0
0
0
0
0
0
0
0
0
0
0
0
0
0
0
0
0
0
0
0
0
0
0
0
0
0
0
0
0
0
0
0
0
0
0
0
0
0
0
0
0
0
0
0
0
0
0
0
0
0
0
0
0
0
0
0
0
0
0
0
0
0
0
0
0
0
0
0
0
0
0
0
0
0
0
0
0
0
0
0
0
0
0
0
0
0
0
0
0
0
0
0
0
0
0
0
0
0
0
0
0
0
0
0
0
0
0
0
0
0
0
0
0
0
0
0
0
0
0
0
0
0
0
0
0
0
0
0
0
0
0
0
0
0
0
0
0
0
0
0
0
0
0
0
0
0
0
0
0
0
0
0
0
0
0
0
0
0
0
0
0
0
0
0
0
0
0
0
0
0
0
0
0
0
0
0
0
0
0
0
0
0
0
0
0
0
0
0
0
0
0
0
0
0
0
0
0
0
0
0
0
0
0
0
0
0
0
0
0
0
0
0
0
0
0
0
0
0
0
0
0
0
0
0
0
0
0
0
0
0
0
0
0
0
0
0
0
0
0
0
0
0
0
0
0
0
0
0
0
0
0
0
0
0
0
0
0
0
0
0
0
0
0
0
0
0
0
0
0
0
0
0
0
0
0
0
0
0
0
0
0
0
0
0
0
0
0
0
0
0
0
0
0
0
0
0
0
0
0
0
0
0
0
0
0
0
0
0
0
0
0
0
0
0
0
0
0
0
0
0
0
0
0
0
0
0
0
0
0
0
0
0
0
0
0
0
0
0
0
0
0
0
0
0
0
0
0
0
0
0
0
0
0
0
0
0
0
0
0
0
0
0
0
0
0
0
0
0
0
0
0
0
0
0
0
0
0
0
0
0
0
0
0
0
0
0
0
0
0
0
0
0
0
0
0
0
0
0
0
0
0
0
0
0
0
0
0
0
0
0
0
0
0
0
0
0
0
0
0
0
0
0
0
0
0
0
0
0
0
0
0
0
0
0
0
0
0
0
0
0
0
0
0
0
0
0
0
0
0
0
0
0
0
0
0
0
0
0
0
0
0
0
0
0
0
0
0
0
0
0
0
0
0
0
0
0
0
0
0
0
0
0
0
0
0
0
0
0
0
0
0
0
0
0
0
0
0
0
0
0
0
0
0
0
0
0
0
0
0
0
0
0
0
0
0
0
0
0
0
0
0
0
0
0
0
0
0
0
0
0
0
0
0
0
0
0
0
0
0
0
0
0
0
0
0
0
0
0
0
0
0
0
0
0
0
0
0
0
0
0
0
0
0
0
0
0
0
0
0
0
0
0
0
0
0
0
0
0
0
0
0
0
0
0
0
0
0
0
0
0
0
0
0
0
0
0
0
0
0
0
0
0
0
0
0
0
0
0
0
0
0
0
0
0
0
0
0
0
0
0
0
0
0
0
0
0
0
0
0
0
0
0
0
0
0
0
0
0
0
0
0
0
0
0
0
0
0
0
0
0
0
0
0
0
0
0
0
0
0
0
0
0
0
0
0
0
0
0
0
0
0
0
0
0
0
0
0
0
0
0
0
0
0
0
0
0
0
0
0
0
0
0
0
0
0
0
0
0
0
0
0
0
0
0
0
0
0
0
0
0
0
0
0
0
0
0
0
0
0
0
0
0
0
0
0
0
0
0
0
0
0
0
0
0
0
0
0
0
0
0
0
0
0
0
0
0
0
0
0
0
0
0
0
0
0
0
0
0
0
0
0
0
0
0
0
0
0
0
0
0
0
0
0
0
0
0
0
0
0
0
0
0
0
0
0
0
0
0
0
0
0
0
0
0
0
0
0
0
0
0
0
0
0
0
0
0
0
0
0
0
0
0
0
0
0
0
0
0
0
0
0
0
0
0
0
0
0
0
0
0
0
0
0
0
0
0
0
0
0
0
0
0
0
0
0
0
0
0
0
0
0
0
0
0
0
0
0
0
0
0
0
0
0
0
0
0
0
0
0
0
0
0
0
0
0
0
0
0
0
0
0
0
0
0
0
0
0
0
0
0
0
0
0
0
0
0
0
0
0
1.54591374865991e-08
1.861929934149246e-08
2.476760375501721e-08
3.288929360578279e-08
3.533695372780369e-08
4.20302474265252e-08
4.840297579543874e-08
5.144380211367993e-08
5.20661823342932e-08
3.966538626603941e-08
3.817088911602321e-08
2.88829839748236e-08
1.812275005538031e-08
1.374670083023897e-08
0
0
0
0
0
0
0
0
0
0
0
0
0
0
0
0
0
0
0
0
0
0
0
0
0
0
0
0
0
0
0
0
0
0
0
0
0
0
0
0
0
0
0
0
0
0
0
0
0
0
0
0
0
0
0
0
0
0
0
0
0
0
0
0
1.709976364711531e-08
3.041664839307814e-08
5.36440490213369e-08
8.540364732238678e-08
1.279782119538555e-07
1.939947769365238e-07
2.347897139797438e-07
2.748825237297474e-07
2.913792890057381e-07
3.044796152827213e-07
3.36933280692089e-07
3.233651754384883e-07
3.204121041551332e-07
2.587755132592484e-07
2.087424908344236e-07
1.51831977544452e-07
9.048421788685157e-08
4.951536190055747e-08
2.644137203198655e-08
1.657399675551608e-08
0
0
0
0
0
0
0
0
0
0
0
0
0
0
0
0
0
0
0
0
0
0
0
0
0
0
0
0
0
0
0
0
0
0
0
0
0
0
0
0
0
0
0
0
0
0
0
0
0
0
0
0
0
0
0
0
0
0
0
2.42993337804714e-08
4.466918954183523e-08
1.009628366329261e-07
2.031391997254046e-07
3.470994878621003e-07
5.352725557611407e-07
7.310976424320857e-07
9.466090052694463e-07
1.323452101459597e-06
1.65714553185022e-06
1.949720644821251e-06
2.365453921651783e-06
2.318357825610094e-06
2.183948129673698e-06
1.810371187168246e-06
1.538986204459238e-06
1.117184554498614e-06
7.461141417080635e-07
5.303730134510428e-07
3.278353639713336e-07
1.814709473622981e-07
8.680645283504189e-08
4.136356170601557e-08
2.205442225475913e-08
0
0
0
0
0
0
0
0
0
0
0
0
0
0
0
0
0
0
0
0
0
0
0
0
0
0
0
0
0
0
0
0
0
0
0
0
0
0
0
0
0
0
0
0
0
0
0
0
0
0
0
0
0
0
0
2.460119298043497e-08
5.143648046882371e-08
1.338830909030094e-07
2.889918603063796e-07
5.726645025882138e-07
1.093789774220388e-06
2.102959679083569e-06
3.869376467425577e-06
6.480111762848854e-06
1.013696434589983e-05
1.325554808582148e-05
1.678353102553034e-05
1.90233610616548e-05
1.999326775255658e-05
2.051808404994889e-05
2.016682252048393e-05
1.905868964982928e-05
1.592382751012692e-05
1.18956823590597e-05
7.766850972514515e-06
4.075120425616322e-06
1.952258607943122e-06
9.014440099057606e-07
4.853315536273134e-07
2.522389828899643e-07
1.227620953007214e-07
5.130877200267313e-08
2.538501029507774e-08
0
0
0
0
0
0
0
0
0
0
0
0
0
0
0
0
0
0
0
0
0
0
0
0
0
0
0
0
0
0
0
0
0
0
0
0
0
0
0
0
0
0
0
0
0
0
0
0
0
0
0
1.923339069308519e-08
4.370520821999378e-08
1.161785699205005e-07
3.153794518703778e-07
6.445116042309663e-07
1.608320175045477e-06
4.033961705601406e-06
8.742019503375005e-06
1.493506918991345e-05
2.124558605345183e-05
2.490377269185034e-05
2.597773272432883e-05
2.5640518449734e-05
2.52834121142487e-05
2.470411471762066e-05
2.452771097044481e-05
2.476443527351549e-05
2.628627266423657e-05
2.85921583243968e-05
3.06468826830228e-05
3.163415773182533e-05
3.024544147373294e-05
2.588572381091022e-05
1.814630033390576e-05
9.712908444050439e-06
4.074548975126575e-06
1.459458781024504e-06
6.130684418696476e-07
2.91831944318593e-07
1.208897676141145e-07
4.824350673170299e-08
2.016825285105928e-08
0
0
0
0
0
0
0
0
0
0
0
0
0
0
0
0
0
0
0
0
0
0
0
0
0
0
0
0
0
0
0
0
0
0
0
0
0
0
0
0
0
0
0
0
0
0
0
0
2.789336014695813e-08
7.5559203906717e-08
2.342733462869429e-07
6.242825478112354e-07
1.599114008906536e-06
4.935789333998757e-06
1.190472303493693e-05
1.994518580631835e-05
2.420858362992257e-05
2.322641263726059e-05
1.96795876709269e-05
1.560974003318768e-05
1.230152811375596e-05
1.000858561093152e-05
8.645009467565838e-06
7.847720557050465e-06
7.491646613552135e-06
7.644803046466066e-06
8.372646911348143e-06
9.753621947614132e-06
1.187840372751181e-05
1.505091323355577e-05
1.956243776306126e-05
2.499921414714624e-05
2.99041210782602e-05
3.052165467306686e-05
2.44561506957313e-05
1.37070625473532e-05
5.211559671038514e-06
1.619136553501868e-06
6.135051461590696e-07
2.463606462036455e-07
8.82118262648583e-08
3.130443340068403e-08
0
0
0
0
0
0
0
0
0
0
0
0
0
0
0
0
0
0
0
0
0
0
0
0
0
0
0
0
0
0
0
0
0
0
0
0
0
0
0
0
0
0
0
0
0
1.394069230568267e-08
3.900334136565403e-08
1.256774920814997e-07
4.041921317686659e-07
1.159444267009544e-06
3.836605818918336e-06
1.137946066676529e-05
2.093348435547211e-05
2.428994839381494e-05
1.995949903371962e-05
1.37618458469501e-05
8.920624142555504e-06
5.842055481661129e-06
3.917353130137628e-06
2.759453180944198e-06
2.07434957111489e-06
1.691327707800107e-06
1.487665282174715e-06
1.406468925607401e-06
1.436853248809887e-06
1.598706822949513e-06
1.924057638501857e-06
2.478029000223952e-06
3.40047881633889e-06
4.971287195548025e-06
7.583301763781311e-06
1.17787177088186e-05
1.798987598082385e-05
2.578378273278143e-05
3.068838375638486e-05
2.578408678891887e-05
1.321638160662812e-05
4.130715980994889e-06
1.192987863639701e-06
4.05897793678931e-07
1.337884526625046e-07
4.108722753033783e-08
1.456725219163679e-08
0
0
0
0
0
0
0
0
0
0
0
0
0
0
0
0
0
0
0
0
0
0
0
0
0
0
0
0
0
0
0
0
0
0
0
0
0
0
0
0
0
0
1.526125572764347e-08
4.865609062110133e-08
1.70830235970965e-07
5.859092718183443e-07
1.904965671377778e-06
7.348808471422795e-06
1.835699989858635e-05
2.409978384970109e-05
1.945535502400661e-05
1.202888510873321e-05
6.680536313252451e-06
3.595899087108661e-06
1.981194089381731e-06
1.147363712053853e-06
7.078349136929294e-07
4.69324811485312e-07
3.353949691386879e-07
0
0
0
0
0
0
4.019808242593993e-07
5.789197304698927e-07
8.997693070420156e-07
1.500316744681175e-06
2.637020348961474e-06
4.807787264399617e-06
8.840737102947589e-06
1.576418313782552e-05
2.505643761667012e-05
3.018864847927257e-05
2.192709670622309e-05
8.158282444528261e-06
1.989111219874218e-06
5.449570420041655e-07
1.729566352484431e-07
4.986150809299127e-08
1.633123959452787e-08
0
0
0
0
0
0
0
0
0
0
0
0
0
0
0
0
0
0
0
0
0
0
0
0
0
0
0
0
0
0
0
0
0
0
0
0
0
0
0
0
1.606069485032714e-08
5.373849895044117e-08
2.09125559628311e-07
7.310089018165401e-07
2.871726524687887e-06
1.111754256724026e-05
2.254662355375461e-05
2.201942392984614e-05
1.356833681465219e-05
6.823537274874832e-06
3.186436348736827e-06
1.480987167876163e-06
7.038437891018083e-07
3.528645378172328e-07
0
0
0
0
0
0
0
0
0
0
0
0
0
0
4.682513359880387e-07
9.434203466646595e-07
1.985070188583806e-06
4.265342281368957e-06
8.986422971347866e-06
1.754500599824583e-05
2.765740783589106e-05
2.755387837751195e-05
1.280783260678471e-05
3.08155031131815e-06
7.179257097918393e-07
2.07564160257158e-07
5.320094215289595e-08
1.60720632441572e-08
0
0
0
0
0
0
0
0
0
0
0
0
0
0
0
0
0
0
0
0
0
0
0
0
0
0
0
0
0
0
0
0
0
0
0
0
0
0
1.411796877940282e-08
4.777807650545261e-08
1.998805744006124e-07
7.671042266229482e-07
3.577871679432194e-06
1.394481563242664e-05
2.412096458328991e-05
1.880379562966789e-05
9.652852186085509e-06
4.118209944462145e-06
1.654120736883975e-06
6.666991561465601e-07
2.786712965286275e-07
0
0
0
0
0
0
0
0
0
0
0
0
0
0
0
0
0
0
3.708319705574806e-07
8.935690535463176e-07
2.198941252483178e-06
5.369324807472994e-06
1.226795304432857e-05
2.343964120796173e-05
2.92125999913987e-05
1.633044066010676e-05
3.889436313809965e-06
8.300823753688226e-07
2.162085287181691e-07
5.198135618718483e-08
1.612242763383862e-08
0
0
0
0
0
0
0
0
0
0
0
0
0
0
0
0
0
0
0
0
0
0
0
0
0
0
0
0
0
0
0
0
0
0
0
0
0
4.385035842079467e-08
1.890935982546303e-07
7.719779415041243e-07
3.823494830448557e-06
1.552099366932229e-05
2.450422691693045e-05
1.658160838156501e-05
7.400552929984105e-06
2.780655463423967e-06
9.808135297955021e-07
3.459660781903033e-07
0
0
0
0
0
0
0
0
0
0
0
0
0
0
0
0
0
0
0
0
0
0
4.575343418870936e-07
1.281879258204699e-06
3.565726942906294e-06
9.300512072622638e-06
2.035898015306313e-05
2.911869059574284e-05
1.766784524798805e-05
4.058744807650982e-06
8.041787163806172e-07
1.957603969795452e-07
4.658515781935138e-08
0
0
0
0
0
0
0
0
0
0
0
0
0
0
0
0
0
0
0
0
0
0
0
0
0
0
0
0
0
0
0
0
0
0
0
0
3.395324497202525e-08
1.561795920256396e-07
6.726191711691029e-07
3.416543982751742e-06
1.528140330052109e-05
2.463582434389688e-05
1.56290945685937e-05
6.329882893859303e-06
2.135801250285456e-06
6.760618514792002e-07
0
0
0
0
0
0
0
0
0
0
0
0
0
0
0
0
0
0
0
0
0
0
0
0
0
0
8.604932508113403e-07
2.684572117882422e-06
7.797901859570119e-06
1.879528064005691e-05
2.870742554863416e-05
1.696532650157697e-05
3.521217184903174e-06
6.726685881382014e-07
1.610592645006974e-07
3.680509483243878e-08
0
0
0
0
0
0
0
0
0
0
0
0
0
0
0
0
0
0
0
0
0
0
0
0
0
0
0
0
0
0
0
0
0
0
2.058079305833899e-08
1.007159730020371e-07
4.890545267566164e-07
2.466389417212454e-06
1.328751015757964e-05
2.502477601878975e-05
1.617823653017211e-05
6.159519211860654e-06
1.905543409934469e-06
5.45653004584398e-07
0
0
0
0
0
0
0
0
0
0
0
0
0
0
0
0
0
0
0
0
0
0
0
0
0
0
0
0
6.83851501210177e-07
2.358367774081914e-06
7.46996615853413e-06
1.914167528478564e-05
2.880191149862008e-05
1.457493649531034e-05
2.567949565657469e-06
4.991590428208321e-07
1.085992596723508e-07
2.427015591310657e-08
0
0
0
0
0
0
0
0
0
0
0
0
0
0
0
0
0
0
0
0
0
0
0
0
0
0
0
0
0
0
0
0
0
5.645541293074142e-08
3.035462066411042e-07
1.487426819413638e-06
9.546394163533367e-06
2.450839582744427e-05
1.811237673039699e-05
6.86385159137222e-06
2.000404619184889e-06
5.250586329091009e-07
0
0
0
0
0
0
0
0
0
0
0
0
0
0
0
0
0
0
0
0
0
0
0
0
0
0
0
0
0
0
6.486807078383725e-07
2.4385029336168e-06
8.233142046000663e-06
2.127995560295779e-05
2.811942126247029e-05
1.051599568138105e-05
1.592274980843178e-06
3.272747041890326e-07
6.26708507771038e-08
1.542601184193331e-08
0
0
0
0
0
0
0
0
0
0
0
0
0
0
0
0
0
0
0
0
0
0
0
0
0
0
0
0
0
0
0
0
1.681267563161596e-07
8.056092163382785e-07
5.492693740085193e-06
2.169759731182695e-05
2.135410735115836e-05
8.648061761223437e-06
2.457767923803838e-06
6.054572092365846e-07
0
0
0
0
0
0
0
0
0
0
0
0
0
0
0
0
0
0
0
0
0
0
0
0
0
0
0
0
0
0
0
0
7.357763267620809e-07
2.961419329360843e-06
1.028679467318915e-05
2.48913715037446e-05
2.471217766098307e-05
6.081187351043336e-06
8.875799990123683e-07
1.827563474232098e-07
3.461204751019766e-08
0
0
0
0
0
0
0
0
0
0
0
0
0
0
0
0
0
0
0
0
0
0
0
0
0
0
0
0
0
0
0
0
4.293778794843824e-07
2.564740623628524e-06
1.58081354714322e-05
2.498583532166261e-05
1.204303845454752e-05
3.492410060530208e-06
8.289516641763176e-07
0
0
0
0
0
0
0
0
0
0
0
0
0
0
0
0
0
0
0
0
0
0
0
0
0
0
0
0
0
0
0
0
0
0
9.944421225159033e-07
4.159908279790449e-06
1.412279549480165e-05
2.857510294720147e-05
1.755068497461003e-05
2.755941083811462e-06
4.575893506949313e-07
8.647212755841053e-08
1.896357228199047e-08
0
0
0
0
0
0
0
0
0
0
0
0
0
0
0
0
0
0
0
0
0
0
0
0
0
0
0
0
0
0
0
9.956830903781508e-07
8.0632410823424e-06
2.513391818020012e-05
1.761011048031252e-05
5.638226713145628e-06
1.334112088259816e-06
2.798276956741214e-07
0
0
0
0
0
0
0
0
0
0
0
0
0
0
0
0
0
0
0
0
0
0
0
0
0
0
0
0
0
0
0
0
0
0
3.323146111049742e-07
1.584418013840625e-06
6.619821702901605e-06
2.033479372711421e-05
2.841693833982037e-05
8.85961647412183e-06
1.087016448341634e-06
2.150874941023288e-07
3.737621720390968e-08
0
0
0
0
0
0
0
0
0
0
0
0
0
0
0
0
0
0
0
0
0
0
0
0
0
0
0
0
0
0
0
3.075356533250226e-06
1.782559575379982e-05
2.416931533349028e-05
9.817077555432041e-06
2.457819837564636e-06
5.080093418259776e-07
0
0
0
0
0
0
0
0
0
0
0
0
0
0
0
0
0
0
0
0
0
0
0
0
0
0
0
0
0
0
0
0
0
0
0
0
6.003279600466298e-07
2.898087941188208e-06
1.142906139305789e-05
2.772186788889174e-05
1.995775643170918e-05
3.003676731310464e-06
4.632059539681812e-07
8.263324087097482e-08
1.702283775318779e-08
0
0
0
0
0
0
0
0
0
0
0
0
0
0
0
0
0
0
0
0
0
0
0
0
0
0
0
0
0
0
9.447782315888812e-06
2.554359465065063e-05
1.71321685327169e-05
4.999729198855894e-06
1.064361777633885e-06
0
0
0
0
0
0
0
0
0
0
0
0
0
0
0
0
0
0
0
0
0
0
0
0
0
0
0
0
0
0
0
0
0
0
0
0
0
0
1.256667478205249e-06
5.862651394747562e-06
1.984130085183493e-05
2.894331457234481e-05
8.177011068020284e-06
9.1767413739984e-07
1.817530872030716e-07
2.948193691679757e-08
0
0
0
0
0
0
0
0
0
0
0
0
0
0
0
0
0
0
0
0
0
0
0
0
0
0
0
0
0
0
2.130018583177313e-05
2.601196688760343e-05
1.064046831710888e-05
2.507041187368388e-06
4.747952411355085e-07
0
0
0
0
0
0
0
0
0
0
0
0
0
0
0
0
0
0
0
0
0
0
0
0
0
0
0
0
0
0
0
0
0
0
0
0
0
0
5.607581287674156e-07
2.950090832537264e-06
1.234029846570057e-05
2.920475975330665e-05
1.702762510489679e-05
2.034627689315333e-06
3.456797210103603e-07
5.593312640084741e-08
0
0
0
0
0
0
0
0
0
0
0
0
0
0
0
0
0
0
0
0
0
0
0
0
0
0
0
0
0
0
3.384523397465465e-05
2.137807673172908e-05
6.331676868718742e-06
1.288314778986272e-06
0
0
0
0
0
0
0
0
0
0
0
0
0
0
0
0
0
0
0
0
0
0
0
0
0
0
0
0
0
0
0
0
0
0
0
0
0
0
0
0
1.514771518519241e-06
7.340315684224991e-06
2.371690499898163e-05
2.580231938733493e-05
4.737245465359205e-06
5.852723057202398e-07
1.033455655994265e-07
1.877752557641244e-08
0
0
0
0
0
0
0
0
0
0
0
0
0
0
0
0
0
0
0
0
0
0
0
0
0
0
0
0
0
4.077299960324559e-05
1.585455086735533e-05
3.782843489458864e-06
6.917458528565861e-07
0
0
0
0
0
0
0
0
0
0
0
0
0
0
0
0
0
0
0
0
0
0
0
0
0
0
0
0
0
0
0
0
0
0
0
0
0
0
0
0
8.147880779835242e-07
4.388589944364263e-06
1.733352026792487e-05
3.040153244253464e-05
9.587750328021391e-06
9.21930688012929e-07
1.814175639053233e-07
2.655634762281078e-08
0
0
0
0
0
0
0
0
0
0
0
0
0
0
0
0
0
0
0
0
0
0
0
0
0
0
0
0
0
4.075465009385492e-05
1.137788724577443e-05
2.333105227128248e-06
3.937897315015384e-07
0
0
0
0
0
0
0
0
0
0
0
0
0
0
0
0
0
0
0
0
0
0
0
0
0
0
0
0
0
0
0
0
0
0
0
0
0
0
0
0
4.653736021579908e-07
2.715721923769078e-06
1.234088065523986e-05
3.015798469974713e-05
1.579425881199246e-05
1.569916152957092e-06
2.808569410498671e-07
4.184771564526412e-08
0
0
0
0
0
0
0
0
0
0
0
0
0
0
0
0
0
0
0
0
0
0
0
0
0
0
0
0
0
3.685453319339713e-05
8.270409784512667e-06
1.517727103566468e-06
0
0
0
0
0
0
0
0
0
0
0
0
0
0
0
0
0
0
0
0
0
0
0
0
0
0
0
0
0
0
0
0
0
0
0
0
0
0
0
0
0
0
1.772568316855723e-06
8.900462055827342e-06
2.724588644206441e-05
2.192039104030119e-05
2.646059839508653e-06
3.955721769262267e-07
6.13681850464167e-08
0
0
0
0
0
0
0
0
0
0
0
0
0
0
0
0
0
0
0
0
0
0
0
0
0
0
0
0
0
3.205170994190818e-05
6.245951057955901e-06
1.0585481772397e-06
0
0
0
0
0
0
0
0
0
0
0
0
0
0
0
0
0
0
0
0
0
0
0
0
0
0
0
0
0
0
0
0
0
0
0
0
0
0
0
0
0
0
1.235789589107596e-06
6.680045828964262e-06
2.372679654084073e-05
2.653586412859471e-05
4.248841552805083e-06
5.113245042830462e-07
8.333991340700157e-08
1.553192775459158e-08
0
0
0
0
0
0
0
0
0
0
0
0
0
0
0
0
0
0
0
0
0
0
0
0
0
0
0
0
2.794066281155036e-05
4.977766319313081e-06
7.981445433679919e-07
0
0
0
0
0
0
0
0
0
0
0
0
0
0
0
0
0
0
0
0
0
0
0
0
0
0
0
0
0
0
0
0
0
0
0
0
0
0
0
0
0
0
9.288188271441462e-07
5.282511403196265e-06
2.072108557431513e-05
2.940067965865395e-05
6.080243300028951e-06
6.149891311297288e-07
1.092354911161583e-07
1.582875617290589e-08
0
0
0
0
0
0
0
0
0
0
0
0
0
0
0
0
0
0
0
0
0
0
0
0
0
0
0
0
2.486975152752386e-05
4.198187849994758e-06
6.499290177806125e-07
0
0
0
0
0
0
0
0
0
0
0
0
0
0
0
0
0
0
0
0
0
0
0
0
0
0
0
0
0
0
0
0
0
0
0
0
0
0
0
0
0
0
7.566086509047444e-07
4.44571448736249e-06
1.856156815114134e-05
3.085236666799699e-05
7.769714596289551e-06
7.081003458110841e-07
1.326461052239155e-07
1.784648150451902e-08
0
0
0
0
0
0
0
0
0
0
0
0
0
0
0
0
0
0
0
0
0
0
0
0
0
0
0
0
2.307127693179874e-05
3.781695408546155e-06
5.740907660975841e-07
0
0
0
0
0
0
0
0
0
0
0
0
0
0
0
0
0
0
0
0
0
0
0
0
0
0
0
0
0
0
0
0
0
0
0
0
0
0
0
0
0
0
6.689841221032645e-07
4.007457849416078e-06
1.731545417528209e-05
3.15018053880643e-05
8.97179086129495e-06
7.699086385368188e-07
1.494521978352062e-07
1.94626916504467e-08
0
0
0
0
0
0
0
0
0
0
0
0
0
0
0
0
0
0
0
0
0
0
0
0
0
0
0
0
2.253547866968292e-05
3.660818486636952e-06
5.528800539664616e-07
0
0
0
0
0
0
0
0
0
0
0
0
0
0
0
0
0
0
0
0
0
0
0
0
0
0
0
0
0
0
0
0
0
0
0
0
0
0
0
0
0
0
6.45074816460941e-07
3.880236394978553e-06
1.69443789691482e-05
3.17739930910364e-05
9.433919885416011e-06
8.021488814143116e-07
1.530653162736744e-07
2.010570513359114e-08
0
0
0
0
0
0
0
0
0
0
0
0
0
0
0
0
0
0
0
0
0
0
0
0
0
0
0
0
2.339275544907724e-05
3.836498264588031e-06
5.828231063890835e-07
0
0
0
0
0
0
0
0
0
0
0
0
0
0
0
0
0
0
0
0
0
0
0
0
0
0
0
0
0
0
0
0
0
0
0
0
0
0
0
0
0
0
6.781533305436178e-07
4.048303090768682e-06
1.746862242276978e-05
3.175540767328432e-05
9.052582061294897e-06
7.663980712604119e-07
1.502595148580692e-07
1.946272811888346e-08
0
0
0
0
0
0
0
0
0
0
0
0
0
0
0
0
0
0
0
0
0
0
0
0
0
0
0
0
2.565908685384352e-05
4.331012749727274e-06
6.707503769226153e-07
0
0
0
0
0
0
0
0
0
0
0
0
0
0
0
0
0
0
0
0
0
0
0
0
0
0
0
0
0
0
0
0
0
0
0
0
0
0
0
0
0
0
7.780231412243318e-07
4.543577966270303e-06
1.888819666474231e-05
3.127613731921946e-05
7.851299394720023e-06
7.143804739315363e-07
1.332254075414542e-07
1.798919306606812e-08
0
0
0
0
0
0
0
0
0
0
0
0
0
0
0
0
0
0
0
0
0
0
0
0
0
0
0
0
2.933292207632708e-05
5.231110460172753e-06
8.399744257253592e-07
0
0
0
0
0
0
0
0
0
0
0
0
0
0
0
0
0
0
0
0
0
0
0
0
0
0
0
0
0
0
0
0
0
0
0
0
0
0
0
0
0
0
9.69245210769596e-07
5.467505164779759e-06
2.129392294381264e-05
3.000925150948716e-05
6.109676389432196e-06
6.102700083866201e-07
1.111062896966668e-07
1.611395329557003e-08
0
0
0
0
0
0
0
0
0
0
0
0
0
0
0
0
0
0
0
0
0
0
0
0
0
0
0
0
3.423492522451083e-05
6.68278405553036e-06
1.136059593824237e-06
0
0
0
0
0
0
0
0
0
0
0
0
0
0
0
0
0
0
0
0
0
0
0
0
0
0
0
0
0
0
0
0
0
0
0
0
0
0
0
0
0
0
1.306737393533198e-06
6.996979613275355e-06
2.465024247027075e-05
2.726222051312168e-05
4.215134045763998e-06
5.019676410249748e-07
8.611551231688554e-08
1.580650930484717e-08
0
0
0
0
0
0
0
0
0
0
0
0
0
0
0
0
0
0
0
0
0
0
0
0
0
0
0
0
3.975484440059774e-05
8.947254480314995e-06
1.650279797193402e-06
0
0
0
0
0
0
0
0
0
0
0
0
0
0
0
0
0
0
0
0
0
0
0
0
0
0
0
0
0
0
0
0
0
0
0
0
0
0
0
0
0
0
1.895937478724501e-06
9.426151051621453e-06
2.855034746419707e-05
2.248823881254976e-05
2.561235055228878e-06
3.863125664780254e-07
6.342164752752525e-08
0
0
0
0
0
0
0
0
0
0
0
0
0
0
0
0
0
0
0
0
0
0
0
0
0
0
0
0
0
4.413360697199595e-05
1.237699993068471e-05
2.556674453769089e-06
4.338579223794654e-07
0
0
0
0
0
0
0
0
0
0
0
0
0
0
0
0
0
0
0
0
0
0
0
0
0
0
0
0
0
0
0
0
0
0
0
0
0
0
0
0
5.095025027959674e-07
2.932823990436309e-06
1.314614812322969e-05
3.163777870021687e-05
1.601290954208261e-05
1.467965942959275e-06
2.778784002378169e-07
4.26509343877654e-08
0
0
0
0
0
0
0
0
0
0
0
0
0
0
0
0
0
0
0
0
0
0
0
0
0
0
0
0
0
4.431122621249357e-05
1.732748569646139e-05
4.179717907260219e-06
7.700898754773257e-07
0
0
0
0
0
0
0
0
0
0
0
0
0
0
0
0
0
0
0
0
0
0
0
0
0
0
0
0
0
0
0
0
0
0
0
0
0
0
0
0
9.022106216938132e-07
4.782506555333849e-06
1.85857905569805e-05
3.188727764609555e-05
9.648923380914321e-06
8.828117487191583e-07
1.802592032863912e-07
2.644551182606089e-08
0
0
0
0
0
0
0
0
0
0
0
0
0
0
0
0
0
0
0
0
0
0
0
0
0
0
0
0
0
3.700732261996591e-05
2.353971743913088e-05
7.066095805314208e-06
1.453071295143206e-06
0
0
0
0
0
0
0
0
0
0
0
0
0
0
0
0
0
0
0
0
0
0
0
0
0
0
0
0
0
0
0
0
0
0
0
0
0
0
0
0
1.695022819002218e-06
8.057557943259361e-06
2.557437013738472e-05
2.716217258160426e-05
4.722403572446143e-06
5.657051739427866e-07
1.026382722660329e-07
1.793492308430027e-08
0
0
0
0
0
0
0
0
0
0
0
0
0
0
0
0
0
0
0
0
0
0
0
0
0
0
0
0
0
2.33234347815993e-05
2.881316789349574e-05
1.198250638817728e-05
2.862794446844889e-06
5.454278618822009e-07
0
0
0
0
0
0
0
0
0
0
0
0
0
0
0
0
0
0
0
0
0
0
0
0
0
0
0
0
0
0
0
0
0
0
0
0
0
0
6.410261600236244e-07
3.315613537245699e-06
1.360781942703977e-05
3.161165523290077e-05
1.780632289953437e-05
1.938621540103308e-06
3.338345378097427e-07
5.393592030901541e-08
0
0
0
0
0
0
0
0
0
0
0
0
0
0
0
0
0
0
0
0
0
0
0
0
0
0
0
0
0
0
1.024364102016422e-05
2.838828441936343e-05
1.944019143543667e-05
5.751605490273241e-06
1.234269962001663e-06
0
0
0
0
0
0
0
0
0
0
0
0
0
0
0
0
0
0
0
0
0
0
0
0
0
0
0
0
0
0
0
0
0
0
0
0
0
0
1.441309771104376e-06
6.587942238034951e-06
2.180199593031183e-05
3.089319971500588e-05
8.132717137904947e-06
7.867665926327559e-07
1.703296124631964e-07
2.731675397243735e-08
0
0
0
0
0
0
0
0
0
0
0
0
0
0
0
0
0
0
0
0
0
0
0
0
0
0
0
0
0
0
3.243704490465175e-06
1.972286938568029e-05
2.747341416884897e-05
1.1342575449114e-05
2.87393119608555e-06
5.973746987216495e-07
0
0
0
0
0
0
0
0
0
0
0
0
0
0
0
0
0
0
0
0
0
0
0
0
0
0
0
0
0
0
0
0
0
0
0
0
7.055202980266559e-07
3.331187679916192e-06
1.280847437185351e-05
3.019005314297455e-05
2.077993998307015e-05
2.786689618121103e-06
4.001416233029748e-07
7.505294674394612e-08
1.563713382890836e-08
0
0
0
0
0
0
0
0
0
0
0
0
0
0
0
0
0
0
0
0
0
0
0
0
0
0
0
0
0
0
1.056540281786499e-06
8.84147222053878e-06
2.843716805184287e-05
2.033851936343912e-05
6.618716979387704e-06
1.587108752169839e-06
3.347070635287299e-07
0
0
0
0
0
0
0
0
0
0
0
0
0
0
0
0
0
0
0
0
0
0
0
0
0
0
0
0
0
0
0
0
0
0
3.987926125814558e-07
1.864447404177754e-06
7.603001135952157e-06
2.263198761950891e-05
3.044700839824078e-05
8.778800837090896e-06
9.629057190636886e-07
1.953419942877927e-07
3.434336763652715e-08
0
0
0
0
0
0
0
0
0
0
0
0
0
0
0
0
0
0
0
0
0
0
0
0
0
0
0
0
0
0
0
4.542492429243233e-07
2.769327360210306e-06
1.770055142336305e-05
2.872311880135506e-05
1.417189122949253e-05
4.181979682544096e-06
1.002348199001227e-06
0
0
0
0
0
0
0
0
0
0
0
0
0
0
0
0
0
0
0
0
0
0
0
0
0
0
0
0
0
0
0
0
0
0
1.185638922791527e-06
4.8601821166744e-06
1.603584522883332e-05
3.118592780831652e-05
1.827115148528815e-05
2.549128431344439e-06
4.179935459677789e-07
7.539551520298516e-08
1.641109264070214e-08
0
0
0
0
0
0
0
0
0
0
0
0
0
0
0
0
0
0
0
0
0
0
0
0
0
0
0
0
0
0
0
1.858115113513615e-07
8.988949644605238e-07
6.203777273853441e-06
2.487467652778148e-05
2.501143402350534e-05
1.032408377165364e-05
2.974295432985112e-06
7.374686364990637e-07
0
0
0
0
0
0
0
0
0
0
0
0
0
0
0
0
0
0
0
0
0
0
0
0
0
0
0
0
0
0
0
0
8.829557501360873e-07
3.484201644754981e-06
1.180584315318245e-05
2.780683275137584e-05
2.631923719515224e-05
5.785241634720597e-06
7.868519765956803e-07
1.562193170904081e-07
2.788997628925827e-08
0
0
0
0
0
0
0
0
0
0
0
0
0
0
0
0
0
0
0
0
0
0
0
0
0
0
0
0
0
0
0
0
6.275847632549941e-08
3.298943939042845e-07
1.684644797205675e-06
1.078541673918101e-05
2.829418948709581e-05
2.135905852982054e-05
8.248667945112243e-06
2.429115871195597e-06
6.429782270391182e-07
0
0
0
0
0
0
0
0
0
0
0
0
0
0
0
0
0
0
0
0
0
0
0
0
0
0
0
0
0
0
7.852450674959729e-07
2.900797727878666e-06
9.565157383577773e-06
2.412072790920394e-05
3.076838297703251e-05
1.090386380466303e-05
1.518897768716063e-06
2.605333845209784e-07
5.367736114275155e-08
1.474934491353879e-08
0
0
0
0
0
0
0
0
0
0
0
0
0
0
0
0
0
0
0
0
0
0
0
0
0
0
0
0
0
0
0
0
2.118476984392411e-08
1.105024365420204e-07
5.375334127642245e-07
2.716414634413089e-06
1.487110526293288e-05
2.906260619730962e-05
1.916975197962706e-05
7.421671690604119e-06
2.322280900080735e-06
6.70635657402127e-07
0
0
0
0
0
0
0
0
0
0
0
0
0
0
0
0
0
0
0
0
0
0
0
0
0
0
0
0
8.289171417104141e-07
2.831476272170531e-06
8.8424912955084e-06
2.203542723313677e-05
3.197315451865454e-05
1.550068818339706e-05
2.515719524773515e-06
4.12907066992976e-07
8.340502251245381e-08
2.207486456848176e-08
0
0
0
0
0
0
0
0
0
0
0
0
0
0
0
0
0
0
0
0
0
0
0
0
0
0
0
0
0
0
0
0
0
0
3.641439474229442e-08
1.71436582352326e-07
7.315841216250147e-07
3.744364348061417e-06
1.739493365633019e-05
2.884401839616371e-05
1.857103560337158e-05
7.606601943148876e-06
2.603249581907677e-06
8.331673966032781e-07
0
0
0
0
0
0
0
0
0
0
0
0
0
0
0
0
0
0
0
0
0
0
0
0
0
0
1.030508875751232e-06
3.187047702336945e-06
9.184264102340898e-06
2.196118636007408e-05
3.223178799018648e-05
1.765725844782899e-05
3.302089363119137e-06
5.849031500408632e-07
1.326574450862209e-07
2.874307396379084e-08
0
0
0
0
0
0
0
0
0
0
0
0
0
0
0
0
0
0
0
0
0
0
0
0
0
0
0
0
0
0
0
0
0
0
0
0
5.003743461418738e-08
2.192926152310117e-07
8.481572732473455e-07
4.302072634347853e-06
1.775567207482058e-05
2.857250118664428e-05
1.961868673001602e-05
8.901285733348679e-06
3.399021693470585e-06
1.221786864199667e-06
4.375269117188864e-07
0
0
0
0
0
0
0
0
0
0
0
0
0
0
0
0
0
0
0
0
0
0
5.453613687938644e-07
1.517549595036475e-06
4.166318842289842e-06
1.080304067520031e-05
2.340043193877622e-05
3.300653804185768e-05
1.852588592485283e-05
3.597986280605806e-06
6.920839821938187e-07
1.770296639517004e-07
4.08050364152809e-08
0
0
0
0
0
0
0
0
0
0
0
0
0
0
0
0
0
0
0
0
0
0
0
0
0
0
0
0
0
0
0
0
0
0
0
0
0
1.740154547975995e-08
5.910372871932868e-08
2.412594406863913e-07
9.012972377172876e-07
4.093562589506094e-06
1.610319425700991e-05
2.785408630783711e-05
2.233485385640961e-05
1.167405013086892e-05
5.096991987605999e-06
2.090582325548909e-06
8.543340613614461e-07
3.582915811113374e-07
0
0
0
0
0
0
0
0
0
0
0
0
0
0
0
0
0
0
4.349309967223925e-07
1.043798173077416e-06
2.564772557775239e-06
6.228676191120451e-06
1.415457236845255e-05
2.669849418960287e-05
3.277026563900242e-05
1.726739609755807e-05
3.629882759762445e-06
7.241850738231561e-07
2.07004664161402e-07
4.763742476490048e-08
1.429474231337402e-08
0
0
0
0
0
0
0
0
0
0
0
0
0
0
0
0
0
0
0
0
0
0
0
0
0
0
0
0
0
0
0
0
0
0
0
0
0
0
1.873493875524306e-08
6.002367191651057e-08
2.360295498022458e-07
8.267351028053292e-07
3.292754992322716e-06
1.256726308292135e-05
2.620196478254137e-05
2.621333191732573e-05
1.657989858835546e-05
8.517282650971196e-06
4.06786110281745e-06
1.903001353037476e-06
9.122999341604774e-07
4.594786693136376e-07
0
0
0
0
0
0
0
0
0
0
0
0
0
0
5.40541931831793e-07
1.085459609539007e-06
2.277413908386975e-06
4.866871531686051e-06
1.021786745812122e-05
1.983334370192331e-05
3.121861356843896e-05
3.05588610984277e-05
1.359704115330253e-05
2.799264143823188e-06
6.267181818507968e-07
2.02369079697791e-07
5.112741957422279e-08
1.496211221607186e-08
0
0
0
0
0
0
0
0
0
0
0
0
0
0
0
0
0
0
0
0
0
0
0
0
0
0
0
0
0
0
0
0
0
0
0
0
0
0
0
0
1.768907216400782e-08
5.53993027680362e-08
1.910803324259868e-07
6.197943721771076e-07
2.059391668114555e-06
8.093150838884066e-06
2.103789051296661e-05
2.85940966164849e-05
2.371440630658672e-05
1.504512985034108e-05
8.471744626401724e-06
4.635967506461131e-06
2.56934703029873e-06
1.491768276121149e-06
9.158954665551419e-07
6.021101244099898e-07
4.277513495615712e-07
0
0
0
0
0
0
4.562171723264636e-07
6.542426643319757e-07
1.014819835879139e-06
1.689825113802139e-06
2.968909593590461e-06
5.411729135570413e-06
9.949254331236876e-06
1.762119211937313e-05
2.783257439753509e-05
3.3240766250164e-05
2.382173505873706e-05
8.40233332590905e-06
1.710025802787755e-06
4.837553740138636e-07
1.515079501804484e-07
4.59065545607859e-08
1.464171109975841e-08
0
0
0
0
0
0
0
0
0
0
0
0
0
0
0
0
0
0
0
0
0
0
0
0
0
0
0
0
0
0
0
0
0
0
0
0
0
0
0
0
0
0
1.644308080143527e-08
4.413598095347246e-08
1.392128414247049e-07
4.05374194772644e-07
1.203318422684774e-06
3.961597838974042e-06
1.251390758213874e-05
2.421643645285121e-05
2.932592629784614e-05
2.476749632349289e-05
1.743949524991253e-05
1.146298170844821e-05
7.48322432602439e-06
4.998569170133262e-06
3.500544370553568e-06
2.607850946333037e-06
2.085044276638247e-06
1.789615420736055e-06
1.657326505082192e-06
1.662223121895464e-06
1.820381332212815e-06
2.159679211771918e-06
2.749594211319542e-06
3.750465459953481e-06
5.435131643773e-06
8.258339101117364e-06
1.283492152906406e-05
1.973711740611829e-05
2.814967295395864e-05
3.319266230579735e-05
2.76601978770361e-05
1.369268336018706e-05
3.929877911940476e-06
9.484222414533739e-07
3.430411445367879e-07
1.156496660419719e-07
3.72151287561019e-08
1.317180847621431e-08
0
0
0
0
0
0
0
0
0
0
0
0
0
0
0
0
0
0
0
0
0
0
0
0
0
0
0
0
0
0
0
0
0
0
0
0
0
0
0
0
0
0
0
0
0
3.209632249016524e-08
8.430954517183018e-08
2.431249413226183e-07
6.04027972572437e-07
1.573553962448778e-06
4.925714418281505e-06
1.30610773525178e-05
2.357702489781209e-05
2.976093539059353e-05
2.908493962813302e-05
2.445738472431972e-05
1.933057324004012e-05
1.516432689638126e-05
1.225143631807072e-05
1.036438860212967e-05
9.223825915731754e-06
8.667209869482046e-06
8.691139935569072e-06
9.329629880273572e-06
1.064507356135242e-05
1.284560563747768e-05
1.605756925976288e-05
2.069986723386755e-05
2.647561393634528e-05
3.17466425655143e-05
3.244106095264089e-05
2.564901755594767e-05
1.416289599130939e-05
5.263638502043457e-06
1.587274848693536e-06
5.500221324944873e-07
2.249155605067666e-07
7.610481050510362e-08
2.743988571762468e-08
0
0
0
0
0
0
0
0
0
0
0
0
0
0
0
0
0
0
0
0
0
0
0
0
0
0
0
0
0
0
0
0
0
0
0
0
0
0
0
0
0
0
0
0
0
0
0
0
2.260324580638853e-08
5.178652863995324e-08
1.280846901900047e-07
3.017027442995981e-07
6.193400278948976e-07
1.401114880934408e-06
3.77771031036994e-06
9.063902896237139e-06
1.714430500676412e-05
2.485781360296469e-05
2.960697241677553e-05
3.121314443884111e-05
3.062487970095996e-05
2.936320175456226e-05
2.81922456229674e-05
2.746047575948482e-05
2.76208805874078e-05
2.844441654255702e-05
3.016117519395993e-05
3.16772492381865e-05
3.272906622247742e-05
3.127740700855067e-05
2.659984037879009e-05
1.850136092727882e-05
9.922330753345637e-06
4.103900584170247e-06
1.377630126324539e-06
5.883209664855215e-07
2.422663788667495e-07
1.140280704895905e-07
4.058658629090495e-08
1.824975324427517e-08
0
0
0
0
0
0
0
0
0
0
0
0
0
0
0
0
0
0
0
0
0
0
0
0
0
0
0
0
0
0
0
0
0
0
0
0
0
0
0
0
0
0
0
0
0
0
0
0
0
0
0
3.078238835474301e-08
6.204425265828568e-08
1.351835636955531e-07
2.717106175277277e-07
4.816043518604726e-07
8.240859032721774e-07
1.655781826787806e-06
3.622918392091959e-06
7.060597921135367e-06
1.125235134756524e-05
1.515909877111532e-05
1.854520134544624e-05
2.060398666083518e-05
2.178104242357111e-05
2.185888782760221e-05
2.091171113946974e-05
1.864536832254196e-05
1.536699812076327e-05
1.12538163262092e-05
7.104719861548034e-06
3.788256387018371e-06
1.718656219864384e-06
8.543741507803658e-07
4.610196876213777e-07
2.690381364385496e-07
1.275802123929625e-07
5.256814504430172e-08
2.313502314378668e-08
0
0
0
0
0
0
0
0
0
0
0
0
0
0
0
0
0
0
0
0
0
0
0
0
0
0
0
0
0
0
0
0
0
0
0
0
0
0
0
0
0
0
0
0
0
0
0
0
0
0
0
0
0
0
0
2.875361456643686e-08
5.025260284488944e-08
9.530305457277728e-08
1.752329839252672e-07
2.839441246760393e-07
4.115840565155733e-07
5.754520584676766e-07
8.432885733068973e-07
1.236366902925823e-06
1.602495710470894e-06
2.063888410512312e-06
2.331404982161433e-06
2.342069891601922e-06
2.046151456973591e-06
1.58951968735196e-06
1.156663159662333e-06
8.012893354654074e-07
5.434387606086432e-07
3.856088137174869e-07
2.537428005703677e-07
1.562182495087448e-07
8.316684264472515e-08
4.132915667569163e-08
2.149325686249729e-08
0
0
0
0
0
0
0
0
0
0
0
0
0
0
0
0
0
0
0
0
0
0
0
0
0
0
0
0
0
0
0
0
0
0
0
0
0
0
0
0
0
0
0
0
0
0
0
0
0
0
0
0
0
0
0
0
0
0
0
2.139082112017663e-08
3.183731300587996e-08
4.99729797058426e-08
7.669038163467948e-08
1.133081511453732e-07
1.54951042720788e-07
2.006856453078297e-07
2.621135460993512e-07
3.163039653616576e-07
3.56575108802702e-07
3.640888201980707e-07
3.300760554616458e-07
2.888929052873609e-07
2.325987937231142e-07
1.756704805718507e-07
1.165146541977461e-07
6.90009998338428e-08
3.962184788537789e-08
2.205533284423552e-08
1.515493132312467e-08
0
0
0
0
0
0
0
0
0
0
0
0
0
0
0
0
0
0
0
0
0
0
0
0
0
0
0
0
0
0
0
0
0
0
0
0
0
0
0
0
0
0
0
0
0
0
0
0
0
0
0
0
0
0
0
0
0
0
0
0
0
0
0
0
1.405512869098478e-08
1.671949840142129e-08
2.14440001429088e-08
2.972592479490339e-08
3.859664358098108e-08
4.861404525044351e-08
5.496519914050197e-08
5.708088579842159e-08
5.298367060963232e-08
4.413485673782444e-08
3.392823938309342e-08
2.401413263846877e-08
1.717664469089877e-08
1.391766345658376e-08
0
0
0
0
0
0
0
0
0
0
0
0
0
0
0
0
0
0
0
0
0
0
0
0
0
0
0
0
0
0
0
0
0
0
0
0
0
0
0
0
0
0
0
0
0
0
0
0
0
0
0
0
0
0
0
0
0
0
0
0
0
0
0
0
0
0
0
0
0
0
0
0
0
0
0
0
0
0
0
0
0
0
0
0
0
0
0
0
0
0
0
0
0
0
0
0
0
0
0
0
0
0
0
0
0
0
0
0
0
0
0
0
0
0
0
0
0
0
0
0
0
0
0
0
0
0
0
0
0
0
0
0
0
0
0
0
0
0
0
0
0
0
0
0
0
0
0
0
0
0
0
0
0
0
0
0
0
0
0
0
0
0
0
0
0
0
0
0
0
0
0
0
0
0
0
0
0
0
0
0
0
0
0
0
0
0
0
0
0
0
0
0
0
0
0
0
0
0
0
0
0
0
0
0
0
0
0
0
0
0
0
0
0
0
0
0
0
0
0
0
0
0
0
0
0
0
0
0
0
0
0
0
0
0
0
0
0
0
0
0
0
0
0
0
0
0
0
0
0
0
0
0
0
0
0
0
0
0
0
0
0
0
0
0
0
0
0
0
0
0
0
0
0
0
0
0
0
0
0
0
0
0
0
0
0
0
0
0
0
0
0
0
0
0
0
0
0
0
0
0
0
0
0
0
0
0
0
0
0
0
0
0
0
0
0
0
0
0
0
0
0
0
0
0
0
0
0
0
0
0
0
0
0
0
0
0
0
0
0
0
0
0
0
0
0
0
0
0
0
0
0
0
0
0
0
0
0
0
0
0
0
0
0
0
0
0
0
0
0
0
0
0
0
0
0
0
0
0
0
0
0
0
0
0
0
0
0
0
0
0
0
0
0
0
0
0
0
0
0
0
0
0
0
0
0
0
0
0
0
0
0
0
0
0
0
0
0
0
0
0
0
0
0
0
0
0
0
0
0
0
0
0
0
0
0
0
0
0
0
0
0
0
0
0
0
0
0
0
0
0
0
0
0
0
0
0
0
0
0
0
0
0
0
0
0
0
0
0
0
0
0
0
0
0
0
0
0
0
0
0
0
0
0
0
0
0
0
0
0
0
0
0
0
0
0
0
0
0
0
0
0
0
0
0
0
0
0
0
0
0
0
0
0
0
0
0
0
0
0
0
0
0
0
0
0
0
0
0
0
0
0
0
0
0
0
0
0
0
0
0
0
0
0
0
0
0
0
0
0
0
0
0
0
0
0
0
0
0
0
0
0
0
0
0
0
0
0
0
0
0
0
0
0
0
0
0
0
0
0
0
0
0
0
0
0
0
0
0
0
0
0
0
0
0
0
0
0
0
0
0
0
0
0
0
0
0
0
0
0
0
0
0
0
0
0
0
0
0
0
0
0
0
0
0
0
0
0
0
0
0
0
0
0
0
0
0
0
0
0
0
0
0
0
0
0
0
0
0
0
0
0
0
0
0
0
0
0
0
0
0
0
0
0
0
0
0
0
0
0
0
0
0
0
0
0
0
0
0
0
0
0
0
0
0
0
0
0
0
0
0
0
0
0
0
0
0
0
0
0
0
0
0
0
0
0
0
0
0
0
0
0
0
0
0
0
0
0
0
0
0
0
0
0
0
0
0
0
0
0
0
0
0
0
0
0
0
0
0
0
0
0
0
0
0
0
0
0
0
0
0
0
0
0
0
0
0
0
0
0
0
0
0
0
0
0
0
0
0
0
0
0
0
0
0
0
0
0
0
0
0
0
0
0
0
0
0
0
0
0
0
0
0
0
0
0
0
0
0
0
0
0
0
0
0
0
0
0
0
0
0
0
0
0
0
0
0
0
0
0
0
0
0
0
0
0
0
0
0
0
0
0
0
0
0
0
0
0
0
0
0
0
0
0
0
0
0
0
0
0
0
0
0
0
0
0
0
0
0
0
0
0
0
0
0
0
0
0
0
0
0
0
0
0
0
0
0
0
0
0
0
0
0
0
0
0
0
0
0
0
0
0
0
0
0
0
0
0
0
0
0
0
0
0
0
0
0
0
0
0
0
0
0
0
0
0
0
0
0
0
0
0
0
0
0
0
0
0
0
0
0
0
0
0
0
0
0
0
0
0
0
0
0
0
0
0
0
0
0
0
0
0
0
0
0
0
0
0
0
0
0
0
0
0
0
0
0
0
0
0
0
0
0
0
0
0
0
0
0
0
0
0
0
0
0
0
0
0
0
0
0
0
0
0
0
0
0
0
0
0
0
0
0
0
0
0
0
0
0
0
0
0
0
0
0
0
0
0
0
0
0
0
0
0
0
0
0
0
0
0
0
0
0
0
0
0
0
0
0
0
0
0
0
0
0
0
0
0
0
0
0
0
0
0
0
0
0
0
0
0
0
0
0
0
0
0
0
0
0
0
0
0
0
0
0
0
0
0
0
0
0
0
0
0
0
0
0
0
0
0
0
0
0
0
0
0
0
0
0
0
0
0
0
0
0
0
0
0
0
0
0
0
0
0
0
0
0
0
0
0
0
0
0
0
0
0
0
0
0
0
0
0
0
0
0
0
0
0
0
0
0
0
0
0
0
0
0
0
0
0
0
0
0
0
0
0
0
0
0
0
0
0
0
0
0
0
0
0
0
0
0
0
0
0
0
0
0
0
0
0
0
0
0
0
0
0
0
0
0
0
0
0
0
0
0
0
0
0
0
0
0
0
0
0
0
0
0
0
0
0
0
0
0
0
0
0
0
0
0
0
0
0
0
0
0
0
0
0
0
0
0
0
0
0
0
0
0
0
0
0
0
0
0
0
0
0
0
0
0
0
0
0
0
0
0
0
0
0
0
0
0
0
0
0
0
0
0
0
0
0
0
0
0
0
0
0
0
0
0
0
0
0
0
0
0
0
0
0
0
0
0
0
0
0
0
0
0
0
0
0
0
0
0
0
0
0
0
0
0
0
0
0
0
0
0
0
0
0
0
0
0
0
0
0
0
0
0
0
0
0
0
0
0
0
0
0
0
0
0
0
0
0
0
0
0
0
0
0
0
0
0
0
0
0
0
0
0
0
0
0
0
0
0
0
0
0
0
0
0
0
0
0
0
0
0
0
0
0
0
0
0
0
0
0
0
0
0
0
0
0
0
0
0
0
0
0
0
0
0
0
0
0
0
0
0
0
0
0
0
0
0
0
0
0
0
0
0
0
0
0
0
0
0
0
0
0
0
0
0
0
0
0
0
0
0
0
0
0
0
0
0
0
0
0
0
0
0
0
0
0
0
0
0
0
0
0
0
0
0
0
0
0
0
0
0
0
0
0
0
0
0
0
0
0
0
0
0
0
0
0
0
0
0
0
0
0
0
0
0
0
0
0
0
0
0
0
0
0
0
0
0
0
0
0
0
0
0
0
0
0
0
0
0
0
0
0
0
0
0
0
0
0
0
0
0
0
0
0
0
0
0
0
0
0
0
0
0
0
0
0
0
0
0
0
0
0
0
0
0
0
0
0
0
0
0
0
0
0
0
0
0
0
0
0
0
0
0
0
0
0
0
0
0
0
0
0
0
0
0
0
0
0
0
0
0
0
0
0
0
0
0
0
0
0
0
0
0
0
0
0
0
0
0
0
0
0
0
0
0
0
0
0
0
0
0
0
0
0
0
0
0
0
0
0
0
0
0
0
0
0
0
0
0
0
0
0
0
0
0
0
0
0
0
0
0
0
0
0
0
0
0
0
0
0
0
0
0
0
0
0
0
0
0
0
0
0
0
0
0
0
0
0
0
0
0
0
0
0
0
0
0
0
0
0
0
0
0
0
0
0
0
0
0
0
0
0
0
0
0
0
0
0
0
0
0
0
0
0
0
0
0
0
0
0
0
0
0
0
0
0
0
0
0
0
0
0
0
0
0
0
0
0
0
0
0
0
0
0
0
0
0
0
0
0
0
0
0
0
0
0
0
0
0
0
0
0
0
0
0
0
0
0
0
0
0
0
0
0
0
0
0
0
0
0
0
0
0
0
0
0
0
0
0
0
0
0
0
0
0
0
0
0
0
0
0
0
0
0
0
0
0
0
0
0
0
0
0
0
0
0
0
0
0
0
0
0
0
0
0
0
0
0
0
0
0
0
0
0
0
0
0
0
0
0
0
0
0
0
0
0
0
0
0
0
0
0
0
0
0
0
0
0
0
0
0
0
0
0
0
0
0
0
0
0
0
0
0
0
0
0
0
0
0
0
0
0
0
0
0
0
0
0
0
0
0
0
0
0
0
0
0
0
0
0
0
0
0
0
0
0
0
0
0
0
0
0
0
0
0
0
0
0
0
0
0
0
0
0
0
0
0
0
0
0
0
0
0
0
0
0
0
0
0
0
0
0
0
0
0
0
0
0
0
0
0
0
0
0
0
0
0
0
0
0
0
0
0
0
0
0
0
0
0
0
0
0
0
0
0
0
0
0
0
0
0
0
0
0
0
0
0
0
0
0
0
0
0
0
0
0
0
0
0
0
0
0
0
0
0
0
0
0
0
0
0
0
0
0
0
0
0
0
1.629455069139503e-08
1.879494823184348e-08
2.576335342941674e-08
3.464691983227831e-08
3.490100863681284e-08
3.404233579386776e-08
4.048666296952751e-08
6.033916196301529e-08
5.192571483994466e-08
4.670764147535737e-08
3.716023750689457e-08
3.074846788255861e-08
2.096361938826609e-08
1.442763251466233e-08
0
0
0
0
0
0
0
0
0
0
0
0
0
0
0
0
0
0
0
0
0
0
0
0
0
0
0
0
0
0
0
0
0
0
0
0
0
0
0
0
0
0
0
0
0
0
0
0
0
0
0
0
0
0
0
0
0
0
0
0
0
0
0
0
1.652399268289756e-08
3.319591529391768e-08
5.697533658316931e-08
8.585298730154033e-08
1.262448168364595e-07
1.924424945381435e-07
2.510664214160807e-07
2.670027441312039e-07
2.541563450309801e-07
2.997510508217575e-07
3.695101752167455e-07
3.25567616869331e-07
3.104757995049232e-07
2.586434687703201e-07
2.334480550673592e-07
1.678716156032147e-07
1.011558944167414e-07
5.433302618532832e-08
2.765528097411916e-08
1.627340510195506e-08
0
0
0
0
0
0
0
0
0
0
0
0
0
0
0
0
0
0
0
0
0
0
0
0
0
0
0
0
0
0
0
0
0
0
0
0
0
0
0
0
0
0
0
0
0
0
0
0
0
0
0
0
0
0
0
0
0
0
0
2.502381852103084e-08
4.512059850936106e-08
1.02472497154746e-07
2.176208063537689e-07
3.735795848344426e-07
5.574684225804439e-07
7.292190684519655e-07
1.006686258528503e-06
1.327602286791e-06
1.653793041333439e-06
1.910211043348536e-06
2.214857712031763e-06
2.368009610585407e-06
2.285951793868504e-06
1.89289397263834e-06
1.576691987631118e-06
1.218399557769199e-06
7.792417824807322e-07
5.55347063014056e-07
3.370742308111835e-07
1.828985282056352e-07
8.298361534319737e-08
3.90002887519658e-08
2.101392440709443e-08
0
0
0
0
0
0
0
0
0
0
0
0
0
0
0
0
0
0
0
0
0
0
0
0
0
0
0
0
0
0
0
0
0
0
0
0
0
0
0
0
0
0
0
0
0
0
0
0
0
0
0
0
0
0
0
2.444891832690563e-08
5.383914735750715e-08
1.295902554493817e-07
2.980990477485728e-07
6.262965403023244e-07
1.213996119919726e-06
2.082249792092441e-06
3.882703656274033e-06
6.538089321535137e-06
9.823343582497675e-06
1.286839595585206e-05
1.656532599181021e-05
1.962010360040999e-05
2.005968052636724e-05
2.035314743848206e-05
2.003321021277532e-05
1.978198247700052e-05
1.665427712745721e-05
1.215586552888387e-05
7.712195823862144e-06
4.120681523624284e-06
1.989987860037671e-06
9.04581877598339e-07
5.008361283532454e-07
2.534529522971765e-07
1.153126655971356e-07
5.084021040982329e-08
2.529525038556095e-08
0
0
0
0
0
0
0
0
0
0
0
0
0
0
0
0
0
0
0
0
0
0
0
0
0
0
0
0
0
0
0
0
0
0
0
0
0
0
0
0
0
0
0
0
0
0
0
0
0
0
0
1.882452713157215e-08
4.163944519349006e-08
1.18715664880686e-07
2.895432576289565e-07
6.927597614673017e-07
1.600763627920402e-06
4.162289613696369e-06
8.726450074020703e-06
1.467399446909783e-05
2.133247171459636e-05
2.491018064217972e-05
2.579295859311581e-05
2.527288659088224e-05
2.542842759057597e-05
2.517473006428065e-05
2.455372100004445e-05
2.470590281242381e-05
2.623325717259112e-05
2.901703296125441e-05
3.115643493581446e-05
3.183654813736267e-05
3.030232647676092e-05
2.630911920253702e-05
1.830005327831622e-05
9.866135139129293e-06
4.110775699708303e-06
1.487736410598976e-06
6.239313220224251e-07
2.869980464836541e-07
1.197495041692585e-07
4.786065295626483e-08
2.001454288068049e-08
0
0
0
0
0
0
0
0
0
0
0
0
0
0
0
0
0
0
0
0
0
0
0
0
0
0
0
0
0
0
0
0
0
0
0
0
0
0
0
0
0
0
0
0
0
0
0
0
2.636062657074104e-08
7.397980328575598e-08
2.296622362940052e-07
6.423226707194513e-07
1.682430846851012e-06
4.847218722728746e-06
1.186407291494134e-05
2.016392122122784e-05
2.384956074278921e-05
2.270349983936873e-05
1.953562172409336e-05
1.554683471197102e-05
1.221897087043873e-05
9.902455418455429e-06
8.660649520748585e-06
7.915238599034361e-06
7.503493639997367e-06
7.611194885092227e-06
8.354774797482386e-06
9.784378104089713e-06
1.188184409335178e-05
1.504390542120692e-05
1.968505261898687e-05
2.533258749397058e-05
3.005091123722599e-05
3.064799686920948e-05
2.442236967564994e-05
1.375658924185675e-05
5.283818592774701e-06
1.617117864517962e-06
6.243506213515763e-07
2.562074690043248e-07
9.326139602858662e-08
3.336385465921467e-08
0
0
0
0
0
0
0
0
0
0
0
0
0
0
0
0
0
0
0
0
0
0
0
0
0
0
0
0
0
0
0
0
0
0
0
0
0
0
0
0
0
0
0
0
0
1.399025518927717e-08
3.916586700181826e-08
1.336406895272503e-07
4.038060374973859e-07
1.160351894123116e-06
3.865000398869715e-06
1.142464938798366e-05
2.100968118468062e-05
2.419871374528974e-05
1.988982645987221e-05
1.358397359629017e-05
8.84166697156556e-06
5.83491706984065e-06
3.91317313188842e-06
2.749265568519747e-06
2.055500289359805e-06
1.692501180073656e-06
1.498504520487076e-06
1.411652154841633e-06
1.434871951898907e-06
1.598830210964623e-06
1.931767695639235e-06
2.477021702647242e-06
3.390932247630122e-06
4.982043602452482e-06
7.615545244489635e-06
1.179088152872923e-05
1.794548696615949e-05
2.557126131079891e-05
3.074645730510141e-05
2.582265813834004e-05
1.323078553176619e-05
4.275321559621396e-06
1.220596903540692e-06
4.088900089205965e-07
1.327670006311387e-07
4.046947642372305e-08
1.539477442215618e-08
0
0
0
0
0
0
0
0
0
0
0
0
0
0
0
0
0
0
0
0
0
0
0
0
0
0
0
0
0
0
0
0
0
0
0
0
0
0
0
0
0
0
1.541247889266551e-08
4.834169763682519e-08
1.736596084228718e-07
5.646740230423785e-07
1.989474541749793e-06
7.515539967733592e-06
1.827909429038926e-05
2.405723324324085e-05
1.937768105572251e-05
1.19934210360067e-05
6.655264719594438e-06
3.57776222020795e-06
1.96426436864781e-06
1.144001431770153e-06
7.093583184252593e-07
4.673602568153915e-07
3.344729119031032e-07
0
0
0
0
0
0
4.030809545806762e-07
5.784946515896761e-07
8.995179763024041e-07
1.504176521292203e-06
2.649536393469917e-06
4.804613485626933e-06
8.851702691773295e-06
1.57590470007248e-05
2.509446490275583e-05
3.036601947320156e-05
2.196112311326307e-05
8.149287394616068e-06
1.963686847987529e-06
5.352292184486558e-07
1.650927117338528e-07
5.08992042311178e-08
1.643828619082073e-08
0
0
0
0
0
0
0
0
0
0
0
0
0
0
0
0
0
0
0
0
0
0
0
0
0
0
0
0
0
0
0
0
0
0
0
0
0
0
0
0
1.619715776280077e-08
5.37496517343984e-08
2.037668683515523e-07
7.313385464600605e-07
2.959406657149082e-06
1.131630513865982e-05
2.241571699323934e-05
2.20312299869776e-05
1.354383683938805e-05
6.8263414171662e-06
3.183592599200017e-06
1.478402576019426e-06
7.017629906943123e-07
3.522499797314566e-07
0
0
0
0
0
0
0
0
0
0
0
0
0
0
4.70930108651777e-07
9.485009416121838e-07
1.99228916260456e-06
4.271334878071037e-06
9.007060410476679e-06
1.749690339468082e-05
2.744875192829016e-05
2.716333351808557e-05
1.25748626395944e-05
2.965942154702503e-06
6.744809786352693e-07
2.033831732412629e-07
5.469686626519117e-08
1.645800888291083e-08
0
0
0
0
0
0
0
0
0
0
0
0
0
0
0
0
0
0
0
0
0
0
0
0
0
0
0
0
0
0
0
0
0
0
0
0
0
0
1.443972740694588e-08
4.890130395412113e-08
2.026631081613394e-07
7.899686588724207e-07
3.598201835565403e-06
1.401471699751237e-05
2.404280705876486e-05
1.889939845703047e-05
9.6594571017962e-06
4.120389128533275e-06
1.655303333550381e-06
6.66043185006809e-07
2.787964669136018e-07
0
0
0
0
0
0
0
0
0
0
0
0
0
0
0
0
0
0
3.737744375062867e-07
8.96043375188319e-07
2.204247505212823e-06
5.379393386797133e-06
1.225985977876839e-05
2.343269798977864e-05
2.908446655102749e-05
1.637933900917953e-05
3.898546653358373e-06
8.266559484641825e-07
2.185884753125969e-07
5.140473778710292e-08
1.585604342594123e-08
0
0
0
0
0
0
0
0
0
0
0
0
0
0
0
0
0
0
0
0
0
0
0
0
0
0
0
0
0
0
0
0
0
0
0
0
0
4.48070558295509e-08
1.926702981293999e-07
7.945873547902152e-07
3.797613422843209e-06
1.549326641390915e-05
2.445489364679316e-05
1.659622586311488e-05
7.392885682292021e-06
2.781876355898579e-06
9.824168868552282e-07
3.461764681122045e-07
0
0
0
0
0
0
0
0
0
0
0
0
0
0
0
0
0
0
0
0
0
0
4.580542903374305e-07
1.281847030751342e-06
3.555097938244447e-06
9.269542474150678e-06
2.029721386989543e-05
2.914121782733065e-05
1.769366747679418e-05
4.080971950331032e-06
7.980325715317621e-07
1.957523995206183e-07
4.618892097079542e-08
0
0
0
0
0
0
0
0
0
0
0
0
0
0
0
0
0
0
0
0
0
0
0
0
0
0
0
0
0
0
0
0
0
0
0
0
3.403434396692538e-08
1.57093251280656e-07
6.710131892259348e-07
3.391837316598625e-06
1.522271570253303e-05
2.462195519255568e-05
1.562825288876805e-05
6.316385093710423e-06
2.134880479856585e-06
6.760349373632425e-07
0
0
0
0
0
0
0
0
0
0
0
0
0
0
0
0
0
0
0
0
0
0
0
0
0
0
8.637345297758013e-07
2.689915056189825e-06
7.812135003416091e-06
1.881232987947028e-05
2.880899911504939e-05
1.709554176194833e-05
3.549043742382714e-06
6.729525188128196e-07
1.606593068964744e-07
3.695659410800673e-08
0
0
0
0
0
0
0
0
0
0
0
0
0
0
0
0
0
0
0
0
0
0
0
0
0
0
0
0
0
0
0
0
0
0
2.001784295885824e-08
1.046453141225835e-07
4.878309269681597e-07
2.502791957812149e-06
1.316531827534653e-05
2.487526777337927e-05
1.607547434386468e-05
6.150469784968261e-06
1.904162713665592e-06
5.452899325656178e-07
0
0
0
0
0
0
0
0
0
0
0
0
0
0
0
0
0
0
0
0
0
0
0
0
0
0
0
0
6.846769103978451e-07
2.365454315952758e-06
7.491501020571292e-06
1.918127741729216e-05
2.887757914193102e-05
1.460530342864647e-05
2.570419830804484e-06
4.991676689542216e-07
1.09075009250149e-07
2.430564460219669e-08
0
0
0
0
0
0
0
0
0
0
0
0
0
0
0
0
0
0
0
0
0
0
0
0
0
0
0
0
0
0
0
0
0
5.725774505664986e-08
3.018139123899223e-07
1.498807734638489e-06
9.56496603187609e-06
2.453244042203874e-05
1.809016018823861e-05
6.870529633832845e-06
1.999376160353691e-06
5.255505227363485e-07
0
0
0
0
0
0
0
0
0
0
0
0
0
0
0
0
0
0
0
0
0
0
0
0
0
0
0
0
0
0
6.491278887261642e-07
2.440989112169122e-06
8.247603399744469e-06
2.129591344325377e-05
2.80842068162224e-05
1.04858588562407e-05
1.590337280349221e-06
3.234489330852175e-07
6.375742116209659e-08
1.532526412386182e-08
0
0
0
0
0
0
0
0
0
0
0
0
0
0
0
0
0
0
0
0
0
0
0
0
0
0
0
0
0
0
0
0
1.70120614576369e-07
8.204985670390707e-07
5.540744951498013e-06
2.182750417228618e-05
2.136687371105057e-05
8.650763683567421e-06
2.45652706201646e-06
6.061295963368799e-07
0
0
0
0
0
0
0
0
0
0
0
0
0
0
0
0
0
0
0
0
0
0
0
0
0
0
0
0
0
0
0
0
7.348350313753357e-07
2.956210867739647e-06
1.0263364422041e-05
2.484737217259105e-05
2.466480209423026e-05
6.051145737122654e-06
8.851676818568078e-07
1.808254522569101e-07
3.439069067489906e-08
0
0
0
0
0
0
0
0
0
0
0
0
0
0
0
0
0
0
0
0
0
0
0
0
0
0
0
0
0
0
0
0
4.279572724858625e-07
2.563526818033346e-06
1.580658189856298e-05
2.502630062646031e-05
1.206439701156896e-05
3.495261940949887e-06
8.290019931973265e-07
0
0
0
0
0
0
0
0
0
0
0
0
0
0
0
0
0
0
0
0
0
0
0
0
0
0
0
0
0
0
0
0
0
0
9.936542983469641e-07
4.159101748277953e-06
1.409754728546966e-05
2.858200413441838e-05
1.75127082172385e-05
2.739686323385105e-06
4.628856241749932e-07
8.645124486829505e-08
1.903011407285739e-08
0
0
0
0
0
0
0
0
0
0
0
0
0
0
0
0
0
0
0
0
0
0
0
0
0
0
0
0
0
0
0
9.946034308176235e-07
8.047336464097079e-06
2.51267432856092e-05
1.761504282230954e-05
5.634054410440385e-06
1.333888650109349e-06
2.798454530009138e-07
0
0
0
0
0
0
0
0
0
0
0
0
0
0
0
0
0
0
0
0
0
0
0
0
0
0
0
0
0
0
0
0
0
0
3.320441912139565e-07
1.583623337104137e-06
6.621940695648755e-06
2.035385308483485e-05
2.840963858206029e-05
8.861459970925183e-06
1.078101417970206e-06
2.176622362836989e-07
3.727554017524984e-08
0
0
0
0
0
0
0
0
0
0
0
0
0
0
0
0
0
0
0
0
0
0
0
0
0
0
0
0
0
0
0
3.08191293369675e-06
1.786481281625566e-05
2.417524746373e-05
9.823326139507506e-06
2.460451994840316e-06
5.083562896452316e-07
0
0
0
0
0
0
0
0
0
0
0
0
0
0
0
0
0
0
0
0
0
0
0
0
0
0
0
0
0
0
0
0
0
0
0
0
6.006287471072288e-07
2.898197688072906e-06
1.143645354569717e-05
2.773672205485106e-05
2.004646495696002e-05
2.995478251364533e-06
4.65444473011562e-07
8.309567159374383e-08
1.69618411437044e-08
0
0
0
0
0
0
0
0
0
0
0
0
0
0
0
0
0
0
0
0
0
0
0
0
0
0
0
0
0
0
9.53536566648518e-06
2.560593095018238e-05
1.71613084727525e-05
5.00348130892656e-06
1.066424953824212e-06
0
0
0
0
0
0
0
0
0
0
0
0
0
0
0
0
0
0
0
0
0
0
0
0
0
0
0
0
0
0
0
0
0
0
0
0
0
0
1.257183992459973e-06
5.866047513327196e-06
1.988230930089532e-05
2.89639145793965e-05
8.294704071656275e-06
9.099347335900088e-07
1.814352982800109e-07
2.920720954126895e-08
0
0
0
0
0
0
0
0
0
0
0
0
0
0
0
0
0
0
0
0
0
0
0
0
0
0
0
0
0
0
2.144859601895758e-05
2.604782905320394e-05
1.065182881893964e-05
2.514316202441328e-06
4.76183185064506e-07
0
0
0
0
0
0
0
0
0
0
0
0
0
0
0
0
0
0
0
0
0
0
0
0
0
0
0
0
0
0
0
0
0
0
0
0
0
0
5.606358736733129e-07
2.950138995809301e-06
1.236280133859916e-05
2.934266806549385e-05
1.707925350499803e-05
2.0306822025241e-06
3.444046473315072e-07
5.565299557019408e-08
0
0
0
0
0
0
0
0
0
0
0
0
0
0
0
0
0
0
0
0
0
0
0
0
0
0
0
0
0
0
3.392656933959773e-05
2.137885355277854e-05
6.334349422418379e-06
1.290493533163627e-06
0
0
0
0
0
0
0
0
0
0
0
0
0
0
0
0
0
0
0
0
0
0
0
0
0
0
0
0
0
0
0
0
0
0
0
0
0
0
0
0
1.516493017328576e-06
7.347508382648986e-06
2.373135684724365e-05
2.601081494934735e-05
4.710855169912547e-06
5.661476235603314e-07
1.026556822314755e-07
1.885465006521655e-08
0
0
0
0
0
0
0
0
0
0
0
0
0
0
0
0
0
0
0
0
0
0
0
0
0
0
0
0
0
4.068544554462044e-05
1.582932902358321e-05
3.778996381397962e-06
6.92345655736877e-07
0
0
0
0
0
0
0
0
0
0
0
0
0
0
0
0
0
0
0
0
0
0
0
0
0
0
0
0
0
0
0
0
0
0
0
0
0
0
0
0
8.147308549953522e-07
4.391053867037429e-06
1.73616177765975e-05
3.041584192708959e-05
9.556310814613946e-06
9.226681868272076e-07
1.786290103409344e-07
2.685631242049718e-08
0
0
0
0
0
0
0
0
0
0
0
0
0
0
0
0
0
0
0
0
0
0
0
0
0
0
0
0
0
4.073204900401292e-05
1.137059862132795e-05
2.332238829873467e-06
3.938926817273139e-07
0
0
0
0
0
0
0
0
0
0
0
0
0
0
0
0
0
0
0
0
0
0
0
0
0
0
0
0
0
0
0
0
0
0
0
0
0
0
0
0
4.660451180898933e-07
2.71611641661411e-06
1.232541063822914e-05
3.017441617242781e-05
1.58812867435075e-05
1.556149884136328e-06
2.816158376125981e-07
4.179947902570613e-08
0
0
0
0
0
0
0
0
0
0
0
0
0
0
0
0
0
0
0
0
0
0
0
0
0
0
0
0
0
3.685089630333878e-05
8.270130195406194e-06
1.518183402735432e-06
0
0
0
0
0
0
0
0
0
0
0
0
0
0
0
0
0
0
0
0
0
0
0
0
0
0
0
0
0
0
0
0
0
0
0
0
0
0
0
0
0
0
1.772179426442301e-06
8.898852267598422e-06
2.724502179970351e-05
2.193454213801112e-05
2.690797197875183e-06
3.942034428341001e-07
6.185041526581723e-08
0
0
0
0
0
0
0
0
0
0
0
0
0
0
0
0
0
0
0
0
0
0
0
0
0
0
0
0
0
3.207388156991479e-05
6.249841357626981e-06
1.059179127916668e-06
0
0
0
0
0
0
0
0
0
0
0
0
0
0
0
0
0
0
0
0
0
0
0
0
0
0
0
0
0
0
0
0
0
0
0
0
0
0
0
0
0
0
1.235440160771225e-06
6.671242723014521e-06
2.37332855561458e-05
2.656600523360929e-05
4.27699143610706e-06
5.092007573166688e-07
8.410994801376478e-08
1.555210512177316e-08
0
0
0
0
0
0
0
0
0
0
0
0
0
0
0
0
0
0
0
0
0
0
0
0
0
0
0
0
2.788776124004537e-05
4.970220052656419e-06
7.975002659328365e-07
0
0
0
0
0
0
0
0
0
0
0
0
0
0
0
0
0
0
0
0
0
0
0
0
0
0
0
0
0
0
0
0
0
0
0
0
0
0
0
0
0
0
9.28632757249299e-07
5.283104507706146e-06
2.070619376607749e-05
2.940001724915354e-05
6.103280689743516e-06
6.181099647584859e-07
1.090033240782437e-07
1.5964296048788e-08
0
0
0
0
0
0
0
0
0
0
0
0
0
0
0
0
0
0
0
0
0
0
0
0
0
0
0
0
2.486681490930859e-05
4.196952118651787e-06
6.499360826470392e-07
0
0
0
0
0
0
0
0
0
0
0
0
0
0
0
0
0
0
0
0
0
0
0
0
0
0
0
0
0
0
0
0
0
0
0
0
0
0
0
0
0
0
7.560063529999389e-07
4.445147128214696e-06
1.856932833487149e-05
3.084990727878052e-05
7.773213338815177e-06
7.09706958330668e-07
1.327143081983488e-07
1.796486465489872e-08
0
0
0
0
0
0
0
0
0
0
0
0
0
0
0
0
0
0
0
0
0
0
0
0
0
0
0
0
2.311240936068844e-05
3.787778157805684e-06
5.745775018562164e-07
0
0
0
0
0
0
0
0
0
0
0
0
0
0
0
0
0
0
0
0
0
0
0
0
0
0
0
0
0
0
0
0
0
0
0
0
0
0
0
0
0
0
6.688974508428163e-07
4.00624250279519e-06
1.731512162396992e-05
3.152857525121136e-05
8.952824857806917e-06
7.720295781615279e-07
1.497652874675072e-07
1.935333092523246e-08
0
0
0
0
0
0
0
0
0
0
0
0
0
0
0
0
0
0
0
0
0
0
0
0
0
0
0
0
2.257549258899302e-05
3.666279441434918e-06
5.533256330861791e-07
0
0
0
0
0
0
0
0
0
0
0
0
0
0
0
0
0
0
0
0
0
0
0
0
0
0
0
0
0
0
0
0
0
0
0
0
0
0
0
0
0
0
6.4460471978366e-07
3.879586876710457e-06
1.697091949616554e-05
3.17724961715992e-05
9.413466714421521e-06
7.964153917072792e-07
1.535702621207859e-07
2.023667641194627e-08
0
0
0
0
0
0
0
0
0
0
0
0
0
0
0
0
0
0
0
0
0
0
0
0
0
0
0
0
