FiniteElementSpace
FiniteElementCollection: H1_3D_P1
VDim: 1
Ordering: 0

1.752381853338753e-07
9.715352653779459e-07
4.954142008645258e-06
1.832115240434843e-05
2.658694528423185e-05
1.160532119809412e-05
2.840251435327294e-06
6.114163650325037e-07
1.317513933337413e-07
0
0
0
0
0
0
0
0
0
0
0
0
0
0
0
0
0
0
0
0
0
0
0
0
0
0
0
0
0
0
0
0
1.317513933337413e-07
6.114163650325037e-07
2.840251435327294e-06
1.160532119809412e-05
2.658694528423185e-05
1.832115240434843e-05
4.954142008645258e-06
9.715352653779459e-07
1.752381853338753e-07
0
0
0
0
0
0
0
0
0
0
0
0
0
0
0
0
0
0
0
0
0
0
0
0
0
0
0
0
0
0
0
6.341287103306193e-08
3.439320987018854e-07
1.787299432555559e-06
8.148944522693928e-06
2.342604524209925e-05
2.349022808202096e-05
8.602040056172107e-06
2.127891638463098e-06
4.899794596155383e-07
1.147054911473165e-07
0
0
0
0
0
0
0
0
0
0
0
0
0
0
0
0
0
0
0
0
0
0
0
0
0
0
0
0
0
0
1.147054911473165e-07
4.899794596155383e-07
2.127891638463098e-06
8.602040056172107e-06
2.349022808202096e-05
2.342604524209925e-05
8.148944522693928e-06
1.787299432555559e-06
3.439320987018854e-07
6.341287103306193e-08
0
0
0
0
0
0
0
0
0
0
0
0
0
0
0
0
0
0
0
0
0
0
0
0
0
0
0
0
0
0
0
0
1.148446277057769e-07
5.879214988479107e-07
2.838089633660986e-06
1.142964849759286e-05
2.608457009207815e-05
2.073502365090847e-05
7.202509234895978e-06
1.876922508504073e-06
4.686658122304738e-07
1.201336867293046e-07
0
0
0
0
0
0
0
0
0
0
0
0
0
0
0
0
0
0
0
0
0
0
0
0
0
0
0
0
1.201336867293046e-07
4.686658122304738e-07
1.876922508504073e-06
7.202509234895978e-06
2.073502365090847e-05
2.608457009207815e-05
1.142964849759286e-05
2.838089633660986e-06
5.879214988479107e-07
1.148446277057769e-07
0
0
0
0
0
0
0
0
0
0
0
0
0
0
0
0
0
0
0
0
0
0
0
0
0
0
0
0
0
0
0
0
0
0
1.815407592970117e-07
8.723327692229718e-07
3.891602262011817e-06
1.39316597421972e-05
2.699352674372557e-05
1.946093100128169e-05
6.945443997619266e-06
1.957315701239356e-06
5.354577680571083e-07
1.512563756868765e-07
0
0
0
0
0
0
0
0
0
0
0
0
0
0
0
0
0
0
0
0
0
0
0
0
0
0
1.512563756868765e-07
5.354577680571083e-07
1.957315701239356e-06
6.945443997619266e-06
1.946093100128169e-05
2.699352674372557e-05
1.39316597421972e-05
3.891602262011817e-06
8.723327692229718e-07
1.815407592970117e-07
0
0
0
0
0
0
0
0
0
0
0
0
0
0
0
0
0
0
0
0
0
0
0
0
0
0
0
0
0
0
0
0
0
0
0
0
2.497060985389435e-07
1.121571703239829e-06
4.626072911730867e-06
1.508684286557749e-05
2.711658238237222e-05
1.988921276383023e-05
7.7392996841948e-06
2.409981311768565e-06
7.290361222983395e-07
2.281933173213206e-07
7.547450038581173e-08
0
0
0
0
0
0
0
0
0
0
0
0
0
0
0
0
0
0
0
0
0
0
7.547450038581173e-08
2.281933173213206e-07
7.290361222983395e-07
2.409981311768565e-06
7.7392996841948e-06
1.988921276383023e-05
2.711658238237222e-05
1.508684286557749e-05
4.626072911730867e-06
1.121571703239829e-06
2.497060985389435e-07
0
0
0
0
0
0
0
0
0
0
0
0
0
0
0
0
0
0
0
0
0
0
0
0
0
0
0
0
0
0
0
0
0
0
0
0
0
6.79822042486366e-08
2.982680136588688e-07
1.249077321011008e-06
4.78753694905108e-06
1.469707023272198e-05
2.668705434647678e-05
2.196389788143734e-05
9.860841632554909e-06
3.477050801242487e-06
1.175701103883531e-06
4.09976227449975e-07
1.512563756868765e-07
5.97014230816425e-08
0
0
0
0
0
0
0
0
0
0
0
0
0
0
0
0
0
0
5.97014230816425e-08
1.512563756868765e-07
4.09976227449975e-07
1.175701103883531e-06
3.477050801242487e-06
9.860841632554909e-06
2.196389788143734e-05
2.668705434647678e-05
1.469707023272198e-05
4.78753694905108e-06
1.249077321011008e-06
2.982680136588688e-07
6.79822042486366e-08
0
0
0
0
0
0
0
0
0
0
0
0
0
0
0
0
0
0
0
0
0
0
0
0
0
0
0
0
0
0
0
0
0
0
1.752381853338753e-07
9.715352653779459e-07
4.954142008645258e-06
1.832115240434843e-05
2.658694528423185e-05
1.160532119809412e-05
2.840251435327294e-06
6.114163650325037e-07
1.317513933337413e-07
0
0
0
0
0
0
0
0
0
0
0
0
0
0
0
0
0
0
0
0
0
0
0
0
0
0
0
0
0
0
0
0
1.317513933337413e-07
6.114163650325037e-07
2.840251435327294e-06
1.160532119809412e-05
2.658694528423185e-05
1.832115240434843e-05
4.954142008645258e-06
9.715352653779459e-07
1.752381853338753e-07
0
0
0
0
0
0
0
0
0
0
0
0
0
0
0
0
0
0
0
0
0
0
0
0
0
0
0
0
0
0
0
6.341287103306193e-08
3.439320987018854e-07
1.787299432555559e-06
8.148944522693928e-06
2.342604524209925e-05
2.349022808202096e-05
8.602040056172107e-06
2.127891638463098e-06
4.899794596155383e-07
1.147054911473165e-07
0
0
0
0
0
0
0
0
0
0
0
0
0
0
0
0
0
0
0
0
0
0
0
0
0
0
0
0
0
0
1.147054911473165e-07
4.899794596155383e-07
2.127891638463098e-06
8.602040056172107e-06
2.349022808202096e-05
2.342604524209925e-05
8.148944522693928e-06
1.787299432555559e-06
3.439320987018854e-07
6.341287103306193e-08
0
0
0
0
0
0
0
0
0
0
0
0
0
0
0
0
0
0
0
0
0
0
0
0
0
0
0
0
0
0
0
0
1.148446277057769e-07
5.879214988479107e-07
2.838089633660986e-06
1.142964849759286e-05
2.608457009207815e-05
2.073502365090847e-05
7.202509234895978e-06
1.876922508504073e-06
4.686658122304738e-07
1.201336867293046e-07
0
0
0
0
0
0
0
0
0
0
0
0
0
0
0
0
0
0
0
0
0
0
0
0
0
0
0
0
1.201336867293046e-07
4.686658122304738e-07
1.876922508504073e-06
7.202509234895978e-06
2.073502365090847e-05
2.608457009207815e-05
1.142964849759286e-05
2.838089633660986e-06
5.879214988479107e-07
1.148446277057769e-07
0
0
0
0
0
0
0
0
0
0
0
0
0
0
0
0
0
0
0
0
0
0
0
0
0
0
0
0
0
0
0
0
0
0
1.815407592970117e-07
8.723327692229718e-07
3.891602262011817e-06
1.39316597421972e-05
2.699352674372557e-05
1.946093100128169e-05
6.945443997619266e-06
1.957315701239356e-06
5.354577680571083e-07
1.512563756868765e-07
0
0
0
0
0
0
0
0
0
0
0
0
0
0
0
0
0
0
0
0
0
0
0
0
0
0
1.512563756868765e-07
5.354577680571083e-07
1.957315701239356e-06
6.945443997619266e-06
1.946093100128169e-05
2.699352674372557e-05
1.39316597421972e-05
3.891602262011817e-06
8.723327692229718e-07
1.815407592970117e-07
0
0
0
0
0
0
0
0
0
0
0
0
0
0
0
0
0
0
0
0
0
0
0
0
0
0
0
0
0
0
0
0
0
0
0
0
2.497060985389435e-07
1.121571703239829e-06
4.626072911730867e-06
1.508684286557749e-05
2.711658238237222e-05
1.988921276383023e-05
7.7392996841948e-06
2.409981311768565e-06
7.290361222983395e-07
2.281933173213206e-07
7.547450038581173e-08
0
0
0
0
0
0
0
0
0
0
0
0
0
0
0
0
0
0
0
0
0
0
7.547450038581173e-08
2.281933173213206e-07
7.290361222983395e-07
2.409981311768565e-06
7.7392996841948e-06
1.988921276383023e-05
2.711658238237222e-05
1.508684286557749e-05
4.626072911730867e-06
1.121571703239829e-06
2.497060985389435e-07
0
0
0
0
0
0
0
0
0
0
0
0
0
0
0
0
0
0
0
0
0
0
0
0
0
0
0
0
0
0
0
0
0
0
0
0
0
6.79822042486366e-08
2.982680136588688e-07
1.249077321011008e-06
4.78753694905108e-06
1.469707023272198e-05
2.668705434647678e-05
2.196389788143734e-05
9.860841632554909e-06
3.477050801242487e-06
1.175701103883531e-06
4.09976227449975e-07
1.512563756868765e-07
5.97014230816425e-08
0
0
0
0
0
0
0
0
0
0
0
0
0
0
0
0
0
0
5.97014230816425e-08
1.512563756868765e-07
4.09976227449975e-07
1.175701103883531e-06
3.477050801242487e-06
9.860841632554909e-06
2.196389788143734e-05
2.668705434647678e-05
1.469707023272198e-05
4.78753694905108e-06
1.249077321011008e-06
2.982680136588688e-07
6.79822042486366e-08
0
0
0
0
0
0
0
0
0
0
0
0
0
0
0
0
0
0
0
0
0
0
0
0
0
0
0
0
0
0
0
0
0
0
