FiniteElementSpace
FiniteElementCollection: H1_2D_P1
VDim: 1
Ordering: 0

1.086005345852292e-06
4.488738115423597e-06
1.342323629384846e-05
1.898222149126186e-05
2.976297310643839e-05
1.763118265449337e-05
3.488156396231007e-06
0
0
0
0
0
0
0
0
0
0
0
0
0
0
0
0
0
0
0
0
0
0
0
0
0
0
0
0
0
0
0
0
0
0
0
0
0
0
0
0
0
0
3.527467021990145e-06
1.787079826877974e-05
2.984802664161326e-05
1.896692293303578e-05
1.337951468398885e-05
4.521340257090433e-06
1.038642785573171e-06
1.652850208099521e-07
3.972718859506542e-08
0
0
0
0
0
0
0
0
0
0
0
0
0
0
0
0
0
0
0
0
0
0
0
0
0
0
0
0
0
0
0
0
0
0
0
0
0
0
0
3.432954720955268e-07
1.97722021703041e-06
7.323971005411722e-06
1.607220813495996e-05
1.969181385204073e-05
2.38934770887666e-05
1.114712407138182e-05
2.779919762649441e-06
0
0
0
0
0
0
0
0
0
0
0
0
0
0
0
0
0
0
0
0
0
0
0
0
0
0
0
0
0
0
0
0
0
0
0
0
0
0
0
0
2.791978565929151e-06
1.127071444306038e-05
2.408913418978407e-05
1.971272821845901e-05
1.599997080798678e-05
7.336408795613328e-06
1.955354591953574e-06
3.60008788022797e-07
7.872843435350994e-08
0
0
0
0
0
0
0
0
0
0
0
0
0
0
0
0
0
0
0
0
0
0
0
0
0
0
0
0
0
0
0
0
0
0
0
0
0
0
0
0
1.414872918804173e-07
6.803405028993541e-07
3.242393779167583e-06
1.018356641981359e-05
1.786306886604511e-05
2.581680194271713e-05
2.236653654785577e-05
8.401633678410928e-06
0
0
0
0
0
0
0
0
0
0
0
0
0
0
0
0
0
0
0
0
0
0
0
0
0
0
0
0
0
0
0
0
0
0
0
0
0
0
0
0
8.483558662155218e-06
2.235552071478971e-05
2.560659838035218e-05
1.779662995904202e-05
1.013759752289035e-05
3.244224588393146e-06
6.812251427371084e-07
1.372877557044636e-07
2.743466782989317e-08
0
0
0
0
0
0
0
0
0
0
0
0
0
0
0
0
0
0
0
0
0
0
0
0
0
0
0
0
0
0
0
0
0
0
0
0
0
0
0
0
3.899245150729121e-08
2.374071200762811e-07
1.116311709753896e-06
4.618470291816318e-06
1.241671518124043e-05
1.811469256685335e-05
3.161319804106535e-05
2.241146883146052e-05
7.331018539075809e-06
0
0
0
0
0
0
0
0
0
0
0
0
0
0
0
0
0
0
0
0
0
0
0
0
0
0
0
0
0
0
0
0
0
0
0
0
0
0
7.399200730051585e-06
2.236042041301963e-05
3.142298866195926e-05
1.808742723593692e-05
1.23683506492622e-05
4.623922873788046e-06
1.113403178456357e-06
2.357078702649167e-07
4.107259663046018e-08
0
0
0
0
0
0
0
0
0
0
0
0
0
0
0
0
0
0
0
0
0
0
0
0
0
0
0
0
0
0
0
0
0
0
0
0
0
0
0
0
0
2.250614787696669e-08
6.268896961093272e-08
3.721302238317205e-07
1.605255944876551e-06
5.928165623141902e-06
1.394699225815647e-05
1.748293126814946e-05
3.454371789467114e-05
2.299892814340271e-05
7.331200581078274e-06
0
0
0
0
0
0
0
0
0
0
0
0
0
0
0
0
0
0
0
0
0
0
0
0
0
0
0
0
0
0
0
0
0
0
0
0
7.396913719150124e-06
2.273408790429312e-05
3.428610150180362e-05
1.764235336484613e-05
1.383441631978468e-05
5.935050507702224e-06
1.601254498533063e-06
3.659402207467377e-07
6.464885647977159e-08
2.300051156612062e-08
0
0
0
0
0
0
0
0
0
0
0
0
0
0
0
0
0
0
0
0
0
0
0
0
0
0
0
0
0
0
0
0
0
0
0
0
0
0
0
0
0
0
3.119881981915114e-08
9.684070951807526e-08
4.83754986365068e-07
2.052516641378852e-06
6.747687638494076e-06
1.465093849565214e-05
1.710629949507198e-05
3.455451712979504e-05
2.241459023603332e-05
8.403121809222513e-06
2.782834325742751e-06
0
0
0
0
0
0
0
0
0
0
0
0
0
0
0
0
0
0
0
0
0
0
0
0
0
0
0
0
0
0
0
0
2.789956209941804e-06
8.476120504170744e-06
2.236234750067952e-05
3.429223699972572e-05
1.728896193927732e-05
1.455002389521026e-05
6.758098262786655e-06
2.038622865045373e-06
4.856438346542096e-07
9.75243209583316e-08
2.871580910540578e-08
0
0
0
0
0
0
0
0
0
0
0
0
0
0
0
0
0
0
0
0
0
0
0
0
0
0
0
0
0
0
0
0
0
0
0
0
0
0
0
0
0
0
0
0
3.478771491384451e-08
1.332035854641094e-07
5.77242921328599e-07
2.308582684142353e-06
7.066918518765443e-06
1.467561530289763e-05
1.749081705095302e-05
3.160773667705372e-05
2.237226260489868e-05
1.114859523812422e-05
3.488785891326927e-06
0
0
0
0
0
0
0
0
0
0
0
0
0
0
0
0
0
0
0
0
0
0
0
0
0
0
0
0
0
0
3.520410465745774e-06
1.125385054193561e-05
2.234922823982767e-05
3.143492933510362e-05
1.764223207172365e-05
1.455158142624043e-05
7.072841544676119e-06
2.305606525624953e-06
5.73196946450275e-07
1.3173808353091e-07
3.466859659113895e-08
0
0
0
0
0
0
0
0
0
0
0
0
0
0
0
0
0
0
0
0
0
0
0
0
0
0
0
0
0
0
0
0
0
0
0
0
0
0
0
0
0
0
0
0
0
0
4.068256306941453e-08
1.511843587462588e-07
6.061295353355038e-07
2.32035104822075e-06
6.749951692571765e-06
1.392515045570726e-05
1.809515900947109e-05
2.583576256889706e-05
2.391249744389624e-05
1.76288991432323e-05
5.824272130160161e-06
2.473085514085623e-06
0
0
0
0
0
0
0
0
0
0
0
0
0
0
0
0
0
0
0
0
0
0
0
0
0
0
2.484933574420125e-06
5.875887420853347e-06
1.783459346883731e-05
2.406333968951264e-05
2.562706410030242e-05
1.808950862845501e-05
1.383832402555796e-05
6.757668111257749e-06
2.305682763316837e-06
6.068153663019864e-07
1.509708400879752e-07
3.922782063229108e-08
0
0
0
0
0
0
0
0
0
0
0
0
0
0
0
0
0
0
0
0
0
0
0
0
0
0
0
0
0
0
0
0
0
0
0
0
0
0
0
0
0
0
0
0
0
0
0
0
4.111062694242149e-08
1.53181015325102e-07
5.763842190100713e-07
2.043168079086655e-06
5.920878845575018e-06
1.243062029925176e-05
1.791895378795929e-05
1.967917731889586e-05
2.975912024875666e-05
2.155609252955941e-05
1.115436330207039e-05
4.609781555819818e-06
0
0
0
0
0
0
0
0
0
0
0
0
0
0
0
0
0
0
0
0
0
0
0
0
4.62296298195952e-06
1.125778332094694e-05
2.150203326387216e-05
2.983620154120063e-05
1.970786424199338e-05
1.780656482906542e-05
1.237144137805304e-05
5.934336925128437e-06
2.038793482338895e-06
5.731392503062912e-07
1.509769344372739e-07
4.191764813977501e-08
0
0
0
0
0
0
0
0
0
0
0
0
0
0
0
0
0
0
0
0
0
0
0
0
0
0
0
0
0
0
0
0
0
0
0
0
0
0
0
0
0
0
0
0
0
