FiniteElementSpace
FiniteElementCollection: H1_3D_P1
VDim: 1
Ordering: 0

2.658694528423185e-05
8.905115597024937e-06
1.456263398829858e-06
2.083456976825655e-07
0
0
0
0
0
0
0
0
0
0
0
0
0
0
0
0
0
0
0
0
0
0
0
0
0
0
0
0
0
0
0
0
0
0
0
0
0
0
0
0
0
0
2.083456976825655e-07
1.456263398829858e-06
8.905115597024937e-06
2.658694528423185e-05
1.508684286557749e-05
2.838089633660986e-06
4.111017764212354e-07
5.713662381468188e-08
0
0
0
0
0
0
0
0
0
0
0
0
0
0
0
0
0
0
0
0
0
0
0
0
0
0
0
2.741469937925765e-05
1.197593625268763e-05
2.127891638463098e-06
3.132172726516384e-07
0
0
0
0
0
0
0
0
0
0
0
0
0
0
0
0
0
0
0
0
0
0
0
0
0
0
0
0
0
0
0
0
0
0
0
0
0
0
0
0
0
0
3.132172726516384e-07
2.127891638463098e-06
1.197593625268763e-05
2.741469937925765e-05
1.176853930973271e-05
2.061726696568706e-06
2.982680136588688e-07
0
0
0
0
0
0
0
0
0
0
0
0
0
0
0
0
0
0
0
0
0
0
0
0
0
0
0
0
2.608457009207815e-05
1.643599594227814e-05
3.340154509554077e-06
5.122303425532232e-07
7.547450038581173e-08
0
0
0
0
0
0
0
0
0
0
0
0
0
0
0
0
0
0
0
0
0
0
0
0
0
0
0
0
0
0
0
0
0
0
0
0
0
0
0
0
7.547450038581173e-08
5.122303425532232e-07
3.340154509554077e-06
1.643599594227814e-05
2.608457009207815e-05
8.412917924435814e-06
1.390996549982929e-06
2.018632327497582e-07
0
0
0
0
0
0
0
0
0
0
0
0
0
0
0
0
0
0
0
0
0
0
0
0
0
0
0
0
2.194852923048331e-05
2.196389788143734e-05
5.555870090054515e-06
9.069436727646568e-07
1.379637600717033e-07
0
0
0
0
0
0
0
0
0
0
0
0
0
0
0
0
0
0
0
0
0
0
0
0
0
0
0
0
0
0
0
0
0
0
0
0
0
0
0
0
1.379637600717033e-07
9.069436727646568e-07
5.555870090054515e-06
2.196389788143734e-05
2.194852923048331e-05
5.486018916995144e-06
8.723327692229718e-07
1.276086536358655e-07
0
0
0
0
0
0
0
0
0
0
0
0
0
0
0
0
0
0
0
0
0
0
0
0
0
0
0
0
1.587873227483397e-05
2.658694528423185e-05
9.534541824010958e-06
1.725368775339782e-06
2.735565321635103e-07
0
0
0
0
0
0
0
0
0
0
0
0
0
0
0
0
0
0
0
0
0
0
0
0
0
0
0
0
0
0
0
0
0
0
0
0
0
0
0
0
2.735565321635103e-07
1.725368775339782e-06
9.534541824010958e-06
2.658694528423185e-05
1.587873227483397e-05
3.267543489859825e-06
5.094617730298183e-07
7.547202827258671e-08
0
0
0
0
0
0
0
0
0
0
0
0
0
0
0
0
0
0
0
0
0
0
0
0
0
0
0
0
9.835566042504179e-06
2.668705434647678e-05
1.600846464372391e-05
3.477050801242487e-06
5.850074880953499e-07
9.52854476970268e-08
0
0
0
0
0
0
0
0
0
0
0
0
0
0
0
0
0
0
0
0
0
0
0
0
0
0
0
0
0
0
0
0
0
0
0
0
0
0
9.52854476970268e-08
5.850074880953499e-07
3.477050801242487e-06
1.600846464372391e-05
2.668705434647678e-05
9.835566042504179e-06
1.787299432555559e-06
2.777886374511792e-07
0
0
0
0
0
0
0
0
0
0
0
0
0
0
0
0
0
0
0
0
0
0
0
0
0
0
0
0
0
2.658694528423185e-05
8.905115597024937e-06
1.456263398829858e-06
2.083456976825655e-07
0
0
0
0
0
0
0
0
0
0
0
0
0
0
0
0
0
0
0
0
0
0
0
0
0
0
0
0
0
0
0
0
0
0
0
0
0
0
0
0
0
0
2.083456976825655e-07
1.456263398829858e-06
8.905115597024937e-06
2.658694528423185e-05
1.508684286557749e-05
2.838089633660986e-06
4.111017764212354e-07
5.713662381468188e-08
0
0
0
0
0
0
0
0
0
0
0
0
0
0
0
0
0
0
0
0
0
0
0
0
0
0
0
2.741469937925765e-05
1.197593625268763e-05
2.127891638463098e-06
3.132172726516384e-07
0
0
0
0
0
0
0
0
0
0
0
0
0
0
0
0
0
0
0
0
0
0
0
0
0
0
0
0
0
0
0
0
0
0
0
0
0
0
0
0
0
0
3.132172726516384e-07
2.127891638463098e-06
1.197593625268763e-05
2.741469937925765e-05
1.176853930973271e-05
2.061726696568706e-06
2.982680136588688e-07
0
0
0
0
0
0
0
0
0
0
0
0
0
0
0
0
0
0
0
0
0
0
0
0
0
0
0
0
2.608457009207815e-05
1.643599594227814e-05
3.340154509554077e-06
5.122303425532232e-07
7.547450038581173e-08
0
0
0
0
0
0
0
0
0
0
0
0
0
0
0
0
0
0
0
0
0
0
0
0
0
0
0
0
0
0
0
0
0
0
0
0
0
0
0
0
7.547450038581173e-08
5.122303425532232e-07
3.340154509554077e-06
1.643599594227814e-05
2.608457009207815e-05
8.412917924435814e-06
1.390996549982929e-06
2.018632327497582e-07
0
0
0
0
0
0
0
0
0
0
0
0
0
0
0
0
0
0
0
0
0
0
0
0
0
0
0
0
2.194852923048331e-05
2.196389788143734e-05
5.555870090054515e-06
9.069436727646568e-07
1.379637600717033e-07
0
0
0
0
0
0
0
0
0
0
0
0
0
0
0
0
0
0
0
0
0
0
0
0
0
0
0
0
0
0
0
0
0
0
0
0
0
0
0
0
1.379637600717033e-07
9.069436727646568e-07
5.555870090054515e-06
2.196389788143734e-05
2.194852923048331e-05
5.486018916995144e-06
8.723327692229718e-07
1.276086536358655e-07
0
0
0
0
0
0
0
0
0
0
0
0
0
0
0
0
0
0
0
0
0
0
0
0
0
0
0
0
1.587873227483397e-05
2.658694528423185e-05
9.534541824010958e-06
1.725368775339782e-06
2.735565321635103e-07
0
0
0
0
0
0
0
0
0
0
0
0
0
0
0
0
0
0
0
0
0
0
0
0
0
0
0
0
0
0
0
0
0
0
0
0
0
0
0
0
2.735565321635103e-07
1.725368775339782e-06
9.534541824010958e-06
2.658694528423185e-05
1.587873227483397e-05
3.267543489859825e-06
5.094617730298183e-07
7.547202827258671e-08
0
0
0
0
0
0
0
0
0
0
0
0
0
0
0
0
0
0
0
0
0
0
0
0
0
0
0
0
9.835566042504179e-06
2.668705434647678e-05
1.600846464372391e-05
3.477050801242487e-06
5.850074880953499e-07
9.52854476970268e-08
0
0
0
0
0
0
0
0
0
0
0
0
0
0
0
0
0
0
0
0
0
0
0
0
0
0
0
0
0
0
0
0
0
0
0
0
0
0
9.52854476970268e-08
5.850074880953499e-07
3.477050801242487e-06
1.600846464372391e-05
2.668705434647678e-05
9.835566042504179e-06
1.787299432555559e-06
2.777886374511792e-07
0
0
0
0
0
0
0
0
0
0
0
0
0
0
0
0
0
0
0
0
0
0
0
0
0
0
0
0
0
