FiniteElementSpace
FiniteElementCollection: H1_3D_P1
VDim: 1
Ordering: 0

0
0
0
0
0
0
0
0
0
0
0
0
0
0
0
0
0
0
0
0
0
0
0
0
0
0
0
0
0
0
0
0
0
0
0
0
0
0
0
0
0
0
0
0
0
0
0
0
0
0
0
0
0
0
0
0
0
0
0
0
0
0
0
0
0
0
0
0
0
0
0
0
0
0
0
0
0
0
0
0
0
0
0
0
0
0
0
0
0
0
0
0
0
0
0
0
0
0
0
0
0
0
0
0
0
0
0
0
0
0
0
0
0
0
0
0
0
0
0
0
0
0
0
0
0
0
0
0
0
0
0
0
0
0
0
0
0
0
0
0
0
0
0
0
0
0
0
0
0
0
0
0
0
0
0
0
0
0
0
0
0
0
0
0
0
0
0
0
0
0
0
0
0
0
0
0
0
0
0
0
0
0
0
0
0
0
0
0
0
0
0
0
0
0
0
0
0
0
0
0
0
0
0
0
0
0
0
0
0
0
0
0
0
0
0
0
0
0
0
0
0
0
0
0
0
0
0
0
0
0
0
0
0
0
0
0
0
0
0
0
0
0
0
0
0
0
0
0
0
0
0
0
0
0
0
0
0
0
0
0
0
0
0
0
0
0
0
0
0
0
0
0
0
0
0
0
0
0
0
0
0
0
0
0
0
0
0
0
0
0
0
0
0
0
0
0
0
0
0
0
0
0
0
0
0
0
0
0
0
0
0
0
0
0
0
0
0
0
0
0
0
0
0
0
0
0
0
0
0
0
0
0
0
0
0
0
0
0
0
0
0
0
0
0
0
0
0
0
0
0
0
0
0
0
0
0
0
0
0
0
0
0
0
0
0
0
0
0
0
0
0
0
0
0
0
0
0
0
0
0
0
0
0
0
0
0
0
0
0
0
0
0
0
0
0
0
0
0
0
0
0
0
0
0
0
0
0
0
0
0
0
0
0
0
0
0
0
0
0
0
0
0
0
0
0
0
0
0
0
0
0
0
0
0
0
0
0
0
0
0
0
0
0
0
0
0
0
0
0
0
0
0
0
0
0
0
0
0
0
0
0
0
0
0
0
0
0
0
0
0
0
0
0
0
0
0
0
0
0
0
0
0
0
0
0
0
0
0
0
0
0
0
0
0
0
0
0
0
0
0
0
0
0
0
0
0
0
0
0
0
0
0
0
0
0
0
0
0
0
0
0
0
0
0
0
0
0
0
0
0
0
0
0
0
0
0
0
0
0
0
0
0
0
0
0
0
0
0
0
0
0
0
0
0
0
0
0
0
0
0
0
0
0
0
0
0
0
0
0
0
0
0
0
0
0
0
0
0
0
0
0
0
0
0
0
0
0
0
0
0
0
0
0
0
0
0
0
0
0
0
0
0
0
0
0
0
0
0
0
0
0
0
0
0
0
0
0
0
0
0
0
0
0
0
0
0
0
0
0
0
0
0
0
0
0
0
0
0
0
0
0
0
0
0
0
0
0
0
0
0
0
0
0
0
0
0
0
0
0
0
0
0
0
0
0
0
0
0
0
0
0
0
0
0
0
0
0
0
0
0
0
0
0
0
0
0
0
0
0
0
0
0
0
0
0
0
0
0
0
0
0
0
0
0
0
0
0
0
0
0
0
0
0
0
0
0
0
0
0
0
0
0
0
0
0
0
0
0
0
0
0
0
0
0
0
0
0
0
0
0
0
0
0
0
0
0
0
0
0
0
0
0
0
0
0
0
0
0
0
0
0
0
0
0
0
0
0
0
0
0
0
0
0
0
0
0
0
0
0
0
0
0
0
0
0
0
0
0
0
0
0
0
0
0
0
0
0
0
0
0
0
0
0
0
0
0
0
0
0
0
0
0
0
0
0
0
0
0
0
0
0
0
0
0
0
0
0
0
0
0
0
0
0
0
0
0
0
0
0
0
0
0
0
0
0
0
0
0
0
0
0
0
0
0
0
0
0
0
0
0
0
0
0
0
0
0
0
0
0
0
0
0
0
0
0
0
0
0
0
0
0
0
0
0
0
0
0
0
0
0
0
0
0
0
0
0
0
0
0
0
0
0
0
0
0
0
0
0
0
0
0
0
0
0
0
0
0
0
0
0
0
0
0
0
0
0
0
0
0
0
0
0
0
0
0
0
0
0
0
0
0
0
0
0
0
0
0
0
0
0
0
0
0
0
0
0
0
0
0
0
0
0
0
0
0
0
0
0
0
0
0
0
0
0
0
0
0
0
0
0
0
0
0
0
0
0
0
0
0
1.42835052339984e-08
1.789976334329009e-08
2.458553625983387e-08
3.193002953831288e-08
3.931280508982374e-08
4.57059221787235e-08
5.043311997169983e-08
5.200962767809476e-08
4.960083419253275e-08
4.276182569566866e-08
3.425967009376602e-08
2.513236596359633e-08
1.771355083048633e-08
1.400684034050976e-08
0
0
0
0
0
0
0
0
0
0
0
0
0
0
0
0
0
0
0
0
0
0
0
0
0
0
0
0
0
0
0
0
0
0
0
0
0
0
0
0
0
0
0
0
0
0
0
0
0
0
0
0
0
0
0
0
0
0
0
0
0
0
0
0
1.7711066797661e-08
2.893100292843805e-08
5.049263018260249e-08
8.292191052369504e-08
1.305112305183611e-07
1.842898354767798e-07
2.359614071969636e-07
2.689029817521285e-07
3.049493977540562e-07
3.243469497690503e-07
3.369628710608921e-07
3.321453862461961e-07
2.99031097659075e-07
2.506669954032344e-07
1.914467819882751e-07
1.316273183206259e-07
8.059344289984205e-08
4.666646093339933e-08
2.647749310014522e-08
1.657981548453295e-08
0
0
0
0
0
0
0
0
0
0
0
0
0
0
0
0
0
0
0
0
0
0
0
0
0
0
0
0
0
0
0
0
0
0
0
0
0
0
0
0
0
0
0
0
0
0
0
0
0
0
0
0
0
0
0
0
0
0
0
2.469818491379509e-08
4.688916007366866e-08
9.694793905191477e-08
1.910446064942312e-07
3.274128878368666e-07
5.044387473497733e-07
7.149513804472208e-07
9.658228494792888e-07
1.282539073259898e-06
1.658064524610924e-06
1.987307753204676e-06
2.329001722141961e-06
2.363856948539402e-06
2.212774257307417e-06
1.779408503758005e-06
1.374423978447515e-06
9.776147688297289e-07
6.965550042816368e-07
4.861386148092594e-07
3.122654342127663e-07
1.777218951670362e-07
8.963004108303064e-08
4.2710151916315e-08
2.330132954789456e-08
0
0
0
0
0
0
0
0
0
0
0
0
0
0
0
0
0
0
0
0
0
0
0
0
0
0
0
0
0
0
0
0
0
0
0
0
0
0
0
0
0
0
0
0
0
0
0
0
0
0
0
0
0
0
0
2.531966194912195e-08
5.546780951313549e-08
1.309604878854437e-07
2.891386777565022e-07
5.574083761482641e-07
1.033959374527747e-06
2.016433550780663e-06
3.819039335961121e-06
6.636586171238617e-06
1.00741398608931e-05
1.354259393951249e-05
1.653258343117983e-05
1.889697503710498e-05
2.024000272572386e-05
2.077139318028103e-05
2.015220879552739e-05
1.838017214564399e-05
1.533520404823422e-05
1.143528834973886e-05
7.350054306838958e-06
3.93159253324196e-06
1.848009168314827e-06
8.734212950199226e-07
4.760195619351996e-07
2.586061508499647e-07
1.220459314074644e-07
5.198315214157101e-08
2.520558222792295e-08
0
0
0
0
0
0
0
0
0
0
0
0
0
0
0
0
0
0
0
0
0
0
0
0
0
0
0
0
0
0
0
0
0
0
0
0
0
0
0
0
0
0
0
0
0
0
0
0
0
0
0
1.903580452621267e-08
4.598117889122812e-08
1.21725262417923e-07
3.070272336640451e-07
6.830156344520498e-07
1.588658726060415e-06
3.993608879142031e-06
8.789631430032532e-06
1.533451073852905e-05
2.133392719335137e-05
2.502224019135036e-05
2.619283525739115e-05
2.59563026812222e-05
2.521094157104221e-05
2.458413558065681e-05
2.452992762042106e-05
2.503244627330973e-05
2.634638267516149e-05
2.817721580796381e-05
3.013190136916411e-05
3.119174288626535e-05
2.99803037921924e-05
2.546714740263482e-05
1.778161858657822e-05
9.630859395511177e-06
3.951479134395141e-06
1.412931647349772e-06
6.050562002927626e-07
2.896540851692626e-07
1.193880464819866e-07
4.672035642055337e-08
2.04557595358144e-08
0
0
0
0
0
0
0
0
0
0
0
0
0
0
0
0
0
0
0
0
0
0
0
0
0
0
0
0
0
0
0
0
0
0
0
0
0
0
0
0
0
0
0
0
0
0
0
0
2.877192503691751e-08
8.019834498209842e-08
2.337938523191487e-07
6.108282110807625e-07
1.621863696207364e-06
4.878924019237107e-06
1.192899818707878e-05
2.034537389066491e-05
2.473185831788338e-05
2.369459231209071e-05
1.981122664198607e-05
1.568976305627823e-05
1.239721558067314e-05
1.009618628258933e-05
8.632711723141066e-06
7.80461798272279e-06
7.501503317891679e-06
7.676398379540147e-06
8.387516706710736e-06
9.72331671200033e-06
1.186768275037726e-05
1.503473878594304e-05
1.944357455809843e-05
2.483611145859356e-05
2.979860226482705e-05
3.071970904349635e-05
2.456722982236217e-05
1.365516126945361e-05
5.154844619896606e-06
1.581682132499579e-06
6.019884783047767e-07
2.389500099606382e-07
8.407660201564873e-08
3.045676666839912e-08
0
0
0
0
0
0
0
0
0
0
0
0
0
0
0
0
0
0
0
0
0
0
0
0
0
0
0
0
0
0
0
0
0
0
0
0
0
0
0
0
0
0
0
0
0
1.38642794020525e-08
3.914490738120645e-08
1.290366011645908e-07
3.918258133882591e-07
1.144975892906876e-06
3.842523830036926e-06
1.134135629050651e-05
2.113248557284914e-05
2.436613309329687e-05
2.011051973088834e-05
1.391180512910501e-05
9.048622402514077e-06
5.878402112225829e-06
3.937487055845922e-06
2.777406233199044e-06
2.088626111455723e-06
1.691846895697701e-06
1.479484253411221e-06
1.399345106953429e-06
1.434104877640129e-06
1.593535673964593e-06
1.914942011485938e-06
2.474172051410679e-06
3.409267588472243e-06
4.971041812823336e-06
7.562795616022979e-06
1.176905549180252e-05
1.808395384641291e-05
2.58086457338074e-05
3.06144122861573e-05
2.564314141474264e-05
1.310201551047926e-05
4.108216345705207e-06
1.170802842362282e-06
4.056189104553963e-07
1.350650210481182e-07
4.061271082172194e-08
1.431280929018125e-08
0
0
0
0
0
0
0
0
0
0
0
0
0
0
0
0
0
0
0
0
0
0
0
0
0
0
0
0
0
0
0
0
0
0
0
0
0
0
0
0
0
0
1.523331112029643e-08
4.81984499625883e-08
1.755020588278747e-07
5.698962151917446e-07
1.962842227302605e-06
7.38380426582052e-06
1.842904861462209e-05
2.428021612694366e-05
1.954885120308048e-05
1.207279878554252e-05
6.696281209784267e-06
3.620091604082354e-06
1.995395904812323e-06
1.153179204612692e-06
7.095261430765395e-07
4.702443833342335e-07
3.377780765248082e-07
0
0
0
0
0
0
3.999878820004167e-07
5.786491703879392e-07
9.005788408496271e-07
1.498175963486547e-06
2.6317600324604e-06
4.796147365482447e-06
8.824933916087103e-06
1.570921963091628e-05
2.495276131898032e-05
3.015716132583763e-05
2.194276137713278e-05
8.250939961612547e-06
2.028831979999184e-06
5.747449539491921e-07
1.778765653351694e-07
4.82720349435169e-08
1.559834290639392e-08
0
0
0
0
0
0
0
0
0
0
0
0
0
0
0
0
0
0
0
0
0
0
0
0
0
0
0
0
0
0
0
0
0
0
0
0
0
0
0
0
1.579938435528345e-08
5.352863290188305e-08
2.075143364688711e-07
7.325859442004596e-07
2.914055482168006e-06
1.126805730689453e-05
2.28007387374356e-05
2.217376185973618e-05
1.365471898239365e-05
6.853804188693196e-06
3.20109287645552e-06
1.482754820594906e-06
7.066502633539717e-07
3.548342686852565e-07
0
0
0
0
0
0
0
0
0
0
0
0
0
0
4.669232253967329e-07
9.390590884900147e-07
1.975951535304534e-06
4.2447908581095e-06
8.967924249543816e-06
1.750411410874354e-05
2.764103847235149e-05
2.740470802872486e-05
1.276197314649676e-05
3.064578721118232e-06
7.304474514301508e-07
2.119166805625304e-07
5.422652809600592e-08
1.650285316470649e-08
0
0
0
0
0
0
0
0
0
0
0
0
0
0
0
0
0
0
0
0
0
0
0
0
0
0
0
0
0
0
0
0
0
0
0
0
0
0
1.497028960194491e-08
5.134775107794134e-08
2.130138006037284e-07
8.059483328101562e-07
3.62376794556286e-06
1.415996899994524e-05
2.429271779773951e-05
1.89437296669568e-05
9.653537340825237e-06
4.121865779251454e-06
1.658562823033898e-06
6.678132981906514e-07
2.784381761505138e-07
0
0
0
0
0
0
0
0
0
0
0
0
0
0
0
0
0
0
3.695553432552813e-07
8.887065787902046e-07
2.195252397706849e-06
5.370158030068776e-06
1.230113777164009e-05
2.346526968456893e-05
2.917278911514356e-05
1.619309605388679e-05
3.894497807338382e-06
8.308120650532048e-07
2.202101575310495e-07
5.26629112356958e-08
1.618092195998208e-08
0
0
0
0
0
0
0
0
0
0
0
0
0
0
0
0
0
0
0
0
0
0
0
0
0
0
0
0
0
0
0
0
0
0
0
0
0
4.37472775659032e-08
1.895868131958173e-07
7.709419623979855e-07
3.830766603205742e-06
1.555204360370997e-05
2.455562032580891e-05
1.660670386094917e-05
7.392259856600633e-06
2.771217573483114e-06
9.797250377120635e-07
3.461514442990995e-07
0
0
0
0
0
0
0
0
0
0
0
0
0
0
0
0
0
0
0
0
0
0
4.556533638145399e-07
1.27755456650939e-06
3.554079448320383e-06
9.2751354153962e-06
2.030972857392779e-05
2.91085866291098e-05
1.771161028159242e-05
4.094202141096273e-06
8.078383280650855e-07
2.003837383000639e-07
4.698709369759016e-08
0
0
0
0
0
0
0
0
0
0
0
0
0
0
0
0
0
0
0
0
0
0
0
0
0
0
0
0
0
0
0
0
0
0
0
0
3.349960760943527e-08
1.519684696272468e-07
6.466154777063411e-07
3.386131331537372e-06
1.521919579426714e-05
2.467920391997359e-05
1.564047861477166e-05
6.325774493897382e-06
2.132883372440844e-06
6.738592332945968e-07
0
0
0
0
0
0
0
0
0
0
0
0
0
0
0
0
0
0
0
0
0
0
0
0
0
0
8.598491808796289e-07
2.682260714012042e-06
7.803219059486259e-06
1.883465410130509e-05
2.885303820680776e-05
1.712144928473797e-05
3.558188002789705e-06
6.746241707807592e-07
1.596817434409848e-07
3.704213390560032e-08
0
0
0
0
0
0
0
0
0
0
0
0
0
0
0
0
0
0
0
0
0
0
0
0
0
0
0
0
0
0
0
0
0
0
1.967418160172092e-08
1.046813003586877e-07
4.813116378532471e-07
2.502898752471574e-06
1.32050221741353e-05
2.497265356055377e-05
1.612736093694045e-05
6.158043735772146e-06
1.905358503202697e-06
5.456048125937748e-07
0
0
0
0
0
0
0
0
0
0
0
0
0
0
0
0
0
0
0
0
0
0
0
0
0
0
0
0
6.825228602652543e-07
2.356942763114803e-06
7.481711899097726e-06
1.914408707677816e-05
2.879181713383958e-05
1.460234347964127e-05
2.590405209216177e-06
4.986824214171875e-07
1.090947508804542e-07
2.425261111248431e-08
0
0
0
0
0
0
0
0
0
0
0
0
0
0
0
0
0
0
0
0
0
0
0
0
0
0
0
0
0
0
0
0
0
5.870734956060992e-08
3.104478732833972e-07
1.5176145835351e-06
9.607270827352103e-06
2.454659001048393e-05
1.808302190378471e-05
6.857977516320265e-06
1.998611476010259e-06
5.256687884762269e-07
0
0
0
0
0
0
0
0
0
0
0
0
0
0
0
0
0
0
0
0
0
0
0
0
0
0
0
0
0
0
6.480375870196422e-07
2.438920872839017e-06
8.232763701219743e-06
2.124871500601711e-05
2.808815781559064e-05
1.054325437726634e-05
1.596348463471094e-06
3.247691157774678e-07
6.322290939326012e-08
1.530381150316748e-08
0
0
0
0
0
0
0
0
0
0
0
0
0
0
0
0
0
0
0
0
0
0
0
0
0
0
0
0
0
0
0
0
1.707270742967349e-07
8.195085621239394e-07
5.555305715319489e-06
2.182661678299439e-05
2.136864846957996e-05
8.644973977316861e-06
2.456185426643262e-06
6.05740584483424e-07
0
0
0
0
0
0
0
0
0
0
0
0
0
0
0
0
0
0
0
0
0
0
0
0
0
0
0
0
0
0
0
0
7.365045539540194e-07
2.959980758300537e-06
1.0266035563396e-05
2.486268223663095e-05
2.476441361159955e-05
6.075154593751588e-06
8.80141072475282e-07
1.821153815032381e-07
3.429704587941222e-08
0
0
0
0
0
0
0
0
0
0
0
0
0
0
0
0
0
0
0
0
0
0
0
0
0
0
0
0
0
0
0
0
4.189096061170384e-07
2.513776294090005e-06
1.563058318131942e-05
2.489458550242769e-05
1.203764087914558e-05
3.494362437452419e-06
8.295941633355e-07
0
0
0
0
0
0
0
0
0
0
0
0
0
0
0
0
0
0
0
0
0
0
0
0
0
0
0
0
0
0
0
0
0
0
9.959030778102756e-07
4.160458097833356e-06
1.411886881274975e-05
2.862493786286507e-05
1.754280723372244e-05
2.731555053351222e-06
4.63259325800486e-07
8.669791039271694e-08
1.89897804800139e-08
0
0
0
0
0
0
0
0
0
0
0
0
0
0
0
0
0
0
0
0
0
0
0
0
0
0
0
0
0
0
0
9.898186359338436e-07
8.032395294205103e-06
2.504873815796387e-05
1.757911887216321e-05
5.623850155641993e-06
1.332722740669208e-06
2.797067111899398e-07
0
0
0
0
0
0
0
0
0
0
0
0
0
0
0
0
0
0
0
0
0
0
0
0
0
0
0
0
0
0
0
0
0
0
3.328390734976333e-07
1.583902784294471e-06
6.618932446147185e-06
2.035783493096052e-05
2.841307255240951e-05
8.818393300767435e-06
1.082927725163744e-06
2.173244332218383e-07
3.729181865453307e-08
0
0
0
0
0
0
0
0
0
0
0
0
0
0
0
0
0
0
0
0
0
0
0
0
0
0
0
0
0
0
0
3.075183796620625e-06
1.782069887822685e-05
2.414902170664229e-05
9.799647834632301e-06
2.455557191594142e-06
5.071751256137248e-07
0
0
0
0
0
0
0
0
0
0
0
0
0
0
0
0
0
0
0
0
0
0
0
0
0
0
0
0
0
0
0
0
0
0
0
0
6.00294942938142e-07
2.897274342536662e-06
1.143708237544568e-05
2.771479492403034e-05
1.992572119959902e-05
3.006216868769771e-06
4.658331635978918e-07
8.270839107116042e-08
1.694599902137535e-08
0
0
0
0
0
0
0
0
0
0
0
0
0
0
0
0
0
0
0
0
0
0
0
0
0
0
0
0
0
0
9.541741554843199e-06
2.563575664797266e-05
1.716581977496601e-05
4.997884259288682e-06
1.063968404312681e-06
0
0
0
0
0
0
0
0
0
0
0
0
0
0
0
0
0
0
0
0
0
0
0
0
0
0
0
0
0
0
0
0
0
0
0
0
0
0
1.257611705218979e-06
5.868090743228607e-06
1.984919829464833e-05
2.886770445859058e-05
8.189394879814522e-06
9.165456768432211e-07
1.810113772638158e-07
2.940932247530738e-08
0
0
0
0
0
0
0
0
0
0
0
0
0
0
0
0
0
0
0
0
0
0
0
0
0
0
0
0
0
0
2.133117791691694e-05
2.598278954612817e-05
1.06296777427019e-05
2.506872806764e-06
4.747193180258252e-07
0
0
0
0
0
0
0
0
0
0
0
0
0
0
0
0
0
0
0
0
0
0
0
0
0
0
0
0
0
0
0
0
0
0
0
0
0
0
5.610331904942459e-07
2.953482383488031e-06
1.234604309432254e-05
2.921638962622332e-05
1.70477162347372e-05
2.021997504696129e-06
3.432945664537551e-07
5.58642419726849e-08
0
0
0
0
0
0
0
0
0
0
0
0
0
0
0
0
0
0
0
0
0
0
0
0
0
0
0
0
0
0
3.376619513645954e-05
2.131245196803216e-05
6.316220672819106e-06
1.286151512558927e-06
0
0
0
0
0
0
0
0
0
0
0
0
0
0
0
0
0
0
0
0
0
0
0
0
0
0
0
0
0
0
0
0
0
0
0
0
0
0
0
0
1.516566240614405e-06
7.34095697236601e-06
2.372928236236607e-05
2.585616025366786e-05
4.701792243604393e-06
5.715448023227472e-07
1.033148832682666e-07
1.879197408473078e-08
0
0
0
0
0
0
0
0
0
0
0
0
0
0
0
0
0
0
0
0
0
0
0
0
0
0
0
0
0
4.066235296553467e-05
1.580818184922529e-05
3.775144562328036e-06
6.9031444540396e-07
0
0
0
0
0
0
0
0
0
0
0
0
0
0
0
0
0
0
0
0
0
0
0
0
0
0
0
0
0
0
0
0
0
0
0
0
0
0
0
0
8.148068710622229e-07
4.388547839100407e-06
1.735183448038638e-05
3.045249326247327e-05
9.54415161158398e-06
9.227073608026809e-07
1.79811756152264e-07
2.657876852929062e-08
0
0
0
0
0
0
0
0
0
0
0
0
0
0
0
0
0
0
0
0
0
0
0
0
0
0
0
0
0
4.07703242430703e-05
1.137906823894334e-05
2.331972098600055e-06
3.937818518542301e-07
0
0
0
0
0
0
0
0
0
0
0
0
0
0
0
0
0
0
0
0
0
0
0
0
0
0
0
0
0
0
0
0
0
0
0
0
0
0
0
0
4.654493830645433e-07
2.715929603814129e-06
1.23427145035793e-05
3.01885933446581e-05
1.581177624203964e-05
1.557641950496045e-06
2.819604420201907e-07
4.159735312523851e-08
0
0
0
0
0
0
0
0
0
0
0
0
0
0
0
0
0
0
0
0
0
0
0
0
0
0
0
0
0
3.691485354507006e-05
8.281959523926886e-06
1.519510182567596e-06
0
0
0
0
0
0
0
0
0
0
0
0
0
0
0
0
0
0
0
0
0
0
0
0
0
0
0
0
0
0
0
0
0
0
0
0
0
0
0
0
0
0
1.772680455396398e-06
8.900533868464464e-06
2.724757639239319e-05
2.192077643860376e-05
2.66667864370207e-06
3.932079395290178e-07
6.086883844799141e-08
0
0
0
0
0
0
0
0
0
0
0
0
0
0
0
0
0
0
0
0
0
0
0
0
0
0
0
0
0
3.209425791672186e-05
6.252807119737782e-06
1.059387914550411e-06
0
0
0
0
0
0
0
0
0
0
0
0
0
0
0
0
0
0
0
0
0
0
0
0
0
0
0
0
0
0
0
0
0
0
0
0
0
0
0
0
0
0
1.235856687072983e-06
6.673224680082294e-06
2.37138713977341e-05
2.654041067809151e-05
4.261633406519869e-06
5.02901612947264e-07
8.378703080993657e-08
1.543864829555108e-08
0
0
0
0
0
0
0
0
0
0
0
0
0
0
0
0
0
0
0
0
0
0
0
0
0
0
0
0
2.788364593393706e-05
4.967925668024492e-06
7.966057212348402e-07
0
0
0
0
0
0
0
0
0
0
0
0
0
0
0
0
0
0
0
0
0
0
0
0
0
0
0
0
0
0
0
0
0
0
0
0
0
0
0
0
0
0
9.281166635871551e-07
5.273855495883087e-06
2.070194929543342e-05
2.941423693262681e-05
6.100378636802366e-06
6.068277249550589e-07
1.090277435427929e-07
1.588107877384535e-08
0
0
0
0
0
0
0
0
0
0
0
0
0
0
0
0
0
0
0
0
0
0
0
0
0
0
0
0
2.484056908953115e-05
4.19198850168256e-06
6.487415321354843e-07
0
0
0
0
0
0
0
0
0
0
0
0
0
0
0
0
0
0
0
0
0
0
0
0
0
0
0
0
0
0
0
0
0
0
0
0
0
0
0
0
0
0
7.552309142287083e-07
4.439542888461161e-06
1.854595602377877e-05
3.089963309561672e-05
7.777454618982318e-06
6.995230938190688e-07
1.328597732287221e-07
1.784216312698581e-08
0
0
0
0
0
0
0
0
0
0
0
0
0
0
0
0
0
0
0
0
0
0
0
0
0
0
0
0
2.305778489445921e-05
3.778376931774423e-06
5.737008779898051e-07
0
0
0
0
0
0
0
0
0
0
0
0
0
0
0
0
0
0
0
0
0
0
0
0
0
0
0
0
0
0
0
0
0
0
0
0
0
0
0
0
0
0
6.682929762992556e-07
4.001192514282822e-06
1.731327052969973e-05
3.154115589902241e-05
8.945963050110682e-06
7.624999571709247e-07
1.489199819555931e-07
1.946979388268412e-08
0
0
0
0
0
0
0
0
0
0
0
0
0
0
0
0
0
0
0
0
0
0
0
0
0
0
0
0
2.257426027233715e-05
3.666118678570824e-06
5.532047927021201e-07
0
0
0
0
0
0
0
0
0
0
0
0
0
0
0
0
0
0
0
0
0
0
0
0
0
0
0
0
0
0
0
0
0
0
0
0
0
0
0
0
0
0
6.444228752993917e-07
3.878644803268391e-06
1.695698980062188e-05
3.180337838960965e-05
9.379997376690211e-06
7.840024238519517e-07
1.551373530143744e-07
2.008514977997752e-08
0
0
0
0
0
0
0
0
0
0
0
0
0
0
0
0
0
0
0
0
0
0
0
0
0
0
0
0
2.34162978164029e-05
3.838687999892979e-06
5.830338971018112e-07
0
0
0
0
0
0
0
0
0
0
0
0
0
0
0
0
0
0
0
0
0
0
0
0
0
0
0
0
0
0
0
0
0
0
0
0
0
0
0
0
0
0
6.778780703028168e-07
4.047921616858948e-06
1.747594445794029e-05
3.178451416920689e-05
8.979214607393149e-06
7.570037389103605e-07
1.493059296289384e-07
1.947279634619043e-08
0
0
0
0
0
0
0
0
0
0
0
0
0
0
0
0
0
0
0
0
0
0
0
0
0
0
0
0
2.564250641435674e-05
4.329233754540975e-06
6.707195712398516e-07
0
0
0
0
0
0
0
0
0
0
0
0
0
0
0
0
0
0
0
0
0
0
0
0
0
0
0
0
0
0
0
0
0
0
0
0
0
0
0
0
0
0
7.771270677285495e-07
4.543709543436922e-06
1.889928029882007e-05
3.135097786903115e-05
7.813903171577453e-06
6.920509123363854e-07
1.331815180993102e-07
1.803053021989035e-08
0
0
0
0
0
0
0
0
0
0
0
0
0
0
0
0
0
0
0
0
0
0
0
0
0
0
0
0
2.929225281488841e-05
5.223989973483604e-06
8.390561453809121e-07
0
0
0
0
0
0
0
0
0
0
0
0
0
0
0
0
0
0
0
0
0
0
0
0
0
0
0
0
0
0
0
0
0
0
0
0
0
0
0
0
0
0
9.685449926308524e-07
5.463526361212901e-06
2.128713666321892e-05
3.003266703932875e-05
6.106136387491407e-06
5.994425517276898e-07
1.097337587758787e-07
1.608170533684883e-08
0
0
0
0
0
0
0
0
0
0
0
0
0
0
0
0
0
0
0
0
0
0
0
0
0
0
0
0
3.422294446281394e-05
6.679568536907218e-06
1.134958894836679e-06
0
0
0
0
0
0
0
0
0
0
0
0
0
0
0
0
0
0
0
0
0
0
0
0
0
0
0
0
0
0
0
0
0
0
0
0
0
0
0
0
0
0
1.30653326981108e-06
6.989235932763222e-06
2.461115967275563e-05
2.722460464227776e-05
4.237291877628139e-06
5.002795797161143e-07
8.462080291091687e-08
1.578767175519781e-08
0
0
0
0
0
0
0
0
0
0
0
0
0
0
0
0
0
0
0
0
0
0
0
0
0
0
0
0
3.977597496999354e-05
8.950471191004926e-06
1.64967678608367e-06
0
0
0
0
0
0
0
0
0
0
0
0
0
0
0
0
0
0
0
0
0
0
0
0
0
0
0
0
0
0
0
0
0
0
0
0
0
0
0
0
0
0
1.895841043286137e-06
9.413591581005041e-06
2.847112583919399e-05
2.24901041628364e-05
2.619361209483679e-06
3.929287889603145e-07
6.124445825995009e-08
0
0
0
0
0
0
0
0
0
0
0
0
0
0
0
0
0
0
0
0
0
0
0
0
0
0
0
0
0
4.418698358744051e-05
1.238487292368438e-05
2.556835149630011e-06
4.338792062549962e-07
0
0
0
0
0
0
0
0
0
0
0
0
0
0
0
0
0
0
0
0
0
0
0
0
0
0
0
0
0
0
0
0
0
0
0
0
0
0
0
0
5.093094957800214e-07
2.933741032636304e-06
1.315363887954781e-05
3.168929265630302e-05
1.618166489034171e-05
1.499400623144067e-06
2.799162066666987e-07
4.149768573832201e-08
0
0
0
0
0
0
0
0
0
0
0
0
0
0
0
0
0
0
0
0
0
0
0
0
0
0
0
0
0
4.422816029285977e-05
1.73036504386219e-05
4.175374196750389e-06
7.699480404444865e-07
0
0
0
0
0
0
0
0
0
0
0
0
0
0
0
0
0
0
0
0
0
0
0
0
0
0
0
0
0
0
0
0
0
0
0
0
0
0
0
0
9.008893517658436e-07
4.780228771608773e-06
1.86028252122266e-05
3.197793928761277e-05
9.62906085151923e-06
8.738413395731575e-07
1.768787968051598e-07
2.60182567803685e-08
0
0
0
0
0
0
0
0
0
0
0
0
0
0
0
0
0
0
0
0
0
0
0
0
0
0
0
0
0
3.689289473666463e-05
2.347842201934683e-05
7.052969497627124e-06
1.452249961724215e-06
0
0
0
0
0
0
0
0
0
0
0
0
0
0
0
0
0
0
0
0
0
0
0
0
0
0
0
0
0
0
0
0
0
0
0
0
0
0
0
0
1.691422325265716e-06
8.048329211993944e-06
2.550818604523686e-05
2.711220371949837e-05
4.622065644526213e-06
5.446111118140193e-07
9.907208737287914e-08
1.803894224010474e-08
0
0
0
0
0
0
0
0
0
0
0
0
0
0
0
0
0
0
0
0
0
0
0
0
0
0
0
0
0
2.334833759763979e-05
2.880648621505972e-05
1.197098302671877e-05
2.862030974173063e-06
5.462540093881337e-07
0
0
0
0
0
0
0
0
0
0
0
0
0
0
0
0
0
0
0
0
0
0
0
0
0
0
0
0
0
0
0
0
0
0
0
0
0
0
6.404277716696116e-07
3.311240645015713e-06
1.357610988929379e-05
3.142696117389747e-05
1.761164759921133e-05
1.889202142551096e-06
3.23115559445047e-07
5.204294720839518e-08
0
0
0
0
0
0
0
0
0
0
0
0
0
0
0
0
0
0
0
0
0
0
0
0
0
0
0
0
0
0
1.033518427713392e-05
2.842839273655171e-05
1.94232525327692e-05
5.747634130928682e-06
1.236422127488343e-06
0
0
0
0
0
0
0
0
0
0
0
0
0
0
0
0
0
0
0
0
0
0
0
0
0
0
0
0
0
0
0
0
0
0
0
0
0
0
1.441644953018023e-06
6.592129352535064e-06
2.181263956302909e-05
3.078675736676148e-05
8.195443102407376e-06
8.278735140346538e-07
1.695019614065396e-07
2.722073709761888e-08
0
0
0
0
0
0
0
0
0
0
0
0
0
0
0
0
0
0
0
0
0
0
0
0
0
0
0
0
0
0
3.251643170444524e-06
1.967872333533753e-05
2.735034121202384e-05
1.130585992846265e-05
2.873002358084249e-06
5.978828697503879e-07
0
0
0
0
0
0
0
0
0
0
0
0
0
0
0
0
0
0
0
0
0
0
0
0
0
0
0
0
0
0
0
0
0
0
0
0
7.037998351367316e-07
3.325487239507026e-06
1.282675326382222e-05
3.026803225985764e-05
2.084821742680936e-05
2.794179826034832e-06
4.137227476251048e-07
7.524959353076733e-08
1.549862052236409e-08
0
0
0
0
0
0
0
0
0
0
0
0
0
0
0
0
0
0
0
0
0
0
0
0
0
0
0
0
0
0
1.019804474493202e-06
8.729792429911248e-06
2.82668408979393e-05
2.028552122377667e-05
6.609601370020158e-06
1.585598163197938e-06
3.34440618265364e-07
0
0
0
0
0
0
0
0
0
0
0
0
0
0
0
0
0
0
0
0
0
0
0
0
0
0
0
0
0
0
0
0
0
0
3.977750121016251e-07
1.85529687764391e-06
7.57824091220508e-06
2.270255735665698e-05
3.060486700461594e-05
8.743608604382534e-06
9.437673009791809e-07
1.952691267098409e-07
3.259060179896808e-08
0
0
0
0
0
0
0
0
0
0
0
0
0
0
0
0
0
0
0
0
0
0
0
0
0
0
0
0
0
0
0
4.452531526766603e-07
2.710286938622181e-06
1.756218108742368e-05
2.867015085188186e-05
1.4158645162948e-05
4.178325109093101e-06
1.001404199193345e-06
0
0
0
0
0
0
0
0
0
0
0
0
0
0
0
0
0
0
0
0
0
0
0
0
0
0
0
0
0
0
0
0
0
0
1.184663821049152e-06
4.8440485151901e-06
1.603687599657654e-05
3.156975024742953e-05
1.82781666991361e-05
2.509747361957049e-06
4.034068898681762e-07
7.735724960461772e-08
1.69701921053707e-08
0
0
0
0
0
0
0
0
0
0
0
0
0
0
0
0
0
0
0
0
0
0
0
0
0
0
0
0
0
0
0
1.818538327921504e-07
8.813514958777938e-07
6.138194506873948e-06
2.49416437426813e-05
2.502331782451631e-05
1.032093663594424e-05
2.973794030685827e-06
7.387522819881845e-07
0
0
0
0
0
0
0
0
0
0
0
0
0
0
0
0
0
0
0
0
0
0
0
0
0
0
0
0
0
0
0
0
8.851305525975404e-07
3.488272037387591e-06
1.182445338884314e-05
2.790184513452906e-05
2.655723101260287e-05
5.879387383393802e-06
7.620874256512823e-07
1.619032154164838e-07
3.092311638141704e-08
0
0
0
0
0
0
0
0
0
0
0
0
0
0
0
0
0
0
0
0
0
0
0
0
0
0
0
0
0
0
0
0
6.137339338939589e-08
3.269489484013449e-07
1.627983114825628e-06
1.074052555123925e-05
2.836737176032879e-05
2.139713859090668e-05
8.25989785384023e-06
2.437204952745041e-06
6.452562926869436e-07
0
0
0
0
0
0
0
0
0
0
0
0
0
0
0
0
0
0
0
0
0
0
0
0
0
0
0
0
0
0
7.851318636491592e-07
2.90136859758824e-06
9.594296686076988e-06
2.414016903619475e-05
3.074108095338901e-05
1.073658271800027e-05
1.367321512603931e-06
2.818367408819005e-07
5.532803615437366e-08
1.38201967471721e-08
0
0
0
0
0
0
0
0
0
0
0
0
0
0
0
0
0
0
0
0
0
0
0
0
0
0
0
0
0
0
0
0
2.043062358661385e-08
1.093972544246995e-07
5.151194880013311e-07
2.68697403858615e-06
1.491808534069532e-05
2.907176205312798e-05
1.918994827291862e-05
7.448434743548682e-06
2.331476336097155e-06
6.721171228768939e-07
0
0
0
0
0
0
0
0
0
0
0
0
0
0
0
0
0
0
0
0
0
0
0
0
0
0
0
0
8.277869418167333e-07
2.818604018655457e-06
8.794363770003248e-06
2.199414992151524e-05
3.206574777590457e-05
1.533054745445178e-05
2.327359677710864e-06
4.129977871175831e-07
9.446538953410978e-08
2.1554361721592e-08
0
0
0
0
0
0
0
0
0
0
0
0
0
0
0
0
0
0
0
0
0
0
0
0
0
0
0
0
0
0
0
0
0
0
3.623467991569835e-08
1.671290320408364e-07
7.176933518440865e-07
3.728770838345717e-06
1.74336273741416e-05
2.888687113825285e-05
1.866147333388301e-05
7.65629984852771e-06
2.613801175859865e-06
8.342862359587661e-07
0
0
0
0
0
0
0
0
0
0
0
0
0
0
0
0
0
0
0
0
0
0
0
0
0
0
1.033454260938384e-06
3.190257334711028e-06
9.160206994274555e-06
2.171067514514173e-05
3.239183712858413e-05
1.820703154607246e-05
3.342079382608392e-06
5.712480806103881e-07
1.35982788017319e-07
3.253848953194638e-08
0
0
0
0
0
0
0
0
0
0
0
0
0
0
0
0
0
0
0
0
0
0
0
0
0
0
0
0
0
0
0
0
0
0
0
0
4.947446403384045e-08
2.143756994815851e-07
8.736701658695923e-07
4.272696285133081e-06
1.78514645144124e-05
2.87391452026343e-05
1.980839605081555e-05
8.956906275709608e-06
3.414271154606733e-06
1.224776647916657e-06
4.38202160957661e-07
0
0
0
0
0
0
0
0
0
0
0
0
0
0
0
0
0
0
0
0
0
0
5.431278656400983e-07
1.513366760941974e-06
4.177098332108671e-06
1.076894732957361e-05
2.329419697487296e-05
3.25704486486217e-05
1.888245740127928e-05
3.878601218201979e-06
6.983478579495776e-07
1.730193643428897e-07
4.025089987827404e-08
0
0
0
0
0
0
0
0
0
0
0
0
0
0
0
0
0
0
0
0
0
0
0
0
0
0
0
0
0
0
0
0
0
0
0
0
0
1.728602707545152e-08
5.778188483580518e-08
2.424586079937564e-07
9.069839575017288e-07
4.100511299815043e-06
1.62085420455955e-05
2.841664628306737e-05
2.259329135707365e-05
1.174879501885352e-05
5.11889725098564e-06
2.095029645347841e-06
8.536199336710602e-07
3.58327624575264e-07
0
0
0
0
0
0
0
0
0
0
0
0
0
0
0
0
0
0
4.338026816070467e-07
1.04068140065845e-06
2.558374062465868e-06
6.22027215774471e-06
1.411968418156494e-05
2.664503284598322e-05
3.241642053990924e-05
1.716917537951352e-05
3.684470375828039e-06
7.283965603253819e-07
1.936012604825171e-07
4.641139830670921e-08
1.462378052464933e-08
0
0
0
0
0
0
0
0
0
0
0
0
0
0
0
0
0
0
0
0
0
0
0
0
0
0
0
0
0
0
0
0
0
0
0
0
0
0
1.823152297834527e-08
6.051032660491532e-08
2.329181106218367e-07
8.147098657862365e-07
3.216937682765291e-06
1.275696017469618e-05
2.648059248927183e-05
2.644761059046717e-05
1.666942703960301e-05
8.546999399831266e-06
4.056496823796726e-06
1.902294161200639e-06
9.137591880184375e-07
4.611947687326171e-07
0
0
0
0
0
0
0
0
0
0
0
0
0
0
5.380213961548967e-07
1.080618583929297e-06
2.26917538654301e-06
4.856563166152228e-06
1.022478343643567e-05
1.980940680057174e-05
3.098098461030643e-05
3.002464040191295e-05
1.329009983750617e-05
2.862434920208915e-06
6.357414208058666e-07
1.888356014466231e-07
4.812617499109739e-08
1.485481140870321e-08
0
0
0
0
0
0
0
0
0
0
0
0
0
0
0
0
0
0
0
0
0
0
0
0
0
0
0
0
0
0
0
0
0
0
0
0
0
0
0
0
1.795403003507808e-08
5.447451547365052e-08
1.993533535485492e-07
6.295018478432614e-07
2.125450457165116e-06
8.192348246929011e-06
2.115529280516126e-05
2.881003135184462e-05
2.378754608287913e-05
1.499903175869775e-05
8.466849140809357e-06
4.634622781421416e-06
2.575720514961335e-06
1.490623872277796e-06
9.140312170039825e-07
6.0058914859551e-07
4.264517728721096e-07
0
0
0
0
0
0
4.546830631629225e-07
6.531154360943556e-07
1.013540561603926e-06
1.684207191056107e-06
2.95596471220133e-06
5.381112680731947e-06
9.885942618803094e-06
1.755743112123452e-05
2.771300022365653e-05
3.317571189216224e-05
2.352172457200018e-05
8.333117577696505e-06
1.804127976050781e-06
4.956116376524075e-07
1.581022930609145e-07
4.357700773223865e-08
1.454790415728664e-08
0
0
0
0
0
0
0
0
0
0
0
0
0
0
0
0
0
0
0
0
0
0
0
0
0
0
0
0
0
0
0
0
0
0
0
0
0
0
0
0
0
0
1.673840992288246e-08
4.55556969233395e-08
1.447176379053711e-07
4.300870753978723e-07
1.202157078958224e-06
4.074740746483823e-06
1.266791226529856e-05
2.454147857731006e-05
2.922040267906824e-05
2.470949845969015e-05
1.740253921375121e-05
1.14445246452266e-05
7.460833122081475e-06
4.992022038306762e-06
3.497767983989773e-06
2.603169057094125e-06
2.076096817692483e-06
1.782717685664308e-06
1.655252530962259e-06
1.666985352176943e-06
1.822004882433571e-06
2.156875859076245e-06
2.750148205880103e-06
3.758693059940419e-06
5.452127438963329e-06
8.276219442380642e-06
1.285817013271164e-05
1.975375498755006e-05
2.814185762804011e-05
3.324174900262818e-05
2.750222082697243e-05
1.357736413516433e-05
3.887746079522276e-06
9.867587936271863e-07
3.404251512575844e-07
1.182731916720255e-07
3.579379187107732e-08
1.344406387749896e-08
0
0
0
0
0
0
0
0
0
0
0
0
0
0
0
0
0
0
0
0
0
0
0
0
0
0
0
0
0
0
0
0
0
0
0
0
0
0
0
0
0
0
0
0
0
3.501646491311828e-08
9.225379805281495e-08
2.651094687856297e-07
6.487403200915332e-07
1.670784270318178e-06
5.110662589339448e-06
1.32049373596085e-05
2.353493532757815e-05
2.955783837236244e-05
2.883633361923992e-05
2.43511434573641e-05
1.932566450318636e-05
1.522235346994064e-05
1.229144096650262e-05
1.035678675683424e-05
9.205435358055588e-06
8.684770735925963e-06
8.734675714221681e-06
9.376320184938157e-06
1.06935107271852e-05
1.28800309202828e-05
1.616103904187261e-05
2.078833292419436e-05
2.650371966764719e-05
3.171218996647933e-05
3.261883929477964e-05
2.590821869854282e-05
1.421340866725914e-05
5.114719281158534e-06
1.451950784629867e-06
5.25452342268707e-07
2.111408909067218e-07
7.379601812665519e-08
2.647112006264623e-08
0
0
0
0
0
0
0
0
0
0
0
0
0
0
0
0
0
0
0
0
0
0
0
0
0
0
0
0
0
0
0
0
0
0
0
0
0
0
0
0
0
0
0
0
0
0
0
0
2.376773032480089e-08
5.475124616413292e-08
1.405876556634109e-07
3.351136652976975e-07
6.900754945515521e-07
1.501656222956735e-06
3.925030222046371e-06
9.270411664384678e-06
1.711745640286758e-05
2.459332515705066e-05
2.935944635864838e-05
3.094571499145274e-05
3.054956779368955e-05
2.932755009251055e-05
2.820647438490041e-05
2.759051162998714e-05
2.775393941045697e-05
2.863414813436385e-05
3.018353581045242e-05
3.173514376490742e-05
3.25982223303164e-05
3.112091212832143e-05
2.626676068586233e-05
1.820809794917568e-05
9.735536735715319e-06
3.928606399166025e-06
1.341054941315476e-06
5.816334071602092e-07
2.71878843114575e-07
1.122727509137399e-07
4.161747784127887e-08
1.798997433708276e-08
0
0
0
0
0
0
0
0
0
0
0
0
0
0
0
0
0
0
0
0
0
0
0
0
0
0
0
0
0
0
0
0
0
0
0
0
0
0
0
0
0
0
0
0
0
0
0
0
0
0
0
3.099056343852845e-08
6.449374777158898e-08
1.448704312046958e-07
2.973279987817596e-07
5.194160664093555e-07
8.946524278379622e-07
1.738689284400588e-06
3.63085007075545e-06
6.82451194255838e-06
1.08557275439462e-05
1.491900153304683e-05
1.834291403457374e-05
2.066592871094183e-05
2.192751104076625e-05
2.200408106594001e-05
2.100368669128993e-05
1.874282896055868e-05
1.535472247786311e-05
1.1156385278115e-05
6.926448135025324e-06
3.623993148082135e-06
1.642029362986137e-06
7.922328322171915e-07
4.452316935135452e-07
2.54158659508388e-07
1.168750439585782e-07
4.98401008880122e-08
2.310347956087684e-08
0
0
0
0
0
0
0
0
0
0
0
0
0
0
0
0
0
0
0
0
0
0
0
0
0
0
0
0
0
0
0
0
0
0
0
0
0
0
0
0
0
0
0
0
0
0
0
0
0
0
0
0
0
0
0
2.962648266445879e-08
5.319043478613285e-08
1.046010452955257e-07
1.921510960813963e-07
3.110418183466756e-07
4.375700505877459e-07
5.78191087157828e-07
7.97616828652798e-07
1.137826394954638e-06
1.573327629378956e-06
2.006431009634698e-06
2.276488497052159e-06
2.290139615107704e-06
2.04937266641073e-06
1.626065173931035e-06
1.174569514175546e-06
8.072543991634363e-07
5.632940571191791e-07
4.029613641007729e-07
2.745126386237542e-07
1.645037761060611e-07
8.509186155739808e-08
4.158504257136961e-08
2.266895759007928e-08
0
0
0
0
0
0
0
0
0
0
0
0
0
0
0
0
0
0
0
0
0
0
0
0
0
0
0
0
0
0
0
0
0
0
0
0
0
0
0
0
0
0
0
0
0
0
0
0
0
0
0
0
0
0
0
0
0
0
0
2.103206806310527e-08
3.131358084340062e-08
5.031538270563853e-08
7.850309087791429e-08
1.223578919941483e-07
1.748573572788794e-07
2.300067021803289e-07
2.801046154769498e-07
3.222209504946057e-07
3.486602217669611e-07
3.528552266056111e-07
3.32283415623522e-07
2.933657412727628e-07
2.402709447752261e-07
1.788982983017059e-07
1.19891320610359e-07
7.369718834342499e-08
4.387816818194939e-08
2.578028258300718e-08
1.685512306588422e-08
0
0
0
0
0
0
0
0
0
0
0
0
0
0
0
0
0
0
0
0
0
0
0
0
0
0
0
0
0
0
0
0
0
0
0
0
0
0
0
0
0
0
0
0
0
0
0
0
0
0
0
0
0
0
0
0
0
0
0
0
0
0
0
0
1.519596974751126e-08
1.824845628568468e-08
2.542073289341164e-08
3.35480944323023e-08
4.304253608235885e-08
5.039708553256638e-08
5.540950928617838e-08
5.539392046286114e-08
5.0895323685757e-08
4.275722927959211e-08
3.295587594734459e-08
2.415987516020005e-08
1.712877635001966e-08
1.375430648360369e-08
0
0
0
0
0
0
0
0
0
0
0
0
0
0
0
0
0
0
0
0
0
0
0
0
0
0
0
0
0
0
0
0
0
0
0
0
0
0
0
0
0
0
0
0
0
0
0
0
0
0
0
0
0
0
0
0
0
0
0
0
0
0
0
0
0
0
0
0
0
0
0
0
0
0
0
0
0
0
0
0
0
0
0
0
0
0
0
0
0
0
0
0
0
0
0
0
0
0
0
0
0
0
0
0
0
0
0
0
0
0
0
0
0
0
0
0
0
0
0
0
0
0
0
0
0
0
0
0
0
0
0
0
0
0
0
0
0
0
0
0
0
0
0
0
0
0
0
0
0
0
0
0
0
0
0
0
0
0
0
0
0
0
0
0
0
0
0
0
0
0
0
0
0
0
0
0
0
0
0
0
0
0
0
0
0
0
0
0
0
0
0
0
0
0
0
0
0
0
0
0
0
0
0
0
0
0
0
0
0
0
0
0
0
0
0
0
0
0
0
0
0
0
0
0
0
0
0
0
0
0
0
0
0
0
0
0
0
0
0
0
0
0
0
0
0
0
0
0
0
0
0
0
0
0
0
0
0
0
0
0
0
0
0
0
0
0
0
0
0
0
0
0
0
0
0
0
0
0
0
0
0
0
0
0
0
0
0
0
0
0
0
0
0
0
0
0
0
0
0
0
0
0
0
0
0
0
0
0
0
0
0
0
0
0
0
0
0
0
0
0
0
0
0
0
0
0
0
0
0
0
0
0
0
0
0
0
0
0
0
0
0
0
0
0
0
0
0
0
0
0
0
0
0
0
0
0
0
0
0
0
0
0
0
0
0
0
0
0
0
0
0
0
0
0
0
0
0
0
0
0
0
0
0
0
0
0
0
0
0
0
0
0
0
0
0
0
0
0
0
0
0
0
0
0
0
0
0
0
0
0
0
0
0
0
0
0
0
0
0
0
0
0
0
0
0
0
0
0
0
0
0
0
0
0
0
0
0
0
0
0
0
0
0
0
0
0
0
0
0
0
0
0
0
0
0
0
0
0
0
0
0
0
0
0
0
0
0
0
0
0
0
0
0
0
0
0
0
0
0
0
0
0
0
0
0
0
0
0
0
0
0
0
0
0
0
0
0
0
0
0
0
0
0
0
0
0
0
0
0
0
0
0
0
0
0
0
0
0
0
0
0
0
0
0
0
0
0
0
0
0
0
0
0
0
0
0
0
0
0
0
0
0
0
0
0
0
0
0
0
0
0
0
0
0
0
0
0
0
0
0
0
0
0
0
0
0
0
0
0
0
0
0
0
0
0
0
0
0
0
0
0
0
0
0
0
0
0
0
0
0
0
0
0
0
0
0
0
0
0
0
0
0
0
0
0
0
0
0
0
0
0
0
0
0
0
0
0
0
0
0
0
0
0
0
0
0
0
0
0
0
0
0
0
0
0
0
0
0
0
0
0
0
0
0
0
0
0
0
0
0
0
0
0
0
0
0
0
0
0
0
0
0
0
0
0
0
0
0
0
0
0
0
0
0
0
0
0
0
0
0
0
0
0
0
0
0
0
0
0
0
0
0
0
0
0
0
0
0
0
0
0
0
0
0
0
0
0
0
0
0
0
0
0
0
0
0
0
0
0
0
0
0
0
0
0
0
0
0
0
0
0
0
0
0
0
0
0
0
0
0
0
0
0
0
0
0
0
0
0
0
0
0
0
0
0
0
0
0
0
0
0
0
0
0
0
0
0
0
0
0
0
0
0
0
0
0
0
0
0
0
0
0
0
0
0
0
0
0
0
0
0
0
0
0
0
0
0
0
0
0
0
0
0
0
0
0
0
0
0
0
0
0
0
0
0
0
0
0
0
0
0
0
0
0
0
0
0
0
0
0
0
0
0
0
0
0
0
0
0
0
0
0
0
0
0
0
0
0
0
0
0
0
0
0
0
0
0
0
0
0
0
0
0
0
0
0
0
0
0
0
0
0
0
0
0
0
0
0
0
0
0
0
0
0
0
0
0
0
0
0
0
0
0
0
0
0
0
0
0
0
0
0
0
0
0
0
0
0
0
0
0
0
0
0
0
0
0
0
0
0
0
0
0
0
0
0
0
0
0
0
0
0
0
0
0
0
0
0
0
0
0
0
0
0
0
0
0
0
0
0
0
0
0
0
0
0
0
0
0
0
0
0
0
0
0
0
0
0
0
0
0
0
0
0
0
0
0
0
0
0
0
0
0
0
0
0
0
0
0
0
0
0
0
0
0
0
0
0
0
0
0
0
0
0
0
0
0
0
0
0
0
0
0
0
0
0
0
0
0
0
0
0
0
0
0
0
0
0
0
0
0
0
0
0
0
0
0
0
0
0
0
0
0
0
0
0
0
0
0
0
0
0
0
0
0
0
0
0
0
0
0
0
0
0
0
0
0
0
0
0
0
0
0
0
0
0
0
0
0
0
0
0
0
0
0
0
0
0
0
0
0
0
0
0
0
0
0
0
0
0
0
0
0
0
0
0
0
0
0
0
0
0
0
0
0
0
0
0
0
0
0
0
0
0
0
0
0
0
0
0
0
0
0
0
0
0
0
0
0
0
0
0
0
0
0
0
0
0
0
0
0
0
0
0
0
0
0
0
0
0
0
0
0
0
0
0
0
0
0
0
0
0
0
0
0
0
0
0
0
0
0
0
0
0
0
0
0
0
0
0
0
0
0
0
0
0
0
0
0
0
0
0
0
0
0
0
0
0
0
0
0
0
0
0
0
0
0
0
0
0
0
0
0
0
0
0
0
0
0
0
0
0
0
0
0
0
0
0
0
0
0
0
0
0
0
0
0
0
0
0
0
0
0
0
0
0
0
0
0
0
0
0
0
0
0
0
0
0
0
0
0
0
0
0
0
0
0
0
0
0
0
0
0
0
0
0
0
0
0
0
0
0
0
0
0
0
0
0
0
0
0
0
0
0
0
0
0
0
0
0
0
0
0
0
0
0
0
0
0
0
0
0
0
0
0
0
0
0
0
0
0
0
0
0
0
0
0
0
0
0
0
0
0
0
0
0
0
0
0
0
0
0
0
0
0
0
0
0
0
0
0
0
0
0
0
0
0
0
0
0
0
0
0
0
0
0
0
0
0
0
0
0
0
0
0
0
0
0
0
0
0
0
0
0
0
0
0
0
0
0
0
0
0
0
0
0
0
0
0
0
0
0
0
0
0
0
0
0
0
0
0
0
0
0
0
0
0
0
0
0
0
0
0
0
0
0
0
0
0
0
0
0
0
0
0
0
0
0
0
0
0
0
0
0
0
0
0
0
0
0
0
0
0
0
0
0
0
0
0
0
0
0
0
0
0
0
0
0
0
0
0
0
0
0
0
0
0
0
0
0
0
0
0
0
0
0
0
0
0
0
0
0
0
0
0
0
0
0
0
0
0
0
0
0
0
0
0
0
0
0
0
0
0
0
0
0
0
0
0
0
0
0
0
0
0
0
0
0
0
0
0
0
0
0
0
0
0
0
0
0
0
0
0
0
0
0
0
0
0
0
0
0
0
0
0
0
0
0
0
0
0
0
0
0
0
0
0
0
0
0
0
0
0
0
0
0
0
0
0
0
0
0
0
0
0
0
0
0
0
0
0
0
0
0
0
0
0
0
0
0
0
0
0
0
0
0
0
0
0
0
0
0
0
0
0
0
0
0
0
0
0
0
0
0
0
0
0
0
0
0
0
0
0
0
0
0
0
0
0
0
0
0
0
0
0
0
0
0
0
0
0
0
0
0
0
0
0
0
0
0
0
0
0
0
0
0
0
0
0
0
0
0
0
0
0
0
0
0
0
0
0
0
0
0
0
0
0
0
0
0
0
0
0
0
0
0
0
0
0
0
0
0
0
0
0
0
0
0
0
0
0
0
0
0
0
0
0
0
0
0
0
0
0
0
0
0
0
0
0
0
0
0
0
0
0
0
0
0
0
0
0
0
0
0
0
0
0
0
0
0
0
0
0
0
0
0
0
0
0
0
0
0
0
0
0
0
0
0
0
0
0
0
0
0
0
0
0
0
0
0
0
0
0
0
0
0
0
0
0
0
0
0
0
0
0
0
0
0
0
0
0
0
0
0
0
0
0
0
0
0
0
0
0
0
0
0
0
0
0
0
0
0
0
0
0
0
0
0
0
0
0
0
0
0
0
0
0
0
0
0
0
0
0
0
0
0
0
0
0
0
0
0
0
0
0
0
0
0
0
0
0
0
0
0
0
0
0
0
0
0
0
0
0
0
0
0
0
0
0
0
0
0
0
0
0
0
0
0
0
0
0
0
0
0
0
0
0
0
0
0
0
0
0
0
0
0
0
0
0
0
0
0
0
0
0
0
0
0
0
0
0
0
0
0
0
0
0
0
0
0
0
0
0
0
0
0
0
0
0
0
0
0
0
0
0
0
0
0
0
0
0
0
0
0
0
0
0
0
0
0
0
0
0
0
0
0
0
0
0
0
0
0
0
0
0
0
0
0
0
0
0
0
0
0
0
0
0
0
0
0
0
0
0
0
0
0
0
0
0
0
0
1.421625323258846e-08
1.823362363646892e-08
2.447105370538172e-08
3.126153214394254e-08
3.656482217033001e-08
4.369129033928008e-08
4.983878259999503e-08
5.364292775369189e-08
5.196629616509623e-08
4.400326577406098e-08
3.407503003373361e-08
2.51046859997544e-08
1.841956847247637e-08
1.422928282999672e-08
0
0
0
0
0
0
0
0
0
0
0
0
0
0
0
0
0
0
0
0
0
0
0
0
0
0
0
0
0
0
0
0
0
0
0
0
0
0
0
0
0
0
0
0
0
0
0
0
0
0
0
0
0
0
0
0
0
0
0
0
0
0
0
0
1.762238699566046e-08
2.860515328567387e-08
5.056970692298529e-08
8.375879760053939e-08
1.321842850664355e-07
1.819179206515856e-07
2.283636334716761e-07
2.607932230417289e-07
2.831431248330068e-07
3.332873780420471e-07
3.493940006293816e-07
3.438303413003139e-07
2.933345788366838e-07
2.553474808323582e-07
1.95535968008095e-07
1.337094443675771e-07
8.108985928395666e-08
4.590236101898752e-08
2.54923111221589e-08
1.627422775076399e-08
0
0
0
0
0
0
0
0
0
0
0
0
0
0
0
0
0
0
0
0
0
0
0
0
0
0
0
0
0
0
0
0
0
0
0
0
0
0
0
0
0
0
0
0
0
0
0
0
0
0
0
0
0
0
0
0
0
0
0
2.450782382211382e-08
4.706117831082823e-08
9.740165785464628e-08
1.887918033578812e-07
3.355660832988697e-07
4.985434752621514e-07
7.065878769752633e-07
9.488607595060795e-07
1.249433172940754e-06
1.58842896256998e-06
2.034391182788256e-06
2.306722492468303e-06
2.461131934450368e-06
2.2664796709438e-06
1.863777144012602e-06
1.383035016551749e-06
1.009312223271052e-06
7.323378536709308e-07
4.907979702819332e-07
3.126427197832353e-07
1.741889374274887e-07
8.731083489026739e-08
4.127974947315136e-08
2.259232488514653e-08
0
0
0
0
0
0
0
0
0
0
0
0
0
0
0
0
0
0
0
0
0
0
0
0
0
0
0
0
0
0
0
0
0
0
0
0
0
0
0
0
0
0
0
0
0
0
0
0
0
0
0
0
0
0
0
2.483010808551103e-08
5.403557037755957e-08
1.299435019661369e-07
2.878933535215277e-07
5.63969694816492e-07
1.045076612374508e-06
2.01319060533506e-06
3.828607480860798e-06
6.662652415763292e-06
9.905482711060079e-06
1.34311539336918e-05
1.650089815386195e-05
1.886015488369356e-05
2.048015721129175e-05
2.071804700119798e-05
2.034960914382398e-05
1.863474207179522e-05
1.585064902722506e-05
1.174280320956797e-05
7.423403444145867e-06
3.986364472517817e-06
1.839657629475175e-06
8.64009374958444e-07
4.706649276703575e-07
2.539051559822988e-07
1.18604248413755e-07
5.066213307563742e-08
2.472482559001419e-08
0
0
0
0
0
0
0
0
0
0
0
0
0
0
0
0
0
0
0
0
0
0
0
0
0
0
0
0
0
0
0
0
0
0
0
0
0
0
0
0
0
0
0
0
0
0
0
0
0
0
0
1.892867777202312e-08
4.549768676419979e-08
1.200765313252871e-07
2.983323159702046e-07
6.813768059818874e-07
1.581367265846805e-06
3.98534825743509e-06
8.687825954315418e-06
1.520911957582531e-05
2.119596251702355e-05
2.494649378185275e-05
2.610174457070158e-05
2.582193668901849e-05
2.518520727541913e-05
2.465138265272733e-05
2.449790778337633e-05
2.497343038177966e-05
2.635724729345975e-05
2.830420223931596e-05
3.038163758140803e-05
3.142589240703731e-05
3.039183517327794e-05
2.576976282786414e-05
1.815838437973468e-05
9.809657172733671e-06
4.048716476669335e-06
1.434146446499671e-06
6.105329360036256e-07
2.887478519538385e-07
1.203616689553956e-07
4.676604107638583e-08
2.091324014804968e-08
0
0
0
0
0
0
0
0
0
0
0
0
0
0
0
0
0
0
0
0
0
0
0
0
0
0
0
0
0
0
0
0
0
0
0
0
0
0
0
0
0
0
0
0
0
0
0
0
2.862520198039373e-08
7.955367801449747e-08
2.32351802441139e-07
6.031321286495007e-07
1.605921989276217e-06
4.817538475156346e-06
1.186200832338467e-05
2.026285616324995e-05
2.449575182252897e-05
2.347976789955743e-05
1.973201924077294e-05
1.566075701718265e-05
1.237352894393795e-05
1.006357704609278e-05
8.626706345140574e-06
7.817105640663806e-06
7.505637906780154e-06
7.665545223158637e-06
8.37832224482461e-06
9.741253455887773e-06
1.190724570078943e-05
1.507046131726979e-05
1.949394815539618e-05
2.497937708170738e-05
3.001772811074523e-05
3.104578591954821e-05
2.4788803609093e-05
1.383102081981895e-05
5.202701782255918e-06
1.608985373608042e-06
6.083145460191876e-07
2.462861859745947e-07
8.399621809765311e-08
3.057227651549753e-08
0
0
0
0
0
0
0
0
0
0
0
0
0
0
0
0
0
0
0
0
0
0
0
0
0
0
0
0
0
0
0
0
0
0
0
0
0
0
0
0
0
0
0
0
0
1.375516144126477e-08
3.889341278957418e-08
1.277485424529488e-07
3.904162752168963e-07
1.14594034473209e-06
3.847642132576391e-06
1.126901092191412e-05
2.101056652756853e-05
2.43246744654319e-05
2.004923583767857e-05
1.384893500069527e-05
8.9995477910122e-06
5.85704970458214e-06
3.930096080600152e-06
2.770797166597858e-06
2.082354606785267e-06
1.691052162199925e-06
1.48117055498303e-06
1.401571493224407e-06
1.43323747928287e-06
1.593516783048215e-06
1.917135547430662e-06
2.475977022190651e-06
3.412251691589542e-06
4.972653335715742e-06
7.58073942046326e-06
1.180738861139943e-05
1.816357178917392e-05
2.59151266481722e-05
3.073855653654218e-05
2.572325079041424e-05
1.310970067424314e-05
4.117432036828558e-06
1.169311020818746e-06
4.106107344806858e-07
1.368409018821945e-07
4.070296192807481e-08
1.45655895008012e-08
0
0
0
0
0
0
0
0
0
0
0
0
0
0
0
0
0
0
0
0
0
0
0
0
0
0
0
0
0
0
0
0
0
0
0
0
0
0
0
0
0
0
1.534099938241807e-08
4.830731308241355e-08
1.762014414373023e-07
5.642879515803955e-07
1.967639094717475e-06
7.362278636310171e-06
1.82962518774559e-05
2.416920423022567e-05
1.948771291933765e-05
1.205907829079632e-05
6.688641257030115e-06
3.612691260670969e-06
1.988555932069113e-06
1.150112335300833e-06
7.084078021920578e-07
4.689638658673864e-07
3.370519813788291e-07
0
0
0
0
0
0
4.007331721138161e-07
5.790065883204401e-07
9.004606342345478e-07
1.498882384929896e-06
2.635755458085467e-06
4.806789712595713e-06
8.849327520268049e-06
1.574167906577082e-05
2.497498790050995e-05
3.016536364408591e-05
2.192423824857556e-05
8.251765929269672e-06
1.987620634148004e-06
5.648843002704554e-07
1.758623522172761e-07
4.835976390633402e-08
1.576770645031043e-08
0
0
0
0
0
0
0
0
0
0
0
0
0
0
0
0
0
0
0
0
0
0
0
0
0
0
0
0
0
0
0
0
0
0
0
0
0
0
0
0
1.561846041315485e-08
5.267518891601344e-08
2.040105362797758e-07
7.206848821936045e-07
2.904997403372701e-06
1.116188585886593e-05
2.265985958014919e-05
2.212580123047318e-05
1.362225243015931e-05
6.827289497104081e-06
3.191812041305446e-06
1.481538296997233e-06
7.060707111507318e-07
3.539321778049255e-07
0
0
0
0
0
0
0
0
0
0
0
0
0
0
4.667409851216006e-07
9.398393923718396e-07
1.977047954150427e-06
4.246236886950734e-06
8.989289244315355e-06
1.753822276412297e-05
2.771656490709286e-05
2.741319631882714e-05
1.292202767409634e-05
3.053459387249717e-06
7.393858100049983e-07
2.110832276143292e-07
5.473133769475302e-08
1.625555082353956e-08
0
0
0
0
0
0
0
0
0
0
0
0
0
0
0
0
0
0
0
0
0
0
0
0
0
0
0
0
0
0
0
0
0
0
0
0
0
0
1.498342431184979e-08
5.080206046866794e-08
2.116067061498467e-07
8.177492775306902e-07
3.715130174092901e-06
1.425186094347036e-05
2.427646443427915e-05
1.893532287567978e-05
9.660084162369432e-06
4.118751006102425e-06
1.654033081614382e-06
6.661572398133753e-07
2.781637160161554e-07
0
0
0
0
0
0
0
0
0
0
0
0
0
0
0
0
0
0
3.699084745217123e-07
8.920772957103492e-07
2.200153411115585e-06
5.395123928410442e-06
1.23489786902214e-05
2.363810456830703e-05
2.928754963153872e-05
1.63337749952457e-05
3.891394326909633e-06
8.268604002068963e-07
2.171427604420846e-07
5.220338186924913e-08
1.60732560829367e-08
0
0
0
0
0
0
0
0
0
0
0
0
0
0
0
0
0
0
0
0
0
0
0
0
0
0
0
0
0
0
0
0
0
0
0
0
0
4.457751237357956e-08
1.909153536439575e-07
7.966865702901745e-07
3.781155811281875e-06
1.554070391264148e-05
2.449706744057136e-05
1.664686686498789e-05
7.407917533807752e-06
2.783493618427337e-06
9.815104673799159e-07
3.457767246183582e-07
0
0
0
0
0
0
0
0
0
0
0
0
0
0
0
0
0
0
0
0
0
0
4.576442451388444e-07
1.281287928557364e-06
3.56487741327396e-06
9.297640852876663e-06
2.035924576384626e-05
2.911305338826517e-05
1.754406550110536e-05
4.031500216086822e-06
7.933492208218748e-07
1.96023688712893e-07
4.632597755983496e-08
0
0
0
0
0
0
0
0
0
0
0
0
0
0
0
0
0
0
0
0
0
0
0
0
0
0
0
0
0
0
0
0
0
0
0
0
3.417002961846649e-08
1.57803466709328e-07
6.939880222713919e-07
3.391043341426781e-06
1.535117162114926e-05
2.46161933519785e-05
1.567135702270179e-05
6.324206182337461e-06
2.137722032792851e-06
6.763862940047197e-07
0
0
0
0
0
0
0
0
0
0
0
0
0
0
0
0
0
0
0
0
0
0
0
0
0
0
8.595609395963903e-07
2.680339617117161e-06
7.78292328035896e-06
1.876446864743505e-05
2.861602671703066e-05
1.690844492324696e-05
3.512562767937944e-06
6.734541137440929e-07
1.611863048343772e-07
3.703410823402399e-08
0
0
0
0
0
0
0
0
0
0
0
0
0
0
0
0
0
0
0
0
0
0
0
0
0
0
0
0
0
0
0
0
0
0
2.034130937647575e-08
1.009275886927918e-07
4.937651919307193e-07
2.493820776412477e-06
1.326781845979268e-05
2.490280809101141e-05
1.609181407251211e-05
6.153006229223362e-06
1.904713107098277e-06
5.453783775849659e-07
0
0
0
0
0
0
0
0
0
0
0
0
0
0
0
0
0
0
0
0
0
0
0
0
0
0
0
0
6.826410590468364e-07
2.355679266783794e-06
7.470342512560005e-06
1.911694679943795e-05
2.875351619292231e-05
1.452329595879999e-05
2.5574460080174e-06
4.95412650851555e-07
1.084038413630386e-07
2.424035162076662e-08
0
0
0
0
0
0
0
0
0
0
0
0
0
0
0
0
0
0
0
0
0
0
0
0
0
0
0
0
0
0
0
0
0
5.627029295047775e-08
2.992345914370274e-07
1.483883471142768e-06
9.547242491489359e-06
2.447809186646489e-05
1.806018657894739e-05
6.864313465816506e-06
1.996759389438657e-06
5.251066726863086e-07
0
0
0
0
0
0
0
0
0
0
0
0
0
0
0
0
0
0
0
0
0
0
0
0
0
0
0
0
0
0
6.48676956104107e-07
2.438474036627116e-06
8.242898498714719e-06
2.128136752413933e-05
2.809317231111484e-05
1.049153678044103e-05
1.580640434126519e-06
3.28056099697253e-07
6.306724150099976e-08
1.538309821795547e-08
0
0
0
0
0
0
0
0
0
0
0
0
0
0
0
0
0
0
0
0
0
0
0
0
0
0
0
0
0
0
0
0
1.686506503425324e-07
8.10938024354791e-07
5.492501199817388e-06
2.170163910012317e-05
2.130530030446979e-05
8.63670183277635e-06
2.455167722999252e-06
6.053919391623137e-07
0
0
0
0
0
0
0
0
0
0
0
0
0
0
0
0
0
0
0
0
0
0
0
0
0
0
0
0
0
0
0
0
7.362497815041697e-07
2.959659295462133e-06
1.027145302199033e-05
2.486444472506312e-05
2.462653379914909e-05
6.065922578570609e-06
8.883374713290299e-07
1.83212483791693e-07
3.453192345650761e-08
0
0
0
0
0
0
0
0
0
0
0
0
0
0
0
0
0
0
0
0
0
0
0
0
0
0
0
0
0
0
0
0
4.324242207553691e-07
2.582001398948097e-06
1.583442406928835e-05
2.49905284678773e-05
1.204407479469721e-05
3.490103764125821e-06
8.283323013620982e-07
0
0
0
0
0
0
0
0
0
0
0
0
0
0
0
0
0
0
0
0
0
0
0
0
0
0
0
0
0
0
0
0
0
0
9.949071204386559e-07
4.162120538902402e-06
1.410105142553641e-05
2.854671725269718e-05
1.753135852390381e-05
2.777415044668023e-06
4.601367001920631e-07
8.645299557059285e-08
1.896157368278782e-08
0
0
0
0
0
0
0
0
0
0
0
0
0
0
0
0
0
0
0
0
0
0
0
0
0
0
0
0
0
0
0
9.978453922116099e-07
8.072018273233278e-06
2.514898622729057e-05
1.761403876832977e-05
5.636239755711765e-06
1.333945977764538e-06
2.798569727920024e-07
0
0
0
0
0
0
0
0
0
0
0
0
0
0
0
0
0
0
0
0
0
0
0
0
0
0
0
0
0
0
0
0
0
0
3.324690336654031e-07
1.583595120528914e-06
6.618107977559718e-06
2.031296336302693e-05
2.838546034071018e-05
8.858486230686015e-06
1.089467794750187e-06
2.150802762833912e-07
3.747275779487487e-08
0
0
0
0
0
0
0
0
0
0
0
0
0
0
0
0
0
0
0
0
0
0
0
0
0
0
0
0
0
0
0
3.065855439917451e-06
1.780493458900644e-05
2.416056292431492e-05
9.813225398498362e-06
2.456852273401871e-06
5.078118208150433e-07
0
0
0
0
0
0
0
0
0
0
0
0
0
0
0
0
0
0
0
0
0
0
0
0
0
0
0
0
0
0
0
0
0
0
0
0
6.007897521479416e-07
2.89767208170043e-06
1.14178309372201e-05
2.770321744696813e-05
2.00106375169871e-05
2.995158345210819e-06
4.6037602639388e-07
8.335358321722158e-08
1.708449381691045e-08
0
0
0
0
0
0
0
0
0
0
0
0
0
0
0
0
0
0
0
0
0
0
0
0
0
0
0
0
0
0
9.441138944941554e-06
2.552731769169527e-05
1.712752166993433e-05
4.994750531698539e-06
1.062991576910725e-06
0
0
0
0
0
0
0
0
0
0
0
0
0
0
0
0
0
0
0
0
0
0
0
0
0
0
0
0
0
0
0
0
0
0
0
0
0
0
1.256925127677606e-06
5.859680481033292e-06
1.985086955915586e-05
2.892341930852463e-05
8.252313299834748e-06
9.060184996927839e-07
1.809866750041191e-07
2.939533961693254e-08
0
0
0
0
0
0
0
0
0
0
0
0
0
0
0
0
0
0
0
0
0
0
0
0
0
0
0
0
0
0
2.13679492466088e-05
2.60478501355624e-05
1.064371101012414e-05
2.505025164156024e-06
4.740670141098082e-07
0
0
0
0
0
0
0
0
0
0
0
0
0
0
0
0
0
0
0
0
0
0
0
0
0
0
0
0
0
0
0
0
0
0
0
0
0
0
5.607204210902702e-07
2.947745022630614e-06
1.234688142609581e-05
2.931945407739391e-05
1.71059950319432e-05
2.025327438023468e-06
3.415396269596361e-07
5.589787452865723e-08
0
0
0
0
0
0
0
0
0
0
0
0
0
0
0
0
0
0
0
0
0
0
0
0
0
0
0
0
0
0
3.397163448512946e-05
2.142215669349828e-05
6.336208781151715e-06
1.287958222248e-06
0
0
0
0
0
0
0
0
0
0
0
0
0
0
0
0
0
0
0
0
0
0
0
0
0
0
0
0
0
0
0
0
0
0
0
0
0
0
0
0
1.515892283242906e-06
7.341674338400602e-06
2.371666685865946e-05
2.597361595901025e-05
4.729052778734269e-06
5.679746122557695e-07
1.024667355119863e-07
1.878707239976257e-08
0
0
0
0
0
0
0
0
0
0
0
0
0
0
0
0
0
0
0
0
0
0
0
0
0
0
0
0
0
4.07754137920961e-05
1.585604328877952e-05
3.782342416729484e-06
6.915967663528851e-07
0
0
0
0
0
0
0
0
0
0
0
0
0
0
0
0
0
0
0
0
0
0
0
0
0
0
0
0
0
0
0
0
0
0
0
0
0
0
0
0
8.144384022004939e-07
4.389493609411755e-06
1.73578540896178e-05
3.044463845137988e-05
9.571555817679786e-06
9.209684443586827e-07
1.788330008079428e-07
2.683877959530531e-08
0
0
0
0
0
0
0
0
0
0
0
0
0
0
0
0
0
0
0
0
0
0
0
0
0
0
0
0
0
4.071007536911395e-05
1.136930446208269e-05
2.33208021857588e-06
3.935961911157488e-07
0
0
0
0
0
0
0
0
0
0
0
0
0
0
0
0
0
0
0
0
0
0
0
0
0
0
0
0
0
0
0
0
0
0
0
0
0
0
0
0
4.661397193509292e-07
2.716106793995318e-06
1.232030402344286e-05
3.01852946194894e-05
1.587290781195187e-05
1.57854575529634e-06
2.781436219568595e-07
4.209399104312815e-08
0
0
0
0
0
0
0
0
0
0
0
0
0
0
0
0
0
0
0
0
0
0
0
0
0
0
0
0
0
3.678805609205097e-05
8.258078486388227e-06
1.516288496054698e-06
0
0
0
0
0
0
0
0
0
0
0
0
0
0
0
0
0
0
0
0
0
0
0
0
0
0
0
0
0
0
0
0
0
0
0
0
0
0
0
0
0
0
1.772806643156802e-06
8.90186237930732e-06
2.726004717312796e-05
2.190879240271137e-05
2.679972602810396e-06
3.946773930652144e-07
6.204295787056933e-08
0
0
0
0
0
0
0
0
0
0
0
0
0
0
0
0
0
0
0
0
0
0
0
0
0
0
0
0
0
3.204944328193879e-05
6.245395857999917e-06
1.058400838445367e-06
0
0
0
0
0
0
0
0
0
0
0
0
0
0
0
0
0
0
0
0
0
0
0
0
0
0
0
0
0
0
0
0
0
0
0
0
0
0
0
0
0
0
1.235870577077721e-06
6.674183510716874e-06
2.3749663697604e-05
2.655344469011728e-05
4.255469506644645e-06
5.091825962428831e-07
8.374972029880367e-08
1.561819933076387e-08
0
0
0
0
0
0
0
0
0
0
0
0
0
0
0
0
0
0
0
0
0
0
0
0
0
0
0
0
2.792912110123796e-05
4.976277410816563e-06
7.981077030371316e-07
0
0
0
0
0
0
0
0
0
0
0
0
0
0
0
0
0
0
0
0
0
0
0
0
0
0
0
0
0
0
0
0
0
0
0
0
0
0
0
0
0
0
9.288538160260439e-07
5.285942889595646e-06
2.070686098155847e-05
2.935035717481081e-05
6.04753243660329e-06
6.170816456649812e-07
1.100002795549843e-07
1.587389349337103e-08
0
0
0
0
0
0
0
0
0
0
0
0
0
0
0
0
0
0
0
0
0
0
0
0
0
0
0
0
2.487764399632242e-05
4.19806143506673e-06
6.502255434772627e-07
0
0
0
0
0
0
0
0
0
0
0
0
0
0
0
0
0
0
0
0
0
0
0
0
0
0
0
0
0
0
0
0
0
0
0
0
0
0
0
0
0
0
7.562353191721693e-07
4.44534109647555e-06
1.856468392191136e-05
3.078937470100443e-05
7.724874589195664e-06
7.067109880742927e-07
1.331274126998575e-07
1.797509197496621e-08
0
0
0
0
0
0
0
0
0
0
0
0
0
0
0
0
0
0
0
0
0
0
0
0
0
0
0
0
2.303662667368935e-05
3.779534198509488e-06
5.738614943329823e-07
0
0
0
0
0
0
0
0
0
0
0
0
0
0
0
0
0
0
0
0
0
0
0
0
0
0
0
0
0
0
0
0
0
0
0
0
0
0
0
0
0
0
6.687663005866403e-07
4.005877560811816e-06
1.729765009812098e-05
3.149654674910984e-05
8.949891268478723e-06
7.76477755357101e-07
1.495064947098477e-07
1.947511066667369e-08
0
0
0
0
0
0
0
0
0
0
0
0
0
0
0
0
0
0
0
0
0
0
0
0
0
0
0
0
2.255023151752707e-05
3.662437984923481e-06
5.530612896051674e-07
0
0
0
0
0
0
0
0
0
0
0
0
0
0
0
0
0
0
0
0
0
0
0
0
0
0
0
0
0
0
0
0
0
0
0
0
0
0
0
0
0
0
6.446306332690116e-07
3.878434462950816e-06
1.694984682962415e-05
3.176873354197651e-05
9.410786780521199e-06
8.01097266621995e-07
1.537908271137261e-07
2.0175203234067e-08
0
0
0
0
0
0
0
0
0
0
0
0
0
0
0
0
0
0
0
0
0
0
0
0
0
0
0
0
2.341466365482038e-05
3.83743122083224e-06
5.827376266032168e-07
0
0
0
0
0
0
0
0
0
0
0
0
0
0
0
0
0
0
0
0
0
0
0
0
0
0
0
0
0
0
0
0
0
0
0
0
0
0
0
0
0
0
6.78066762839963e-07
4.048773330181799e-06
1.745733125759874e-05
3.179155299741379e-05
9.037102458032032e-06
7.703748499948814e-07
1.497987513096288e-07
1.945904582704413e-08
0
0
0
0
0
0
0
0
0
0
0
0
0
0
0
0
0
0
0
0
0
0
0
0
0
0
0
0
2.568738925533548e-05
4.334481316698493e-06
6.711668087733804e-07
0
0
0
0
0
0
0
0
0
0
0
0
0
0
0
0
0
0
0
0
0
0
0
0
0
0
0
0
0
0
0
0
0
0
0
0
0
0
0
0
0
0
7.776592579030852e-07
4.544720195328694e-06
1.889636780578408e-05
3.134512119839201e-05
7.838101723234223e-06
7.027119316179501e-07
1.33060261176419e-07
1.800239455846962e-08
0
0
0
0
0
0
0
0
0
0
0
0
0
0
0
0
0
0
0
0
0
0
0
0
0
0
0
0
2.932693328085035e-05
5.230150324598853e-06
8.396854532532527e-07
0
0
0
0
0
0
0
0
0
0
0
0
0
0
0
0
0
0
0
0
0
0
0
0
0
0
0
0
0
0
0
0
0
0
0
0
0
0
0
0
0
0
9.688461657315019e-07
5.465587182327403e-06
2.129491192075298e-05
3.003957523681678e-05
6.124532106417564e-06
6.071932806209483e-07
1.102347836816382e-07
1.622350222784339e-08
0
0
0
0
0
0
0
0
0
0
0
0
0
0
0
0
0
0
0
0
0
0
0
0
0
0
0
0
3.423811863292407e-05
6.681754482326734e-06
1.135439348801276e-06
0
0
0
0
0
0
0
0
0
0
0
0
0
0
0
0
0
0
0
0
0
0
0
0
0
0
0
0
0
0
0
0
0
0
0
0
0
0
0
0
0
0
1.306670854266416e-06
6.992424068200999e-06
2.463313755209974e-05
2.726715836244933e-05
4.232831816151665e-06
4.984472780672446e-07
8.485693858002323e-08
1.579751975500242e-08
0
0
0
0
0
0
0
0
0
0
0
0
0
0
0
0
0
0
0
0
0
0
0
0
0
0
0
0
3.976799115055335e-05
8.946228983639996e-06
1.650152864154759e-06
0
0
0
0
0
0
0
0
0
0
0
0
0
0
0
0
0
0
0
0
0
0
0
0
0
0
0
0
0
0
0
0
0
0
0
0
0
0
0
0
0
0
1.895594727939023e-06
9.417644841331113e-06
2.850470641804721e-05
2.249629323554676e-05
2.59227867453947e-06
3.903067460074138e-07
6.303166216661833e-08
0
0
0
0
0
0
0
0
0
0
0
0
0
0
0
0
0
0
0
0
0
0
0
0
0
0
0
0
0
4.415229241963985e-05
1.238245804557462e-05
2.556820582849411e-06
4.338507766674362e-07
0
0
0
0
0
0
0
0
0
0
0
0
0
0
0
0
0
0
0
0
0
0
0
0
0
0
0
0
0
0
0
0
0
0
0
0
0
0
0
0
5.093777870456485e-07
2.93300121523576e-06
1.314781655312774e-05
3.166293289612832e-05
1.610915928703007e-05
1.500043140759995e-06
2.809541073425572e-07
4.166467584237466e-08
0
0
0
0
0
0
0
0
0
0
0
0
0
0
0
0
0
0
0
0
0
0
0
0
0
0
0
0
0
4.42653780130013e-05
1.732016423902987e-05
4.177862333531184e-06
7.701444353335384e-07
0
0
0
0
0
0
0
0
0
0
0
0
0
0
0
0
0
0
0
0
0
0
0
0
0
0
0
0
0
0
0
0
0
0
0
0
0
0
0
0
9.015544426329844e-07
4.782739437807547e-06
1.859839877668687e-05
3.198079405447747e-05
9.6693988700858e-06
8.887453330499558e-07
1.79846539925739e-07
2.62365799993645e-08
0
0
0
0
0
0
0
0
0
0
0
0
0
0
0
0
0
0
0
0
0
0
0
0
0
0
0
0
0
3.693915261614216e-05
2.351541305940434e-05
7.059038222477846e-06
1.452792422878045e-06
0
0
0
0
0
0
0
0
0
0
0
0
0
0
0
0
0
0
0
0
0
0
0
0
0
0
0
0
0
0
0
0
0
0
0
0
0
0
0
0
1.693638975882595e-06
8.052083810697889e-06
2.557129316118519e-05
2.71554239460327e-05
4.699714917241364e-06
5.623416631415527e-07
1.02399294224957e-07
1.853251771308545e-08
0
0
0
0
0
0
0
0
0
0
0
0
0
0
0
0
0
0
0
0
0
0
0
0
0
0
0
0
0
2.336687898891913e-05
2.88060046501112e-05
1.198345329310509e-05
2.863366707429673e-06
5.460709377131989e-07
0
0
0
0
0
0
0
0
0
0
0
0
0
0
0
0
0
0
0
0
0
0
0
0
0
0
0
0
0
0
0
0
0
0
0
0
0
0
6.410601401127351e-07
3.313931128226252e-06
1.359940425036773e-05
3.14341043482398e-05
1.77275802052487e-05
1.9428903145232e-06
3.346379800601095e-07
5.367917552230964e-08
0
0
0
0
0
0
0
0
0
0
0
0
0
0
0
0
0
0
0
0
0
0
0
0
0
0
0
0
0
0
1.030080609228819e-05
2.84525399832413e-05
1.943760729978925e-05
5.751842176240955e-06
1.236263492295919e-06
0
0
0
0
0
0
0
0
0
0
0
0
0
0
0
0
0
0
0
0
0
0
0
0
0
0
0
0
0
0
0
0
0
0
0
0
0
0
1.441883661422205e-06
6.585905102758837e-06
2.178487770996241e-05
3.08196950403813e-05
8.18819204470068e-06
8.02263351178478e-07
1.656422273001456e-07
2.634730272770992e-08
0
0
0
0
0
0
0
0
0
0
0
0
0
0
0
0
0
0
0
0
0
0
0
0
0
0
0
0
0
0
3.25576480104814e-06
1.973411719141968e-05
2.743197128240789e-05
1.132810413202253e-05
2.87477252672416e-06
5.97945813118108e-07
0
0
0
0
0
0
0
0
0
0
0
0
0
0
0
0
0
0
0
0
0
0
0
0
0
0
0
0
0
0
0
0
0
0
0
0
7.050257222892418e-07
3.330491925502808e-06
1.281517988220234e-05
3.02222918812593e-05
2.07351471567037e-05
2.819267070835503e-06
4.272438293804053e-07
7.371046693255223e-08
1.576585888243779e-08
0
0
0
0
0
0
0
0
0
0
0
0
0
0
0
0
0
0
0
0
0
0
0
0
0
0
0
0
0
0
1.038282172307203e-06
8.819019452395186e-06
2.835325574204103e-05
2.030433843745832e-05
6.616053618775e-06
1.586713805804737e-06
3.346521693442458e-07
0
0
0
0
0
0
0
0
0
0
0
0
0
0
0
0
0
0
0
0
0
0
0
0
0
0
0
0
0
0
0
0
0
0
3.987637662056255e-07
1.860084973237977e-06
7.589110431006339e-06
2.262833873642285e-05
3.041927022290772e-05
8.925823746955886e-06
9.565757991480176e-07
1.960184928892873e-07
3.414892841358112e-08
0
0
0
0
0
0
0
0
0
0
0
0
0
0
0
0
0
0
0
0
0
0
0
0
0
0
0
0
0
0
0
4.536179895478347e-07
2.764113609758669e-06
1.762305523921052e-05
2.874013113594167e-05
1.41624038548126e-05
4.180869490292694e-06
1.002130394546688e-06
0
0
0
0
0
0
0
0
0
0
0
0
0
0
0
0
0
0
0
0
0
0
0
0
0
0
0
0
0
0
0
0
0
0
1.185441743306211e-06
4.856126692933756e-06
1.604141073347986e-05
3.132858968950271e-05
1.82130920785195e-05
2.49177575229226e-06
4.185579556402502e-07
7.588622966710895e-08
1.743760791074825e-08
0
0
0
0
0
0
0
0
0
0
0
0
0
0
0
0
0
0
0
0
0
0
0
0
0
0
0
0
0
0
0
1.861272806939988e-07
9.004398772546495e-07
6.186680445828563e-06
2.492913344061757e-05
2.502886854436737e-05
1.033456667511671e-05
2.975631694877936e-06
7.382602522771936e-07
0
0
0
0
0
0
0
0
0
0
0
0
0
0
0
0
0
0
0
0
0
0
0
0
0
0
0
0
0
0
0
0
8.840931153132377e-07
3.488728774982203e-06
1.18296720868947e-05
2.776369407435578e-05
2.669052416687957e-05
5.882117854552967e-06
7.650828388323151e-07
1.597517376928704e-07
3.00753987412071e-08
0
0
0
0
0
0
0
0
0
0
0
0
0
0
0
0
0
0
0
0
0
0
0
0
0
0
0
0
0
0
0
0
6.219273833497241e-08
3.359462665564986e-07
1.664340830703272e-06
1.07782626923773e-05
2.840875667503045e-05
2.139632314848318e-05
8.264271647577519e-06
2.435083006388847e-06
6.443486175181786e-07
0
0
0
0
0
0
0
0
0
0
0
0
0
0
0
0
0
0
0
0
0
0
0
0
0
0
0
0
0
0
7.854938358276272e-07
2.907334774576441e-06
9.58524162398649e-06
2.413028045047575e-05
3.10139799327582e-05
1.063975078191971e-05
1.434488931704218e-06
2.740971170483052e-07
5.570639489091101e-08
1.391869229118415e-08
0
0
0
0
0
0
0
0
0
0
0
0
0
0
0
0
0
0
0
0
0
0
0
0
0
0
0
0
0
0
0
0
2.07745003312268e-08
1.10739021150737e-07
5.271829802511609e-07
2.737564374938104e-06
1.493936904329031e-05
2.912510977515191e-05
1.919151546421776e-05
7.437997319948857e-06
2.328319141800528e-06
6.71479905942232e-07
0
0
0
0
0
0
0
0
0
0
0
0
0
0
0
0
0
0
0
0
0
0
0
0
0
0
0
0
8.286088800136523e-07
2.826129756308024e-06
8.802924092889832e-06
2.203386425800273e-05
3.206439887094753e-05
1.528765651026293e-05
2.475537979253938e-06
4.280008477733263e-07
8.929310717048654e-08
2.155786169635001e-08
0
0
0
0
0
0
0
0
0
0
0
0
0
0
0
0
0
0
0
0
0
0
0
0
0
0
0
0
0
0
0
0
0
0
3.658618206934337e-08
1.700113497644568e-07
7.234264108890879e-07
3.732742363056629e-06
1.734603667936381e-05
2.885655840018423e-05
1.861312822094246e-05
7.637768496876306e-06
2.607810571129095e-06
8.337365352153547e-07
0
0
0
0
0
0
0
0
0
0
0
0
0
0
0
0
0
0
0
0
0
0
0
0
0
0
1.033236590269108e-06
3.191935367280555e-06
9.177346731979346e-06
2.187831778711865e-05
3.241527997058608e-05
1.802227066493334e-05
3.370661427094681e-06
5.693792797438467e-07
1.304229259373759e-07
2.93760491649647e-08
0
0
0
0
0
0
0
0
0
0
0
0
0
0
0
0
0
0
0
0
0
0
0
0
0
0
0
0
0
0
0
0
0
0
0
0
5.02219812079141e-08
2.186696443075027e-07
8.641903079967086e-07
4.249751598155623e-06
1.771591020389515e-05
2.862923759773389e-05
1.970250208037283e-05
8.931929960008468e-06
3.405716553586485e-06
1.223404452965348e-06
4.377702477144752e-07
0
0
0
0
0
0
0
0
0
0
0
0
0
0
0
0
0
0
0
0
0
0
5.446907621425048e-07
1.515820177199605e-06
4.176745166803425e-06
1.081397448354572e-05
2.336842110576217e-05
3.282837565279038e-05
1.873480005339009e-05
3.844086228739244e-06
6.992120334621647e-07
1.754001717097318e-07
3.905584342943874e-08
0
0
0
0
0
0
0
0
0
0
0
0
0
0
0
0
0
0
0
0
0
0
0
0
0
0
0
0
0
0
0
0
0
0
0
0
0
1.743952334315095e-08
5.910354658689424e-08
2.403576082571779e-07
9.022418829060939e-07
4.043366419987823e-06
1.615143535204295e-05
2.820171105854317e-05
2.244161288311603e-05
1.169830853167739e-05
5.100796204968595e-06
2.09151352250168e-06
8.53683070702505e-07
3.584522275788195e-07
0
0
0
0
0
0
0
0
0
0
0
0
0
0
0
0
0
0
4.345944508185007e-07
1.042381058864187e-06
2.562040663200867e-06
6.230464345669418e-06
1.415740619829364e-05
2.672101348931786e-05
3.260556974589034e-05
1.724812588742932e-05
3.670935531898659e-06
7.210558712333537e-07
2.082499604290675e-07
4.582477571169837e-08
1.418251775117013e-08
0
0
0
0
0
0
0
0
0
0
0
0
0
0
0
0
0
0
0
0
0
0
0
0
0
0
0
0
0
0
0
0
0
0
0
0
0
0
1.865370483378579e-08
6.068035537196056e-08
2.348980973383248e-07
8.10295626532602e-07
3.237366257214695e-06
1.257927975485376e-05
2.63373606771411e-05
2.630324949531743e-05
1.662720281983481e-05
8.529108914620582e-06
4.060102224691387e-06
1.902503671265537e-06
9.137371420043231e-07
4.604485140800471e-07
0
0
0
0
0
0
0
0
0
0
0
0
0
0
5.395048172351044e-07
1.083637872032411e-06
2.275189053323968e-06
4.872483774936269e-06
1.022294149231699e-05
1.988766749121896e-05
3.108830108432605e-05
3.046528618902308e-05
1.345902450191991e-05
2.752937114567021e-06
6.297229342058243e-07
1.925083670135811e-07
4.972011602300224e-08
1.473734396283773e-08
0
0
0
0
0
0
0
0
0
0
0
0
0
0
0
0
0
0
0
0
0
0
0
0
0
0
0
0
0
0
0
0
0
0
0
0
0
0
0
0
1.770376233956503e-08
5.494259087223893e-08
1.908443405252768e-07
6.096902228327679e-07
2.098534623745313e-06
8.078886699319502e-06
2.103407443611954e-05
2.859945729078433e-05
2.372939928127427e-05
1.500755305891557e-05
8.468032710514299e-06
4.638632071926824e-06
2.574712609571088e-06
1.492439165651008e-06
9.157659597914822e-07
6.016838066254339e-07
4.273450509474006e-07
0
0
0
0
0
0
4.554748475264748e-07
6.532799068683887e-07
1.014093397565826e-06
1.68673284930993e-06
2.963898037156933e-06
5.403184462270492e-06
9.931407822345305e-06
1.760125360526503e-05
2.78542109627083e-05
3.333588016954497e-05
2.379857552648424e-05
8.291073722151807e-06
1.746075745204824e-06
4.695170914076584e-07
1.623071668805089e-07
4.2948753641824e-08
1.470964601288257e-08
0
0
0
0
0
0
0
0
0
0
0
0
0
0
0
0
0
0
0
0
0
0
0
0
0
0
0
0
0
0
0
0
0
0
0
0
0
0
0
0
0
0
1.644248786944744e-08
4.455873449697968e-08
1.409207906115132e-07
4.031042856734836e-07
1.178812919975348e-06
4.109007212431024e-06
1.251091972070995e-05
2.43811094553863e-05
2.919954766581938e-05
2.475081669458209e-05
1.745170361428793e-05
1.146456768583271e-05
7.475801802904568e-06
4.998453188090658e-06
3.500675913699378e-06
2.607498305741312e-06
2.08094003356168e-06
1.787610158249401e-06
1.656175182896839e-06
1.666108582230483e-06
1.821103496237649e-06
2.157657893769163e-06
2.750778862577055e-06
3.75226275882653e-06
5.439404274820168e-06
8.270939073996357e-06
1.286582542585407e-05
1.974928648408479e-05
2.817001641217685e-05
3.336227481044806e-05
2.767255954176543e-05
1.371997159571876e-05
4.013188990680883e-06
9.848517935408611e-07
3.518377548680984e-07
1.162446333141926e-07
3.555544766915295e-08
1.353002029865456e-08
0
0
0
0
0
0
0
0
0
0
0
0
0
0
0
0
0
0
0
0
0
0
0
0
0
0
0
0
0
0
0
0
0
0
0
0
0
0
0
0
0
0
0
0
0
3.225483774287021e-08
8.994619287421291e-08
2.410752980445531e-07
6.23821213017666e-07
1.570099124460745e-06
4.942590344278025e-06
1.308361021211147e-05
2.352513199144481e-05
2.965022205091511e-05
2.895153729856702e-05
2.441876686268828e-05
1.93485583266881e-05
1.520970458213422e-05
1.228067443704559e-05
1.036584210969789e-05
9.213652078520989e-06
8.673967410352601e-06
8.721180709585877e-06
9.351051655354538e-06
1.070290734895296e-05
1.286794230055831e-05
1.619496688886574e-05
2.083453689925607e-05
2.65628130925757e-05
3.17139724753477e-05
3.270329919470052e-05
2.584167970967728e-05
1.416330458279792e-05
5.095841614641215e-06
1.442986544617688e-06
5.214712509587527e-07
2.170523244109755e-07
7.269852201724248e-08
2.7715209060823e-08
0
0
0
0
0
0
0
0
0
0
0
0
0
0
0
0
0
0
0
0
0
0
0
0
0
0
0
0
0
0
0
0
0
0
0
0
0
0
0
0
0
0
0
0
0
0
0
0
2.290723504565815e-08
5.39409834353517e-08
1.328011960277564e-07
3.1860287058524e-07
6.320097623139449e-07
1.438871863964228e-06
3.815228209574505e-06
9.323456665582504e-06
1.709145844277959e-05
2.478467992853578e-05
2.945741884520814e-05
3.114986597537058e-05
3.055459994473002e-05
2.933338630535621e-05
2.80912023931245e-05
2.75019051307779e-05
2.755140927041595e-05
2.859245109187471e-05
3.009583265919463e-05
3.193689704670982e-05
3.259228193342701e-05
3.128353306052566e-05
2.647204286853831e-05
1.846763631057694e-05
9.828873996770174e-06
3.883703441739857e-06
1.399946713021738e-06
5.749919650048707e-07
2.860321956499893e-07
1.084047027319865e-07
4.160642828485046e-08
1.822523628670227e-08
0
0
0
0
0
0
0
0
0
0
0
0
0
0
0
0
0
0
0
0
0
0
0
0
0
0
0
0
0
0
0
0
0
0
0
0
0
0
0
0
0
0
0
0
0
0
0
0
0
0
0
3.097567207155765e-08
6.265491834952541e-08
1.381544574319924e-07
2.826958871934492e-07
4.942803215448471e-07
8.239844894788693e-07
1.678880578743595e-06
3.637162599450741e-06
6.936440577683291e-06
1.102856625609464e-05
1.51625440603232e-05
1.829295398430059e-05
2.060613857156559e-05
2.172235856767441e-05
2.186503385436937e-05
2.08187448329544e-05
1.866317592021763e-05
1.537407515522189e-05
1.131269845121364e-05
7.152637971953647e-06
3.703726952079013e-06
1.689314019591863e-06
7.964400075274475e-07
4.796080199635382e-07
2.614204153958882e-07
1.235145726467818e-07
4.9299446590667e-08
2.347180820807683e-08
0
0
0
0
0
0
0
0
0
0
0
0
0
0
0
0
0
0
0
0
0
0
0
0
0
0
0
0
0
0
0
0
0
0
0
0
0
0
0
0
0
0
0
0
0
0
0
0
0
0
0
0
0
0
0
2.808854648700883e-08
5.068507425571508e-08
9.862615646959412e-08
1.847757315208931e-07
2.917252759604518e-07
4.241730212816695e-07
5.877598686398146e-07
8.460701530512226e-07
1.176412347495061e-06
1.628936872465381e-06
2.016464285078265e-06
2.269784950444411e-06
2.30381688915654e-06
2.006928191573836e-06
1.587035439694973e-06
1.129742634802776e-06
7.7529715076091e-07
5.404771205538045e-07
3.876644436572954e-07
2.730798123074757e-07
1.606090002105889e-07
8.452533029924544e-08
4.192789357639732e-08
2.372738133036681e-08
0
0
0
0
0
0
0
0
0
0
0
0
0
0
0
0
0
0
0
0
0
0
0
0
0
0
0
0
0
0
0
0
0
0
0
0
0
0
0
0
0
0
0
0
0
0
0
0
0
0
0
0
0
0
0
0
0
0
0
2.096337001298914e-08
3.010752277786966e-08
4.851887875341779e-08
7.554245467935192e-08
1.114209258506245e-07
1.562200102449896e-07
2.107739145170402e-07
2.699298303106007e-07
3.208873469860086e-07
3.566621994473457e-07
3.557710217730529e-07
3.362844376840197e-07
2.899415348326267e-07
2.321406221298222e-07
1.742338907157036e-07
1.182688217603939e-07
7.222216153216904e-08
4.15031748692643e-08
2.405246372970006e-08
1.607045917088411e-08
0
0
0
0
0
0
0
0
0
0
0
0
0
0
0
0
0
0
0
0
0
0
0
0
0
0
0
0
0
0
0
0
0
0
0
0
0
0
0
0
0
0
0
0
0
0
0
0
0
0
0
0
0
0
0
0
0
0
0
0
0
0
0
0
1.370906930003873e-08
1.744239431600254e-08
2.34132733631469e-08
3.142512337545538e-08
3.897192172825616e-08
4.87502051414998e-08
5.463004419045235e-08
5.656431189744785e-08
5.188750621217198e-08
4.35430653781351e-08
3.453230623990799e-08
2.454885280206327e-08
1.711954589583396e-08
1.368857178318544e-08
0
0
0
0
0
0
0
0
0
0
0
0
0
0
0
0
0
0
0
0
0
0
0
0
0
0
0
0
0
0
0
0
0
0
0
0
0
0
0
0
0
0
0
0
0
0
0
0
0
0
0
0
0
0
0
0
0
0
0
0
0
0
0
0
0
0
0
0
0
0
0
0
0
0
0
0
0
0
0
0
0
0
0
0
0
0
0
0
0
0
0
0
0
0
0
0
0
0
0
0
0
0
0
0
0
0
0
0
0
0
0
0
0
0
0
0
0
0
0
0
0
0
0
0
0
0
0
0
0
0
0
0
0
0
0
0
0
0
0
0
0
0
0
0
0
0
0
0
0
0
0
0
0
0
0
0
0
0
0
0
0
0
0
0
0
0
0
0
0
0
0
0
0
0
0
0
0
0
0
0
0
0
0
0
0
0
0
0
0
0
0
0
0
0
0
0
0
0
0
0
0
0
0
0
0
0
0
0
0
0
0
0
0
0
0
0
0
0
0
0
0
0
0
0
0
0
0
0
0
0
0
0
0
0
0
0
0
0
0
0
0
0
0
0
0
0
0
0
0
0
0
0
0
0
0
0
0
0
0
0
0
0
0
0
0
0
0
0
0
0
0
0
0
0
0
0
0
0
0
0
0
0
0
0
0
0
0
0
0
0
0
0
0
0
0
0
0
0
0
0
0
0
0
0
0
0
0
0
0
0
0
0
0
0
0
0
0
0
0
0
0
0
0
0
0
0
0
0
0
0
0
0
0
0
0
0
0
0
0
0
0
0
0
0
0
0
0
0
0
0
0
0
0
0
0
0
0
0
0
0
0
0
0
0
0
0
0
0
0
0
0
0
0
0
0
0
0
0
0
0
0
0
0
0
0
0
0
0
0
0
0
0
0
0
0
0
0
0
0
0
0
0
0
0
0
0
0
0
0
0
0
0
0
0
0
0
0
0
0
0
0
0
0
0
0
0
0
0
0
0
0
0
0
0
0
0
0
0
0
0
0
0
0
0
0
0
0
0
0
0
0
0
0
0
0
0
0
0
0
0
0
0
0
0
0
0
0
0
0
0
0
0
0
0
0
0
0
0
0
0
0
0
0
0
0
0
0
0
0
0
0
0
0
0
0
0
0
0
0
0
0
0
0
0
0
0
0
0
0
0
0
0
0
0
0
0
0
0
0
0
0
0
0
0
0
0
0
0
0
0
0
0
0
0
0
0
0
0
0
0
0
0
0
0
0
0
0
0
0
0
0
0
0
0
0
0
0
0
0
0
0
0
0
0
0
0
0
0
0
0
0
0
0
0
0
0
0
0
0
0
0
0
0
0
0
0
0
0
0
0
0
0
0
0
0
0
0
0
0
0
0
0
0
0
0
0
0
0
0
0
0
0
0
0
0
0
0
0
0
0
0
0
0
0
0
0
0
0
0
0
0
0
0
0
0
0
0
0
0
0
0
0
0
0
0
0
0
0
0
0
0
0
0
0
0
0
0
0
0
0
0
0
0
0
0
0
0
0
0
0
0
0
0
0
0
0
0
0
0
0
0
0
0
0
0
0
0
0
0
0
0
0
0
0
0
0
0
0
0
0
0
0
0
0
0
0
0
0
0
0
0
0
0
0
0
0
0
0
0
0
0
0
0
0
0
0
0
0
0
0
0
0
0
0
0
0
0
0
0
0
0
0
0
0
0
0
0
0
0
0
0
0
0
0
0
0
0
0
0
0
0
0
0
0
0
0
0
0
0
0
0
0
0
0
0
0
0
0
0
0
0
0
0
0
0
0
0
0
0
0
0
0
0
0
0
0
0
0
0
0
0
0
0
0
0
0
0
0
0
0
0
0
0
0
0
0
0
0
0
0
0
0
0
0
0
0
0
0
0
0
0
0
0
0
0
0
0
0
0
0
0
0
0
0
0
0
0
0
0
0
0
0
0
0
0
0
0
0
0
0
0
0
0
0
0
0
0
0
0
0
0
0
0
0
0
0
0
0
0
0
0
0
0
0
0
0
0
0
0
0
0
0
0
0
0
0
0
0
0
0
0
0
0
0
0
0
0
0
0
0
0
0
0
0
0
0
0
0
0
0
0
0
0
0
0
0
0
0
0
0
0
0
0
0
0
0
0
0
0
0
0
0
0
0
0
0
0
0
0
0
0
0
0
0
0
0
0
0
0
0
0
0
0
0
0
0
0
0
0
0
0
0
0
0
0
0
0
0
0
0
0
0
0
0
0
0
0
0
0
0
0
0
0
0
0
0
0
0
0
0
0
0
0
0
0
0
0
0
0
0
0
0
0
0
0
0
0
0
0
0
0
0
0
0
0
0
0
0
0
0
0
0
0
0
0
0
0
0
0
0
0
0
0
0
0
0
0
0
0
0
0
0
0
0
0
0
0
0
0
0
0
0
0
0
0
0
0
0
0
0
0
0
0
0
0
0
0
0
0
0
0
0
0
0
0
0
0
0
0
0
0
0
0
0
0
0
0
0
0
0
0
0
0
0
0
0
0
0
0
0
0
0
0
0
0
0
0
0
0
0
0
0
0
0
0
0
0
0
0
0
0
0
0
0
0
0
0
0
0
0
0
0
0
0
0
0
0
0
0
0
0
0
0
0
0
0
0
0
0
0
0
0
0
0
0
0
0
0
0
0
0
0
0
0
0
0
0
0
0
0
0
0
0
0
0
0
0
0
0
0
0
0
0
0
0
0
0
0
0
0
0
0
0
0
0
0
0
0
0
0
0
0
0
0
0
0
0
0
0
0
0
0
0
0
0
0
0
0
0
0
0
0
0
0
0
0
0
0
0
0
0
0
0
0
0
0
0
0
0
0
0
0
0
0
0
0
0
0
0
0
0
0
0
0
0
0
0
0
0
0
0
0
0
0
0
0
0
0
0
0
0
0
0
0
0
0
0
0
0
0
0
0
0
0
0
0
0
0
0
0
0
0
0
0
0
0
0
0
0
0
0
0
0
0
0
0
0
0
0
0
0
0
0
0
0
0
0
0
0
0
0
0
0
0
0
0
0
0
0
0
0
0
0
0
0
0
0
0
0
0
0
0
0
0
0
0
0
0
0
0
0
0
0
0
0
0
0
0
0
0
0
0
0
0
0
0
0
0
0
0
0
0
0
0
0
0
0
0
0
0
0
0
0
0
0
0
0
0
0
0
0
0
0
0
0
0
0
0
0
0
0
0
0
0
0
0
0
0
0
0
0
0
0
0
0
0
0
0
0
0
0
0
0
0
0
0
0
0
0
0
0
0
0
0
0
0
0
0
0
0
0
0
0
0
0
0
0
0
0
0
0
0
0
0
0
0
0
0
0
0
0
0
0
0
0
0
0
0
0
0
0
0
0
0
0
0
0
0
0
0
0
0
0
0
0
0
0
0
0
0
0
0
0
0
0
0
0
0
0
0
0
0
0
0
0
0
0
0
0
0
0
0
0
0
0
0
0
0
0
0
0
0
0
0
0
0
0
0
0
0
0
0
0
0
0
0
0
0
0
0
0
0
0
0
0
0
0
0
0
0
0
0
0
0
0
0
0
0
0
0
0
0
0
0
0
0
0
0
0
0
0
0
0
0
0
0
0
0
0
0
0
0
0
0
0
0
0
0
0
0
0
0
0
0
0
0
0
0
0
0
0
0
0
0
0
0
0
0
0
0
0
0
0
0
0
0
0
0
0
0
0
0
0
0
0
0
0
0
0
0
0
0
0
0
0
0
0
0
0
0
0
0
0
0
0
0
0
0
0
0
0
0
0
0
0
0
0
0
0
0
0
0
0
0
0
0
0
0
0
0
0
0
0
0
0
0
0
0
0
0
0
0
0
0
0
0
0
0
0
0
0
0
0
0
0
0
0
0
0
0
0
0
0
0
0
0
0
0
0
0
0
0
0
0
0
0
0
0
0
0
0
0
0
0
0
0
0
0
0
0
0
0
0
0
0
0
0
0
0
0
0
0
0
0
0
0
0
0
0
0
0
0
0
0
0
0
0
0
0
0
0
0
0
0
0
0
0
0
0
0
0
0
0
0
0
0
0
0
0
0
0
0
0
0
0
0
0
0
0
0
0
0
0
0
0
0
0
0
0
0
0
0
0
0
0
0
0
0
0
0
0
0
0
0
0
0
0
0
0
0
0
0
0
0
0
0
0
0
0
0
0
0
0
0
0
0
0
0
0
0
0
0
0
0
0
0
0
0
0
0
0
0
0
0
0
0
0
0
0
0
0
0
0
0
0
0
0
0
0
0
0
0
0
0
0
0
0
0
0
0
0
0
0
0
0
0
0
0
0
0
0
0
0
0
0
0
0
0
0
0
0
0
0
0
0
0
0
0
0
0
0
0
0
0
0
0
0
0
0
0
0
0
0
0
0
0
0
0
0
0
0
0
0
0
0
0
0
0
0
0
0
0
0
0
0
0
0
0
0
0
0
0
0
0
0
0
0
0
0
0
0
0
0
0
0
0
0
0
0
0
0
0
0
0
0
0
0
0
0
0
0
0
0
0
0
0
0
0
0
0
0
0
0
0
0
0
0
0
0
0
0
1.54591374865991e-08
1.861929934149246e-08
2.476760375501721e-08
3.288929360578279e-08
3.533695372780369e-08
4.20302474265252e-08
4.840297579543874e-08
5.144380211367993e-08
5.20661823342932e-08
3.966538626603941e-08
3.817088911602321e-08
2.88829839748236e-08
1.812275005538031e-08
1.374670083023897e-08
0
0
0
0
0
0
0
0
0
0
0
0
0
0
0
0
0
0
0
0
0
0
0
0
0
0
0
0
0
0
0
0
0
0
0
0
0
0
0
0
0
0
0
0
0
0
0
0
0
0
0
0
0
0
0
0
0
0
0
0
0
0
0
0
1.709976364711531e-08
3.041664839307814e-08
5.36440490213369e-08
8.540364732238678e-08
1.279782119538555e-07
1.939947769365238e-07
2.347897139797438e-07
2.748825237297474e-07
2.913792890057381e-07
3.044796152827213e-07
3.36933280692089e-07
3.233651754384883e-07
3.204121041551332e-07
2.587755132592484e-07
2.087424908344236e-07
1.51831977544452e-07
9.048421788685157e-08
4.951536190055747e-08
2.644137203198655e-08
1.657399675551608e-08
0
0
0
0
0
0
0
0
0
0
0
0
0
0
0
0
0
0
0
0
0
0
0
0
0
0
0
0
0
0
0
0
0
0
0
0
0
0
0
0
0
0
0
0
0
0
0
0
0
0
0
0
0
0
0
0
0
0
0
2.42993337804714e-08
4.466918954183523e-08
1.009628366329261e-07
2.031391997254046e-07
3.470994878621003e-07
5.352725557611407e-07
7.310976424320857e-07
9.466090052694463e-07
1.323452101459597e-06
1.65714553185022e-06
1.949720644821251e-06
2.365453921651783e-06
2.318357825610094e-06
2.183948129673698e-06
1.810371187168246e-06
1.538986204459238e-06
1.117184554498614e-06
7.461141417080635e-07
5.303730134510428e-07
3.278353639713336e-07
1.814709473622981e-07
8.680645283504189e-08
4.136356170601557e-08
2.205442225475913e-08
0
0
0
0
0
0
0
0
0
0
0
0
0
0
0
0
0
0
0
0
0
0
0
0
0
0
0
0
0
0
0
0
0
0
0
0
0
0
0
0
0
0
0
0
0
0
0
0
0
0
0
0
0
0
0
2.460119298043497e-08
5.143648046882371e-08
1.338830909030094e-07
2.889918603063796e-07
5.726645025882138e-07
1.093789774220388e-06
2.102959679083569e-06
3.869376467425577e-06
6.480111762848854e-06
1.013696434589983e-05
1.325554808582148e-05
1.678353102553034e-05
1.90233610616548e-05
1.999326775255658e-05
2.051808404994889e-05
2.016682252048393e-05
1.905868964982928e-05
1.592382751012692e-05
1.18956823590597e-05
7.766850972514515e-06
4.075120425616322e-06
1.952258607943122e-06
9.014440099057606e-07
4.853315536273134e-07
2.522389828899643e-07
1.227620953007214e-07
5.130877200267313e-08
2.538501029507774e-08
0
0
0
0
0
0
0
0
0
0
0
0
0
0
0
0
0
0
0
0
0
0
0
0
0
0
0
0
0
0
0
0
0
0
0
0
0
0
0
0
0
0
0
0
0
0
0
0
0
0
0
1.923339069308519e-08
4.370520821999378e-08
1.161785699205005e-07
3.153794518703778e-07
6.445116042309663e-07
1.608320175045477e-06
4.033961705601406e-06
8.742019503375005e-06
1.493506918991345e-05
2.124558605345183e-05
2.490377269185034e-05
2.597773272432883e-05
2.5640518449734e-05
2.52834121142487e-05
2.470411471762066e-05
2.452771097044481e-05
2.476443527351549e-05
2.628627266423657e-05
2.85921583243968e-05
3.06468826830228e-05
3.163415773182533e-05
3.024544147373294e-05
2.588572381091022e-05
1.814630033390576e-05
9.712908444050439e-06
4.074548975126575e-06
1.459458781024504e-06
6.130684418696476e-07
2.91831944318593e-07
1.208897676141145e-07
4.824350673170299e-08
2.016825285105928e-08
0
0
0
0
0
0
0
0
0
0
0
0
0
0
0
0
0
0
0
0
0
0
0
0
0
0
0
0
0
0
0
0
0
0
0
0
0
0
0
0
0
0
0
0
0
0
0
0
2.789336014695813e-08
7.5559203906717e-08
2.342733462869429e-07
6.242825478112354e-07
1.599114008906536e-06
4.935789333998757e-06
1.190472303493693e-05
1.994518580631835e-05
2.420858362992257e-05
2.322641263726059e-05
1.96795876709269e-05
1.560974003318768e-05
1.230152811375596e-05
1.000858561093152e-05
8.645009467565838e-06
7.847720557050465e-06
7.491646613552135e-06
7.644803046466066e-06
8.372646911348143e-06
9.753621947614132e-06
1.187840372751181e-05
1.505091323355577e-05
1.956243776306126e-05
2.499921414714624e-05
2.99041210782602e-05
3.052165467306686e-05
2.44561506957313e-05
1.37070625473532e-05
5.211559671038514e-06
1.619136553501868e-06
6.135051461590696e-07
2.463606462036455e-07
8.82118262648583e-08
3.130443340068403e-08
0
0
0
0
0
0
0
0
0
0
0
0
0
0
0
0
0
0
0
0
0
0
0
0
0
0
0
0
0
0
0
0
0
0
0
0
0
0
0
0
0
0
0
0
0
1.394069230568267e-08
3.900334136565403e-08
1.256774920814997e-07
4.041921317686659e-07
1.159444267009544e-06
3.836605818918336e-06
1.137946066676529e-05
2.093348435547211e-05
2.428994839381494e-05
1.995949903371962e-05
1.37618458469501e-05
8.920624142555504e-06
5.842055481661129e-06
3.917353130137628e-06
2.759453180944198e-06
2.07434957111489e-06
1.691327707800107e-06
1.487665282174715e-06
1.406468925607401e-06
1.436853248809887e-06
1.598706822949513e-06
1.924057638501857e-06
2.478029000223952e-06
3.40047881633889e-06
4.971287195548025e-06
7.583301763781311e-06
1.17787177088186e-05
1.798987598082385e-05
2.578378273278143e-05
3.068838375638486e-05
2.578408678891887e-05
1.321638160662812e-05
4.130715980994889e-06
1.192987863639701e-06
4.05897793678931e-07
1.337884526625046e-07
4.108722753033783e-08
1.456725219163679e-08
0
0
0
0
0
0
0
0
0
0
0
0
0
0
0
0
0
0
0
0
0
0
0
0
0
0
0
0
0
0
0
0
0
0
0
0
0
0
0
0
0
0
1.526125572764347e-08
4.865609062110133e-08
1.70830235970965e-07
5.859092718183443e-07
1.904965671377778e-06
7.348808471422795e-06
1.835699989858635e-05
2.409978384970109e-05
1.945535502400661e-05
1.202888510873321e-05
6.680536313252451e-06
3.595899087108661e-06
1.981194089381731e-06
1.147363712053853e-06
7.078349136929294e-07
4.69324811485312e-07
3.353949691386879e-07
0
0
0
0
0
0
4.019808242593993e-07
5.789197304698927e-07
8.997693070420156e-07
1.500316744681175e-06
2.637020348961474e-06
4.807787264399617e-06
8.840737102947589e-06
1.576418313782552e-05
2.505643761667012e-05
3.018864847927257e-05
2.192709670622309e-05
8.158282444528261e-06
1.989111219874218e-06
5.449570420041655e-07
1.729566352484431e-07
4.986150809299127e-08
1.633123959452787e-08
0
0
0
0
0
0
0
0
0
0
0
0
0
0
0
0
0
0
0
0
0
0
0
0
0
0
0
0
0
0
0
0
0
0
0
0
0
0
0
0
1.606069485032714e-08
5.373849895044117e-08
2.09125559628311e-07
7.310089018165401e-07
2.871726524687887e-06
1.111754256724026e-05
2.254662355375461e-05
2.201942392984614e-05
1.356833681465219e-05
6.823537274874832e-06
3.186436348736827e-06
1.480987167876163e-06
7.038437891018083e-07
3.528645378172328e-07
0
0
0
0
0
0
0
0
0
0
0
0
0
0
4.682513359880387e-07
9.434203466646595e-07
1.985070188583806e-06
4.265342281368957e-06
8.986422971347866e-06
1.754500599824583e-05
2.765740783589106e-05
2.755387837751195e-05
1.280783260678471e-05
3.08155031131815e-06
7.179257097918393e-07
2.07564160257158e-07
5.320094215289595e-08
1.60720632441572e-08
0
0
0
0
0
0
0
0
0
0
0
0
0
0
0
0
0
0
0
0
0
0
0
0
0
0
0
0
0
0
0
0
0
0
0
0
