FiniteElementSpace
FiniteElementCollection: H1_2D_P1
VDim: 1
Ordering: 0

2.378519663814569e-05
3.504279642203233e-06
0
0
0
0
0
0
0
0
0
0
0
0
0
0
0
0
0
0
0
0
0
0
0
0
0
0
0
0
0
0
0
0
0
0
0
0
0
0
0
0
0
0
0
0
0
0
0
0
0
0
0
0
4.25213844185166e-06
2.594328757151713e-05
3.448293707998984e-05
1.180457279624089e-05
7.304980169571323e-06
8.353617236257421e-07
2.397815947275175e-07
1.48254683498755e-09
0
0
0
0
0
0
0
0
0
0
0
0
0
0
0
0
0
0
0
0
0
0
0
0
0
0
0
0
0
0
0
0
0
0
0
2.38104242420788e-05
3.50582845503115e-06
0
0
0
0
0
0
0
0
0
0
0
0
0
0
0
0
0
0
0
0
0
0
0
0
0
0
0
0
0
0
0
0
0
0
0
0
0
0
0
0
0
0
0
0
0
0
0
0
0
0
0
0
4.25216377819954e-06
2.594329343040412e-05
3.448256866162469e-05
1.180418019691255e-05
7.304608913569453e-06
8.353555557068069e-07
2.397617840609934e-07
1.485631041747635e-09
0
0
0
0
0
0
0
0
0
0
0
0
0
0
0
0
0
0
0
0
0
0
0
0
0
0
0
0
0
0
0
0
0
0
0
2.561674755098962e-05
3.62331283701487e-06
0
0
0
0
0
0
0
0
0
0
0
0
0
0
0
0
0
0
0
0
0
0
0
0
0
0
0
0
0
0
0
0
0
0
0
0
0
0
0
0
0
0
0
0
0
0
0
0
0
0
0
0
4.351608904042915e-06
2.585247565607633e-05
3.401865436789845e-05
1.268532961373063e-05
6.727987147721244e-06
8.453279099891687e-07
2.10048808357695e-07
4.256424853860492e-09
0
0
0
0
0
0
0
0
0
0
0
0
0
0
0
0
0
0
0
0
0
0
0
0
0
0
0
0
0
0
0
0
0
0
0
2.990260208492059e-05
4.220166073454099e-06
0
0
0
0
0
0
0
0
0
0
0
0
0
0
0
0
0
0
0
0
0
0
0
0
0
0
0
0
0
0
0
0
0
0
0
0
0
0
0
0
0
0
0
0
0
0
0
0
0
0
0
0
4.615115599305118e-06
2.359447345784264e-05
3.1159585670728e-05
1.362378541848215e-05
5.769461973618303e-06
8.453053882685447e-07
1.578311272098178e-07
1.38919644326703e-08
0
0
0
0
0
0
0
0
0
0
0
0
0
0
0
0
0
0
0
0
0
0
0
0
0
0
0
0
0
0
0
0
0
0
0
3.87700006654673e-05
5.2702863195455e-06
0
0
0
0
0
0
0
0
0
0
0
0
0
0
0
0
0
0
0
0
0
0
0
0
0
0
0
0
0
0
0
0
0
0
0
0
0
0
0
0
0
0
0
0
0
0
0
0
0
0
0
0
5.477961265012802e-06
2.325287572003548e-05
2.579419145575084e-05
1.37484228620958e-05
4.793655240567679e-06
7.262268481954596e-07
1.316162391356783e-07
1.358990752810301e-08
0
0
0
0
0
0
0
0
0
0
0
0
0
0
0
0
0
0
0
0
0
0
0
0
0
0
0
0
0
0
0
0
0
0
0
3.591560254381151e-05
7.097058729959641e-06
0
0
0
0
0
0
0
0
0
0
0
0
0
0
0
0
0
0
0
0
0
0
0
0
0
0
0
0
0
0
0
0
0
0
0
0
0
0
0
0
0
0
0
0
0
0
0
0
0
0
0
0
7.298236307419945e-06
2.342792203413119e-05
2.104694945927411e-05
1.301119032990543e-05
3.770956159415725e-06
6.169802439619552e-07
8.41882734444265e-08
0
0
0
0
0
0
0
0
0
0
0
0
0
0
0
0
0
0
0
0
0
0
0
0
0
0
0
0
0
0
0
0
0
0
0
0
3.364112376097635e-05
1.018822410100478e-05
0
0
0
0
0
0
0
0
0
0
0
0
0
0
0
0
0
0
0
0
0
0
0
0
0
0
0
0
0
0
0
0
0
0
0
0
0
0
0
0
0
0
0
0
0
0
0
0
0
0
0
0
1.043811138073615e-05
2.452630551123006e-05
1.879493436837879e-05
1.141702167624143e-05
2.809413050272057e-06
4.751484955315389e-07
6.403353483067421e-08
0
0
0
0
0
0
0
0
0
0
0
0
0
0
0
0
0
0
0
0
0
0
0
0
0
0
0
0
0
0
0
0
0
0
0
0
3.183160862124999e-05
1.591795076641242e-05
2.743668870482016e-06
0
0
0
0
0
0
0
0
0
0
0
0
0
0
0
0
0
0
0
0
0
0
0
0
0
0
0
0
0
0
0
0
0
0
0
0
0
0
0
0
0
0
0
0
0
0
0
0
0
0
2.783710088374069e-06
1.621787207463346e-05
2.593932714174674e-05
1.666916810226743e-05
9.555042084898042e-06
1.933279455790939e-06
3.353310438169515e-07
4.130986568682332e-08
0
0
0
0
0
0
0
0
0
0
0
0
0
0
0
0
0
0
0
0
0
0
0
0
0
0
0
0
0
0
0
0
0
0
0
0
4.249399009314146e-05
2.215121888418499e-05
4.198737162596983e-06
0
0
0
0
0
0
0
0
0
0
0
0
0
0
0
0
0
0
0
0
0
0
0
0
0
0
0
0
0
0
0
0
0
0
0
0
0
0
0
0
0
0
0
0
0
0
0
0
0
0
4.270500784746103e-06
2.38654893289972e-05
3.294047397144154e-05
1.345670886688424e-05
7.459911887968103e-06
1.169295101991356e-06
2.595835530872551e-07
1.311780360970491e-08
0
0
0
0
0
0
0
0
0
0
0
0
0
0
0
0
0
0
0
0
0
0
0
0
0
0
0
0
0
0
0
0
0
0
0
0
