FiniteElementSpace
FiniteElementCollection: H1_2D_P1
VDim: 1
Ordering: 0

2.89270332695139e-06
2.89270332695139e-06
2.89270332695139e-06
2.892703326951393e-06
2.89270332695139e-06
2.89270332695139e-06
2.89270332695139e-06
2.89270332695139e-06
2.89270332695139e-06
2.89270332695139e-06
2.892703326951393e-06
2.892703326951393e-06
2.892703326951393e-06
2.892703326951393e-06
2.892703326951393e-06
2.892703326951395e-06
2.892703326951395e-06
2.892703326951395e-06
2.892703326951395e-06
2.892703326951395e-06
2.892703326951395e-06
2.892703326951395e-06
2.892703326951393e-06
2.892703326951393e-06
2.892703326951393e-06
2.892703326951383e-06
2.892703326949466e-06
2.892703326554253e-06
2.892703281227775e-06
2.892703186258961e-06
2.892703188671905e-06
2.892703190379155e-06
2.892703219943348e-06
2.89270324601659e-06
2.892703274268098e-06
2.892703302648164e-06
2.892703327180481e-06
2.892703345941464e-06
2.892703363445288e-06
2.892703377784907e-06
2.892703387183083e-06
2.892703395033514e-06
2.892703401706921e-06
2.892703405306979e-06
2.892703407610583e-06
2.892703409709667e-06
2.89270341039554e-06
2.892703410234508e-06
2.892703410072875e-06
2.892703409450269e-06
2.892703408560684e-06
2.892703407640152e-06
2.892703406540863e-06
2.892703405676302e-06
2.892703404871303e-06
2.892703403782684e-06
2.892703401604033e-06
2.892703077355879e-06
2.892635977432304e-06
2.878804676830558e-06
1.446351701117235e-06
1.389872502342661e-08
6.742474389208921e-11
2.89270348704882e-12
2.892703227965653e-12
2.892704372042171e-12
2.892704519308795e-12
2.892703726348405e-12
2.892705177734899e-12
2.892705944425072e-12
2.892704397844852e-12
2.892705671543239e-12
2.892707676050026e-12
2.89270567652249e-12
2.892705891395728e-12
2.892709325173525e-12
2.892707840412764e-12
2.892706220866024e-12
2.892710394204328e-12
2.892710678023608e-12
2.892707229379105e-12
2.89271061129616e-12
2.892713346558388e-12
2.892709170968195e-12
2.892710120173459e-12
2.892714595044089e-12
2.89271172418078e-12
2.892711127486005e-12
2.892718911688783e-12
2.892717807009661e-12
2.892712238987148e-12
2.89270332695139e-06
2.89270332695139e-06
2.89270332695139e-06
2.89270332695139e-06
2.892703326951393e-06
2.89270332695139e-06
2.892703326951393e-06
2.89270332695139e-06
2.89270332695139e-06
2.89270332695139e-06
2.892703326951393e-06
2.892703326951393e-06
2.892703326951393e-06
2.892703326951393e-06
2.892703326951393e-06
2.892703326951395e-06
2.892703326951393e-06
2.892703326951395e-06
2.892703326951395e-06
2.892703326951395e-06
2.892703326951395e-06
2.892703326951393e-06
2.892703326951393e-06
2.892703326951393e-06
2.89270332695139e-06
2.892703326951383e-06
2.892703326949466e-06
2.89270332655425e-06
2.892703281227775e-06
2.892703186258961e-06
2.892703188671905e-06
2.892703190379153e-06
2.892703219943348e-06
2.89270324601659e-06
2.892703274268101e-06
2.892703302648164e-06
2.892703327180479e-06
2.892703345941464e-06
2.892703363445288e-06
2.892703377784907e-06
2.892703387183083e-06
2.892703395033514e-06
2.892703401706924e-06
2.892703405306979e-06
2.892703407610583e-06
2.892703409709667e-06
2.89270341039554e-06
2.892703410234508e-06
2.892703410072875e-06
2.892703409450269e-06
2.892703408560687e-06
2.892703407640152e-06
2.892703406540863e-06
2.892703405676302e-06
2.8927034048713e-06
2.892703403782684e-06
2.892703401604033e-06
2.892703077355879e-06
2.892635977432304e-06
2.878804676830561e-06
1.446351701117235e-06
1.389872502342661e-08
6.742474389208921e-11
2.89270348704882e-12
2.892703227965653e-12
2.892704372042171e-12
2.892704519308795e-12
2.892703726348405e-12
2.892705177734899e-12
2.892705944425072e-12
2.892704397844849e-12
2.892705671543239e-12
2.892707676050023e-12
2.89270567652249e-12
2.892705891395728e-12
2.892709325173525e-12
2.892707840412764e-12
2.892706220866024e-12
2.892710394204328e-12
2.892710678023608e-12
2.892707229379105e-12
2.892710611296162e-12
2.892713346558388e-12
2.892709170968195e-12
2.892710120173459e-12
2.892714595044089e-12
2.89271172418078e-12
2.892711127486005e-12
2.892718911688783e-12
2.892717807009661e-12
2.892712238987145e-12
2.89270332695139e-06
2.89270332695139e-06
2.89270332695139e-06
2.89270332695139e-06
2.892703326951393e-06
2.892703326951393e-06
2.892703326951393e-06
2.89270332695139e-06
2.892703326951393e-06
2.892703326951393e-06
2.892703326951393e-06
2.892703326951393e-06
2.892703326951393e-06
2.892703326951393e-06
2.892703326951393e-06
2.892703326951393e-06
2.892703326951393e-06
2.892703326951395e-06
2.892703326951398e-06
2.892703326951395e-06
2.892703326951395e-06
2.892703326951393e-06
2.892703326951393e-06
2.892703326951393e-06
2.892703326951393e-06
2.892703326951385e-06
2.892703326949466e-06
2.892703326554253e-06
2.892703281227775e-06
2.892703186258963e-06
2.892703188671905e-06
2.892703190379155e-06
2.892703219943348e-06
2.89270324601659e-06
2.892703274268098e-06
2.892703302648164e-06
2.892703327180479e-06
2.892703345941464e-06
2.892703363445288e-06
2.892703377784907e-06
2.892703387183083e-06
2.892703395033517e-06
2.892703401706921e-06
2.892703405306979e-06
2.892703407610583e-06
2.89270340970967e-06
2.892703410395543e-06
2.892703410234508e-06
2.892703410072875e-06
2.892703409450269e-06
2.892703408560684e-06
2.892703407640152e-06
2.892703406540863e-06
2.892703405676302e-06
2.892703404871303e-06
2.892703403782684e-06
2.89270340160403e-06
2.892703077355879e-06
2.892635977432304e-06
2.878804676830558e-06
1.446351701117235e-06
1.389872502342661e-08
6.742474389208921e-11
2.892703487048822e-12
2.892703227965653e-12
2.892704372042171e-12
2.892704519308795e-12
2.892703726348405e-12
2.892705177734899e-12
2.892705944425072e-12
2.892704397844852e-12
2.892705671543239e-12
2.892707676050023e-12
2.892705676522493e-12
2.89270589139573e-12
2.892709325173528e-12
2.892707840412764e-12
2.892706220866024e-12
2.892710394204328e-12
2.89271067802361e-12
2.892707229379105e-12
2.892710611296162e-12
2.892713346558388e-12
2.892709170968195e-12
2.892710120173459e-12
2.892714595044091e-12
2.89271172418078e-12
2.892711127486005e-12
2.892718911688786e-12
2.892717807009661e-12
2.892712238987148e-12
2.89270332695139e-06
2.89270332695139e-06
2.89270332695139e-06
2.892703326951393e-06
2.892703326951393e-06
2.89270332695139e-06
2.892703326951393e-06
2.892703326951393e-06
2.892703326951393e-06
2.892703326951393e-06
2.89270332695139e-06
2.892703326951393e-06
2.892703326951393e-06
2.892703326951393e-06
2.892703326951393e-06
2.892703326951393e-06
2.892703326951393e-06
2.892703326951395e-06
2.892703326951395e-06
2.892703326951398e-06
2.892703326951393e-06
2.892703326951393e-06
2.892703326951393e-06
2.892703326951393e-06
2.892703326951393e-06
2.892703326951385e-06
2.892703326949469e-06
2.892703326554253e-06
2.892703281227775e-06
2.892703186258963e-06
2.892703188671905e-06
2.892703190379155e-06
2.892703219943348e-06
2.892703246016587e-06
2.892703274268101e-06
2.892703302648164e-06
2.892703327180481e-06
2.892703345941464e-06
2.892703363445288e-06
2.892703377784907e-06
2.892703387183083e-06
2.892703395033517e-06
2.892703401706921e-06
2.892703405306979e-06
2.892703407610583e-06
2.89270340970967e-06
2.892703410395543e-06
2.892703410234508e-06
2.892703410072875e-06
2.892703409450269e-06
2.892703408560684e-06
2.892703407640152e-06
2.892703406540863e-06
2.892703405676302e-06
2.892703404871303e-06
2.892703403782684e-06
2.892703401604033e-06
2.892703077355879e-06
2.892635977432304e-06
2.878804676830561e-06
1.446351701117235e-06
1.389872502342661e-08
6.742474389208927e-11
2.892703487048822e-12
2.892703227965653e-12
2.892704372042171e-12
2.892704519308795e-12
2.892703726348405e-12
2.892705177734899e-12
2.892705944425075e-12
2.892704397844849e-12
2.892705671543239e-12
2.892707676050026e-12
2.892705676522493e-12
2.892705891395728e-12
2.892709325173525e-12
2.892707840412764e-12
2.892706220866024e-12
2.892710394204328e-12
2.89271067802361e-12
2.892707229379107e-12
2.892710611296162e-12
2.892713346558388e-12
2.892709170968195e-12
2.892710120173459e-12
2.892714595044091e-12
2.892711724180783e-12
2.892711127486005e-12
2.892718911688786e-12
2.892717807009664e-12
2.892712238987148e-12
