FiniteElementSpace
FiniteElementCollection: H1_2D_P1
VDim: 1
Ordering: 0

0.001000504052379336
0.001000475846648993
0.001000446170876833
0.001000414940397474
0.001000382130866539
0.00100034765011186
0.00100031148963564
0.00100027356043418
0.001000233825014769
0.001000192210331839
0.001000148673132013
0.001000103160989712
0.00100005561156863
0.00100000596758074
0.0009999541819020758
0.0009999002007907965
0.0009998439690034322
0.0009997854403760709
0.0009997245658392643
0.0009996612963204751
0.0009995955895802143
0.0009995274007713114
0.0009994566912092848
0.0009993834178516825
0.0009993075380034264
0.0009992290117773789
0.0009991477970672613
0.0009990638602027195
0.0009989771697621554
0.0009988877067474275
0.0009987954618354093
0.0009987004319818515
0.0009986026586245361
0.0009985023239662447
0.0009983999150600682
0.0009982959737555963
0.0009981899196555243
0.0009980771276646484
0.00099796885486905
0.0009978517257747
0.0009977344952890141
0.0009976223876266019
0.0009975556327913688
0.0009975667579246057
0.0009975945486586332
0.0009976675553407693
0.0009977491076019382
0.0009978309660411038
0.0009979086847910616
0.0009979834283755048
0.0009980534135989696
0.0009981219517217663
0.0009981873908655905
0.0009982479243856655
0.0009983048236510005
0.0009983555719456857
0.0009984052399887901
0.0009984507624083083
0.0009984919337376896
0.0009985298073851624
0.0009985634969670492
0.0009985873612628684
0.0009986093530064139
0.0009986348342136805
0.0009986512459702287
0.0009986595547745621
0.0009986648648216789
0.0009986665478942921
0.001000504052379336
0.001000475846648994
0.001000446170876835
0.001000414940397476
0.001000382130866539
0.001000347650111858
0.001000311489635641
0.00100027356043418
0.001000233825014769
0.001000192210331836
0.001000148673132016
0.001000103160989712
0.00100005561156863
0.001000005967580739
0.0009999541819020723
0.0009999002007907958
0.0009998439690034335
0.0009997854403760722
0.000999724565839265
0.0009996612963204734
0.0009995955895802137
0.000999527400771314
0.0009994566912092822
0.000999383417851682
0.0009993075380034272
0.0009992290117773815
0.0009991477970672613
0.0009990638602027191
0.0009989771697621545
0.0009988877067474279
0.0009987954618354087
0.0009987004319818552
0.0009986026586245376
0.0009985023239662469
0.0009983999150600701
0.0009982959737555937
0.0009981899196555258
0.0009980771276646471
0.0009979688548690494
0.0009978517257746959
0.000997734495289015
0.0009976223876266015
0.0009975556327913666
0.000997566757924604
0.0009975945486586262
0.0009976675553407671
0.0009977491076019356
0.0009978309660411031
0.0009979086847910614
0.0009979834283755
0.0009980534135989704
0.0009981219517217618
0.0009981873908655936
0.0009982479243856651
0.0009983048236510007
0.0009983555719456879
0.0009984052399887951
0.0009984507624083087
0.0009984919337376905
0.0009985298073851593
0.0009985634969670505
0.0009985873612628619
0.0009986093530064172
0.0009986348342136801
0.00099865124597023
0.000998659554774561
0.0009986648648216791
0.000998666547894289
