FiniteElementSpace
FiniteElementCollection: H1_2D_P1
VDim: 1
Ordering: 0

0.0009994566912092833
0.0009993834178516818
0.0009993075380034268
0.0009992290117773815
0.0009991477970672615
0.0009990638602027202
0.0009989771697621534
0.0009988877067474292
0.000998795461835407
0.0009987004319818556
0.0009986026586245331
0.0009985023239662437
0.0009983999150600684
0.0009982959737555946
0.0009981899196555236
0.0009980771276646482
0.0009979688548690533
0.0009978517257746981
0.0009977344952890146
0.0009976223876266034
0.0009975556327913675
0.000997566757924606
0.0009975945486586286
0.0009976675553407702
0.0009977491076019352
0.0009978309660411049
0.0009979086847910618
0.0009979834283755024
0.0009980534135989702
0.000998121951721762
0.0009981873908655938
0.0009982479243856655
0.000998304823650999
0.0009983555719456877
0.0009984052399887922
0.0009984507624083074
0.0009984919337376892
0.0009985298073851615
0.0009985634969670487
0.0009985873612628662
0.0009986093530064174
0.0009986348342136825
0.0009986512459702291
0.0009986595547745636
0.0009986648648216785
0.0009986665478942931
0.001000834725259484
0.001000830162276463
0.001000825363040455
0.001000819667910524
0.001000813067113747
0.001000805605580893
0.001000797296401586
0.001000788130971168
0.001000778092811666
0.001000767162403652
0.0010007553182251
0.001000742536168381
0.001000728789539338
0.001000714049122396
0.001000698283267259
0.001000681458284019
0.001000663538413215
0.001000644485973537
0.00100062426158026
0.001000602824029147
0.001000580131012206
0.001000556137980832
0.001000530800251107
0.001000504052379336
0.0009994566912092848
0.0009993834178516825
0.0009993075380034264
0.0009992290117773789
0.0009991477970672613
0.0009990638602027195
0.0009989771697621554
0.0009988877067474275
0.0009987954618354093
0.0009987004319818515
0.0009986026586245361
0.0009985023239662447
0.0009983999150600682
0.0009982959737555963
0.0009981899196555243
0.0009980771276646484
0.00099796885486905
0.0009978517257747
0.0009977344952890141
0.0009976223876266019
0.0009975556327913688
0.0009975667579246057
0.0009975945486586332
0.0009976675553407693
0.0009977491076019382
0.0009978309660411038
0.0009979086847910616
0.0009979834283755048
0.0009980534135989696
0.0009981219517217663
0.0009981873908655905
0.0009982479243856655
0.0009983048236510005
0.0009983555719456857
0.0009984052399887901
0.0009984507624083083
0.0009984919337376896
0.0009985298073851624
0.0009985634969670492
0.0009985873612628684
0.0009986093530064139
0.0009986348342136805
0.0009986512459702287
0.0009986595547745621
0.0009986648648216789
0.0009986665478942921
0.001000834725259483
0.001000830162276462
0.001000825363040452
0.001000819667910523
0.001000813067113749
0.001000805605580892
0.001000797296401585
0.001000788130971166
0.001000778092811668
0.001000767162403655
0.001000755318225097
0.001000742536168383
0.001000728789539336
0.001000714049122391
0.00100069828326726
0.001000681458284018
0.001000663538413213
0.001000644485973539
0.001000624261580259
0.001000602824029144
0.001000580131012208
0.00100055613798083
0.001000530800251105
0.001000504052379336
