FiniteElementSpace
FiniteElementCollection: H1_2D_P1
VDim: 1
Ordering: 0

0.0009999969357661715
0.0009999963808258957
0.0009999957966049318
0.0009999951821732809
0.0009999945368696593
0.0009999938593514878
0.0009999931480956748
0.0009999924012575759
0.0009999916165962209
0.0009999907934648982
0.0009999899351445056
0.0009999890512367153
0.0009999881576698401
0.0009999872566287963
0.000999986261062969
0.0009999848755109335
0.0009999839731474416
0.0009999822065684294
0.0009999831724486533
0.0009999841836379907
0.0009999841837964362
0.0009999843834311768
0.0009999850946409011
0.0009999851242869352
0.0009999850818916771
0.0009999858687653219
0.0009999858793887826
0.000999985210240778
0.00099998574994673
0.0009999859413172298
0.000999984692577808
0.0009999846493354244
0.0009999851627871784
0.0009999836743666965
0.0009999827448169041
0.0009999834457444219
0.0009999822441949793
0.0009999804289121165
0.0009999809008884367
0.0009999803739602776
0.000999978060568724
0.0009999777345247791
0.0009999776617941405
0.000999975251231073
0.0009999751683628132
0.0009999766090412392
0.001000005026981884
0.001000004975417366
0.001000004939196617
0.001000004903712791
0.001000004865832241
0.001000004825607281
0.001000004783510091
0.001000004739764758
0.001000004694315577
0.001000004646931078
0.00100000459730964
0.001000004545113431
0.001000004489994922
0.001000004431584353
0.001000004369494683
0.001000004303303793
0.001000004232560385
0.001000004156769076
0.001000004075399636
0.001000003987875213
0.00100000389358752
0.001000003791897725
0.001000003682173871
0.001000003563826599
0.001000003436387627
0.001000003299558199
0.001000003153169818
0.001000002995953852
0.001000002834581133
0.001000002661582858
0.001000002438967062
0.001000002208503635
0.001000001955863871
0.001000001689840071
0.001000001405542146
0.001000001103207766
0.001000000783218257
0.001000000444902159
0.001000000086089029
0.0009999997068570522
0.000999999306423433
0.0009999988826187446
0.0009999984346364444
0.0009999979618945264
0.0009999974626175069
0.0009999969357661731
0.0009999963808258966
0.000999995796604934
0.0009999951821732809
0.0009999945368696593
0.0009999938593514889
0.0009999931480956753
0.0009999924012575765
0.0009999916165962207
0.0009999907934648993
0.000999989935144505
0.0009999890512367149
0.000999988157669841
0.0009999872566287978
0.0009999862610629684
0.0009999848755109333
0.0009999839731474412
0.0009999822065684309
0.0009999831724486535
0.0009999841836379915
0.000999984183796437
0.0009999843834311781
0.0009999850946408996
0.000999985124286935
0.0009999850818916769
0.0009999858687653217
0.0009999858793887848
0.0009999852102407765
0.0009999857499467277
0.0009999859413172285
0.0009999846925778085
0.0009999846493354255
0.0009999851627871764
0.0009999836743666969
0.0009999827448169039
0.0009999834457444217
0.0009999822441949789
0.0009999804289121189
0.0009999809008884365
0.0009999803739602787
0.0009999780605687209
0.0009999777345247784
0.0009999776617941407
0.0009999752512310702
0.0009999751683628115
0.0009999766090412387
0.001000005026981885
0.001000004975417366
0.001000004939196617
0.001000004903712791
0.001000004865832241
0.00100000482560728
0.001000004783510091
0.001000004739764756
0.001000004694315577
0.001000004646931078
0.001000004597309641
0.001000004545113431
0.00100000448999492
0.001000004431584351
0.001000004369494682
0.001000004303303792
0.001000004232560385
0.001000004156769075
0.001000004075399636
0.001000003987875212
0.001000003893587519
0.001000003791897723
0.001000003682173871
0.001000003563826599
0.001000003436387627
0.001000003299558198
0.001000003153169817
0.001000002995953851
0.001000002834581133
0.001000002661582858
0.001000002438967064
0.001000002208503636
0.001000001955863871
0.00100000168984007
0.001000001405542146
0.001000001103207765
0.001000000783218255
0.001000000444902158
0.001000000086089027
0.0009999997068570541
0.0009999993064234319
0.0009999988826187435
0.0009999984346364442
0.0009999979618945292
0.0009999974626175054
0.0009999969357661728
0.0009999963808258953
0.000999995796604932
0.0009999951821732817
0.0009999945368696598
0.0009999938593514884
0.0009999931480956768
0.0009999924012575774
0.00099999161659622
0.0009999907934649
0.0009999899351445045
0.0009999890512367145
0.0009999881576698386
0.0009999872566287958
0.000999986261062966
0.000999984875510932
0.0009999839731474431
0.0009999822065684279
0.0009999831724486509
0.0009999841836379933
0.0009999841837964377
0.0009999843834311772
0.0009999850946408983
0.0009999851242869365
0.0009999850818916771
0.0009999858687653219
0.0009999858793887848
0.0009999852102407761
0.0009999857499467281
0.0009999859413172287
0.0009999846925778091
0.0009999846493354259
0.0009999851627871777
0.0009999836743666956
0.0009999827448169047
0.0009999834457444219
0.0009999822441949776
0.0009999804289121176
0.0009999809008884373
0.0009999803739602789
0.0009999780605687218
0.0009999777345247793
0.0009999776617941392
0.0009999752512310717
0.0009999751683628115
0.0009999766090412383
