FiniteElementSpace
FiniteElementCollection: H1_2D_P1
VDim: 1
Ordering: 0

0.001000005026981884
0.001000004975417367
0.001000004939196617
0.001000004903712792
0.00100000486583224
0.00100000482560728
0.001000004783510091
0.001000004739764756
0.001000004694315579
0.001000004646931078
0.00100000459730964
0.001000004545113431
0.001000004489994921
0.001000004431584353
0.001000004369494682
0.001000004303303795
0.001000004232560386
0.001000004156769075
0.001000004075399637
0.001000003987875213
0.001000003893587519
0.001000003791897724
0.00100000368217387
0.0010000035638266
0.001000003436387626
0.001000003299558199
0.001000003153169818
0.001000002995953849
0.001000002834581133
0.001000002661582857
0.001000002438967062
0.001000002208503634
0.00100000195586387
0.00100000168984007
0.001000001405542145
0.001000001103207766
0.001000000783218257
0.001000000444902159
0.001000000086089029
0.0009999997068570541
0.0009999993064234336
0.0009999988826187431
0.0009999984346364444
0.0009999979618945292
0.0009999974626175041
0.0009999969357661724
0.0009999963808258959
0.0009999957966049327
0.0009999951821732787
0.0009999945368696593
0.0009999938593514884
0.0009999931480956735
0.0009999924012575761
0.0009999916165962203
0.0009999907934648998
0.0009999899351445043
0.0009999890512367147
0.0009999881576698403
0.000999987256628798
0.0009999862610629701
0.0009999848755109344
0.0009999839731474425
0.0009999822065684314
0.0009999831724486507
0.0009999841836379922
0.0009999841837964366
0.0009999843834311759
0.000999985094640899
0.0009999851242869346
0.0009999850818916769
0.000999985868765323
0.0009999858793887865
0.0009999852102407772
0.0009999857499467274
0.0009999859413172281
0.000999984692577808
0.0009999846493354235
0.0009999851627871803
0.000999983674366696
0.0009999827448169043
0.0009999834457444226
0.0009999822441949786
0.0009999804289121169
0.0009999809008884365
0.0009999803739602767
0.0009999780605687242
0.0009999777345247795
0.0009999776617941386
0.0009999752512310724
0.0009999751683628113
0.0009999766090412387
0.001000005026981885
0.001000004975417366
0.001000004939196617
0.001000004903712792
0.001000004865832241
0.001000004825607281
0.001000004783510092
0.001000004739764757
0.001000004694315578
0.00100000464693108
0.001000004597309641
0.001000004545113432
0.001000004489994921
0.001000004431584353
0.001000004369494682
0.001000004303303793
0.001000004232560386
0.001000004156769075
0.001000004075399637
0.001000003987875211
0.00100000389358752
0.001000003791897722
0.001000003682173872
0.001000003563826597
0.001000003436387627
0.001000003299558198
0.001000003153169818
0.001000002995953852
0.001000002834581132
0.001000002661582858
0.001000002438967062
0.001000002208503636
0.00100000195586387
0.00100000168984007
0.001000001405542146
0.001000001103207766
0.001000000783218255
0.001000000444902159
0.00100000008608903
0.0009999997068570559
0.000999999306423433
0.0009999988826187431
0.0009999984346364447
0.0009999979618945298
0.0009999974626175049
0.0009999969357661715
0.0009999963808258957
0.0009999957966049318
0.0009999951821732809
0.0009999945368696593
0.0009999938593514878
0.0009999931480956748
0.0009999924012575759
0.0009999916165962209
0.0009999907934648982
0.0009999899351445056
0.0009999890512367153
0.0009999881576698401
0.0009999872566287963
0.000999986261062969
0.0009999848755109335
0.0009999839731474416
0.0009999822065684294
0.0009999831724486533
0.0009999841836379907
0.0009999841837964362
0.0009999843834311768
0.0009999850946409011
0.0009999851242869352
0.0009999850818916771
0.0009999858687653219
0.0009999858793887826
0.000999985210240778
0.00099998574994673
0.0009999859413172298
0.000999984692577808
0.0009999846493354244
0.0009999851627871784
0.0009999836743666965
0.0009999827448169041
0.0009999834457444219
0.0009999822441949793
0.0009999804289121165
0.0009999809008884367
0.0009999803739602776
0.000999978060568724
0.0009999777345247791
0.0009999776617941405
0.000999975251231073
0.0009999751683628132
0.0009999766090412392
0.001000005026981884
0.001000004975417366
0.001000004939196617
0.001000004903712791
0.001000004865832241
0.001000004825607281
0.001000004783510091
0.001000004739764758
0.001000004694315577
0.001000004646931078
0.00100000459730964
0.001000004545113431
0.001000004489994922
0.001000004431584353
0.001000004369494683
0.001000004303303793
0.001000004232560385
0.001000004156769076
0.001000004075399636
0.001000003987875213
0.00100000389358752
0.001000003791897725
0.001000003682173871
0.001000003563826599
0.001000003436387627
0.001000003299558199
0.001000003153169818
0.001000002995953852
0.001000002834581133
0.001000002661582858
0.001000002438967062
0.001000002208503635
0.001000001955863871
0.001000001689840071
0.001000001405542146
0.001000001103207766
0.001000000783218257
0.001000000444902159
0.001000000086089029
0.0009999997068570522
0.000999999306423433
0.0009999988826187446
0.0009999984346364444
0.0009999979618945264
0.0009999974626175069
0.0009999969357661731
