FiniteElementSpace
FiniteElementCollection: H1_2D_P1
VDim: 1
Ordering: 0

0.2999992329027441
0.2999995909554216
0.3000003434403314
0.3000001425626945
0.3000000557852894
0.3000000462471905
0.3000000446677625
0.3000000444876523
0.3000000445298762
0.3000000445024267
0.3000000444877753
0.3000000445103658
0.3000000445019109
0.300000044501351
0.3000000445019107
0.3000000445019469
0.3000000445019578
0.3000000445019586
0.3000000445019595
0.3000000445019587
0.3000000445019599
0.3000000445019587
0.3000000445019594
0.3
0.3
0.3
0.3
0.3
0.3
0.3
0.3
0.3
0.3
0.3
0.3
0.3
0.3
0.3
0.3
0.3
0.3
0.3
0.3
0.3
0.3
0.3
0.3
0.3
0.3
0.3
0.3
0.3
0.3
0.3
0.3
0.3
0.3
0.3
0.3
0.3
0.3
0.3
0.3
0.3
0.3
0.3
0.3
0.3
0.3
0.2999992329027442
0.2999995909554213
0.3000003434403328
0.3000001425626937
0.3000000557852883
0.3000000462471908
0.3000000446677639
0.3000000444876511
0.3000000445298751
0.3000000445024283
0.3000000444877758
0.3000000445103649
0.3000000445019104
0.3000000445013508
0.3000000445019113
0.3000000445019474
0.3000000445019575
0.3000000445019593
0.3000000445019593
0.3000000445019582
0.300000044501959
0.3000000445019592
0.3000000445019587
0.3
0.3
0.3
0.3
0.3
0.3
0.3
0.3
0.3
0.3
0.3
0.3
0.3
0.3
0.3
0.3
0.3
0.3
0.3
0.3
0.3
0.3
0.3
0.3
0.3
0.3
0.3
0.3
0.3
0.3
0.3
0.3
0.3
0.3
0.3
0.3
0.3
0.3
0.3
0.3
0.3
0.3
0.3
0.3
0.3
0.3
