FiniteElementSpace
FiniteElementCollection: H1_2D_P1
VDim: 1
Ordering: 0

0.3
0.3
0.3
0.3
0.3
0.3
0.3
0.3
0.3
0.3
0.3
0.3
0.3
0.3
0.3
0.3
0.3
0.3
0.3
0.3
0.3
0.3
0.3
0.3
0.3
0.3
0.3
0.3
0.3
0.3
0.3
0.3
0.3015306496960075
0.3030410904764143
0.3028774519715278
0.302989683423983
0.3023171792738249
0.3013429241633236
0.3003057468274805
0.3000499997240421
0.300004498428193
0.3000004781825661
0.3000002559195648
0.2999993220347532
0.3000004880381273
0.2999992329027438
0.2999995909554209
0.3000003434403318
0.3000001425626944
0.3000000557852895
0.3000000462471908
0.3000000446677631
0.3000000444876521
0.3000000445298758
0.3000000445024277
0.3000000444877751
0.3000000445103653
0.300000044501911
0.3000000445013509
0.3000000445019104
0.3000000445019466
0.3000000445019584
0.3000000445019591
0.3000000445019588
0.3000000445019593
0.3000000445019592
0.3000000445019581
0.3000000445019602
0.3
0.3
0.3
0.3
0.3
0.3
0.3
0.3
0.3
0.3
0.3
0.3
0.3
0.3
0.3
0.3
0.3
0.3
0.3
0.3
0.3
0.3
0.3
0.3
0.3
0.3
0.3
0.3
0.3
0.3
0.3
0.3
0.3015306496960082
0.303041090476413
0.302877451971529
0.3029896834239814
0.3023171792738239
0.3013429241633257
0.3003057468274797
0.3000499997240435
0.3000044984281924
0.3000004781825668
0.3000002559195646
0.2999993220347532
0.3000004880381272
0.2999992329027432
0.2999995909554214
0.3000003434403314
0.3000001425626937
0.3000000557852887
0.3000000462471899
0.3000000446677632
0.3000000444876505
0.3000000445298762
0.3000000445024279
0.3000000444877751
0.300000044510365
0.3000000445019099
0.3000000445013517
0.3000000445019114
0.3000000445019476
0.3000000445019577
0.3000000445019589
0.3000000445019596
0.3000000445019589
0.3000000445019592
0.3000000445019591
0.3000000445019591
