FiniteElementSpace
FiniteElementCollection: H1_2D_P1
VDim: 1
Ordering: 0

0.3
0.3
0.3
0.3
0.3
0.3
0.3
0.3
0.3
0.3
0.3
0.3
0.3
0.3
0.3
0.3
0.3
0.3
0.3
0.3
0.3
0.3
0.3
0.3
0.3
0.3
0.3
0.3
0.3
0.3
0.3
0.3
0.3
0.3
0.3
0.3
0.3
0.3
0.3
0.3
0.3
0.3
0.3
0.3
0.3
0.3
0.3
0.3
0.3
0.3
0.3
0.3
0.3
0.3
0.3
0.3015306496960077
0.3030410904764128
0.3028774519715288
0.3029896834239826
0.3023171792738243
0.3013429241633242
0.3003057468274794
0.3000499997240431
0.3000044984281922
0.3000004781825668
0.3000002559195649
0.2999993220347533
0.3000004880381263
0.2999992329027441
0.3
0.3
0.3
0.3
0.3
0.3
0.3
0.3
0.3
0.3
0.3
0.3
0.3
0.3
0.3
0.3
0.3
0.3
0.3
0.3
0.3
0.3
0.3
0.3
0.3
0.3
0.3
0.3
0.3
0.3
0.3
0.3
0.3
0.3
0.3
0.3
0.3
0.3
0.3
0.3
0.3
0.3
0.3
0.3
0.3
0.3
0.3
0.3
0.3
0.3
0.3
0.3
0.3
0.3
0.3
0.3015306496960071
0.3030410904764133
0.3028774519715293
0.3029896834239819
0.3023171792738242
0.3013429241633256
0.3003057468274807
0.300049999724043
0.3000044984281932
0.3000004781825668
0.3000002559195638
0.2999993220347541
0.3000004880381261
0.2999992329027442
