FiniteElementSpace
FiniteElementCollection: H1_2D_P1
VDim: 1
Ordering: 0

0.3
0.3
0.3
0.3
0.3
0.3
0.3
0.3
0.3
0.3
0.3015306496960071
0.3030410904764133
0.3028774519715293
0.3029896834239819
0.3023171792738242
0.3013429241633256
0.3003057468274807
0.300049999724043
0.3000044984281932
0.3000004781825668
0.3000002559195638
0.2999993220347541
0.3000004880381261
0.2999992329027442
0.2999995909554213
0.3000003434403328
0.3000001425626937
0.3000000557852883
0.3000000462471908
0.3000000446677639
0.3000000444876511
0.3000000445298751
0.3000000445024283
0.3000000444877758
0.3000000445103649
0.3000000445019104
0.3000000445013508
0.3000000445019113
0.3000000445019474
0.3000000445019575
0.3000000445019593
0.3000000445019593
0.3000000445019582
0.300000044501959
0.3000000445019592
0.3000000445019587
0.3
0.3
0.3
0.3
0.3
0.3
0.3
0.3
0.3
0.3
0.3
0.3
0.3
0.3
0.3
0.3
0.3
0.3
0.3
0.3
0.3
0.3
0.3
0.3
0.3
0.3
0.3
0.3
0.3
0.3
0.3
0.3
0.3
0.3
0.3015306496960075
0.3030410904764143
0.3028774519715278
0.302989683423983
0.3023171792738249
0.3013429241633236
0.3003057468274805
0.3000499997240421
0.300004498428193
0.3000004781825661
0.3000002559195648
0.2999993220347532
0.3000004880381273
0.2999992329027438
0.2999995909554209
0.3000003434403318
0.3000001425626944
0.3000000557852895
0.3000000462471908
0.3000000446677631
0.3000000444876521
0.3000000445298758
0.3000000445024277
0.3000000444877751
0.3000000445103653
0.300000044501911
0.3000000445013509
0.3000000445019104
0.3000000445019466
0.3000000445019584
0.3000000445019591
0.3000000445019588
0.3000000445019593
0.3000000445019592
0.3000000445019581
0.3000000445019602
0.3
0.3
0.3
0.3
0.3
0.3
0.3
0.3
0.3
0.3
0.3
0.3
0.3
0.3
0.3
0.3
0.3
0.3
0.3
0.3
0.3
0.3
0.3
0.3
