FiniteElementSpace
FiniteElementCollection: H1_2D_P1
VDim: 1
Ordering: 0

2.892703127028065e-06
2.892703126958993e-06
2.892703126753352e-06
2.892703126413493e-06
2.892703125942385e-06
2.892703125346944e-06
2.892703124636175e-06
2.892703123812382e-06
2.89270312289304e-06
2.892703121884289e-06
2.892703120804549e-06
2.892703119661904e-06
2.892703118477337e-06
2.892703117261488e-06
2.892703116038726e-06
2.892703114824967e-06
2.892703113652566e-06
2.892703112548747e-06
2.89270311155955e-06
2.892703110723248e-06
2.892703110082709e-06
2.892703109639236e-06
2.892703109341079e-06
2.892703109032405e-06
2.892703108528755e-06
2.892703107930748e-06
2.892703108773115e-06
2.89270311661462e-06
2.89270309685322e-06
2.892703037559855e-06
2.89270306202333e-06
2.892703078233545e-06
2.892703119422834e-06
2.892703159931992e-06
2.892703206662895e-06
2.892703257276935e-06
2.892703307744188e-06
2.89270335546232e-06
2.892703403422303e-06
2.892703449140335e-06
2.892703490481413e-06
2.892703529852336e-06
2.892703567096035e-06
2.892703600289224e-06
2.892703630761793e-06
2.892703659255103e-06
2.892703684611925e-06
2.892703707315828e-06
2.892703728056238e-06
2.8927037464298e-06
2.892703762663992e-06
2.892703777020447e-06
2.892703789395606e-06
2.892703800225791e-06
2.892703809429263e-06
2.892703816754798e-06
2.89270382133985e-06
2.892703502285757e-06
2.892636406104695e-06
2.878805105667079e-06
1.446351917107678e-06
1.38987271014016e-08
6.74247540937679e-11
2.892704184785306e-12
2.892707118625398e-12
2.892711283864588e-12
2.892714604802334e-12
2.892717060561023e-12
2.892721440129536e-12
2.892725261305466e-12
2.8927270309886e-12
2.892731168672152e-12
2.892735960333539e-12
2.892737259279031e-12
2.892740350468859e-12
2.892746190248761e-12
2.89274776443401e-12
2.89274907482005e-12
2.892755266877955e-12
2.892758064402548e-12
2.892757501920046e-12
2.892762639723824e-12
2.892767128207292e-12
2.892765560432647e-12
2.892768207407434e-12
2.892773644230583e-12
2.89277241072249e-12
2.892772601947553e-12
2.89277974572304e-12
2.892779150084338e-12
2.892774488581834e-12
2.892703127028062e-06
2.892703126958996e-06
2.892703126753352e-06
2.892703126413493e-06
2.892703125942383e-06
2.892703125346941e-06
2.892703124636177e-06
2.892703123812382e-06
2.89270312289304e-06
2.892703121884289e-06
2.892703120804552e-06
2.892703119661902e-06
2.892703118477335e-06
2.892703117261495e-06
2.892703116038724e-06
2.892703114824965e-06
2.892703113652568e-06
2.892703112548747e-06
2.892703111559547e-06
2.89270311072324e-06
2.892703110082707e-06
2.892703109639238e-06
2.892703109341079e-06
2.892703109032408e-06
2.892703108528755e-06
2.89270310793074e-06
2.892703108773121e-06
2.892703116614618e-06
2.89270309685322e-06
2.89270303755986e-06
2.892703062023333e-06
2.892703078233542e-06
2.892703119422834e-06
2.892703159931994e-06
2.892703206662897e-06
2.892703257276935e-06
2.892703307744191e-06
2.892703355462315e-06
2.892703403422306e-06
2.892703449140332e-06
2.892703490481413e-06
2.892703529852339e-06
2.892703567096033e-06
2.892703600289227e-06
2.89270363076179e-06
2.892703659255108e-06
2.892703684611928e-06
2.892703707315831e-06
2.892703728056243e-06
2.8927037464298e-06
2.892703762663992e-06
2.892703777020444e-06
2.892703789395609e-06
2.892703800225794e-06
2.89270380942926e-06
2.892703816754798e-06
2.892703821339852e-06
2.892703502285754e-06
2.892636406104693e-06
2.878805105667079e-06
1.44635191710768e-06
1.389872710140158e-08
6.742475409376796e-11
2.892704184785316e-12
2.892707118625398e-12
2.892711283864588e-12
2.892714604802334e-12
2.892717060561021e-12
2.892721440129533e-12
2.892725261305469e-12
2.892727030988602e-12
2.89273116867215e-12
2.892735960333533e-12
2.892737259279034e-12
2.892740350468864e-12
2.892746190248758e-12
2.892747764434008e-12
2.892749074820053e-12
2.89275526687795e-12
2.892758064402551e-12
2.892757501920044e-12
2.892762639723828e-12
2.892767128207289e-12
2.892765560432647e-12
2.892768207407431e-12
2.892773644230581e-12
2.892772410722487e-12
2.892772601947556e-12
2.892779745723043e-12
2.892779150084338e-12
2.892774488581834e-12
2.89270312702806e-06
2.892703126958999e-06
2.892703126753352e-06
2.892703126413493e-06
2.89270312594238e-06
2.892703125346941e-06
2.892703124636175e-06
2.892703123812378e-06
2.892703122893045e-06
2.892703121884286e-06
2.892703120804549e-06
2.892703119661907e-06
2.892703118477335e-06
2.892703117261495e-06
2.892703116038726e-06
2.892703114824963e-06
2.892703113652563e-06
2.892703112548744e-06
2.89270311155955e-06
2.892703110723238e-06
2.892703110082707e-06
2.892703109639241e-06
2.892703109341079e-06
2.892703109032405e-06
2.892703108528755e-06
2.892703107930745e-06
2.892703108773118e-06
2.89270311661462e-06
2.892703096853215e-06
2.892703037559855e-06
2.892703062023333e-06
2.892703078233542e-06
2.892703119422834e-06
2.892703159931994e-06
2.892703206662897e-06
2.892703257276932e-06
2.892703307744185e-06
2.892703355462315e-06
2.892703403422306e-06
2.89270344914033e-06
2.89270349048141e-06
2.892703529852336e-06
2.892703567096038e-06
2.892703600289224e-06
2.892703630761793e-06
2.892703659255111e-06
2.892703684611931e-06
2.892703707315831e-06
2.892703728056241e-06
2.892703746429803e-06
2.892703762663992e-06
2.892703777020449e-06
2.892703789395606e-06
2.892703800225794e-06
2.892703809429263e-06
2.892703816754798e-06
2.892703821339852e-06
2.892703502285754e-06
2.892636406104695e-06
2.878805105667079e-06
1.446351917107678e-06
1.389872710140158e-08
6.742475409376784e-11
2.892704184785314e-12
2.892707118625401e-12
2.892711283864588e-12
2.892714604802337e-12
2.892717060561021e-12
2.892721440129533e-12
2.892725261305469e-12
2.892727030988602e-12
2.892731168672147e-12
2.892735960333539e-12
2.892737259279037e-12
2.892740350468861e-12
2.892746190248761e-12
2.892747764434005e-12
2.892749074820048e-12
2.892755266877955e-12
2.892758064402551e-12
2.892757501920046e-12
2.892762639723831e-12
2.892767128207295e-12
2.892765560432649e-12
2.892768207407436e-12
2.892773644230586e-12
2.892772410722487e-12
2.892772601947556e-12
2.89277974572304e-12
2.892779150084344e-12
2.892774488581836e-12
2.89270312702806e-06
2.892703126958996e-06
2.892703126753349e-06
2.892703126413493e-06
2.892703125942383e-06
2.892703125346941e-06
2.892703124636177e-06
2.892703123812382e-06
2.89270312289304e-06
2.892703121884291e-06
2.892703120804547e-06
2.892703119661904e-06
2.892703118477337e-06
2.892703117261493e-06
2.892703116038726e-06
2.892703114824963e-06
2.892703113652566e-06
2.892703112548747e-06
2.892703111559542e-06
2.89270311072324e-06
2.892703110082704e-06
2.892703109639241e-06
2.892703109341081e-06
2.892703109032408e-06
2.892703108528758e-06
2.892703107930745e-06
2.892703108773121e-06
2.89270311661462e-06
2.89270309685322e-06
2.892703037559855e-06
2.892703062023335e-06
2.892703078233542e-06
2.892703119422834e-06
2.892703159931994e-06
2.892703206662897e-06
2.892703257276935e-06
2.892703307744185e-06
2.892703355462318e-06
2.892703403422298e-06
2.892703449140332e-06
2.892703490481408e-06
2.892703529852336e-06
2.892703567096038e-06
2.892703600289222e-06
2.89270363076179e-06
2.892703659255108e-06
2.892703684611928e-06
2.892703707315836e-06
2.892703728056243e-06
2.892703746429798e-06
2.892703762663992e-06
2.892703777020449e-06
2.892703789395606e-06
2.892703800225791e-06
2.892703809429263e-06
2.892703816754795e-06
2.892703821339852e-06
2.892703502285757e-06
2.892636406104695e-06
2.878805105667079e-06
1.446351917107677e-06
1.38987271014016e-08
6.742475409376796e-11
2.892704184785303e-12
2.892707118625398e-12
2.892711283864591e-12
2.892714604802337e-12
2.892717060561026e-12
2.892721440129533e-12
2.892725261305474e-12
2.8927270309886e-12
2.89273116867215e-12
2.892735960333539e-12
2.892737259279037e-12
2.892740350468861e-12
2.892746190248755e-12
2.892747764434005e-12
2.892749074820053e-12
2.892755266877952e-12
2.892758064402551e-12
2.892757501920041e-12
2.892762639723826e-12
2.892767128207295e-12
2.892765560432649e-12
2.892768207407436e-12
2.892773644230583e-12
2.89277241072249e-12
2.892772601947556e-12
2.892779745723043e-12
2.892779150084341e-12
2.892774488581834e-12
