FiniteElementSpace
FiniteElementCollection: H1_2D_P1
VDim: 1
Ordering: 0

2.89270312702806e-06
2.892703126958996e-06
2.89270312675336e-06
2.892703126413491e-06
2.89270312594238e-06
2.892703125346941e-06
2.892703124636177e-06
2.892703123812382e-06
2.892703122893035e-06
2.892703121884286e-06
2.892703120804549e-06
2.892703119661904e-06
2.892703118477327e-06
2.89270311726149e-06
2.892703116038721e-06
2.892703114824955e-06
2.892703113652563e-06
2.892703112548747e-06
2.892703111559542e-06
2.89270311072324e-06
2.892703110082709e-06
2.892703109639236e-06
2.892703109341076e-06
2.892703109032403e-06
2.892703108528752e-06
2.892703107930753e-06
2.892703108773121e-06
2.892703116614618e-06
2.89270309685322e-06
2.892703037559855e-06
2.892703062023333e-06
2.892703078233545e-06
2.892703119422837e-06
2.892703159932002e-06
2.892703206662897e-06
2.892703257276935e-06
2.892703307744185e-06
2.89270335546232e-06
2.892703403422301e-06
2.892703449140335e-06
2.892703490481413e-06
2.892703529852336e-06
2.892703567096038e-06
2.892703600289224e-06
2.892703630761795e-06
2.892703659255106e-06
2.892703684611931e-06
2.892703707315836e-06
2.892703728056241e-06
2.8927037464298e-06
2.892703762663992e-06
2.892703777020452e-06
2.892703789395616e-06
2.892703800225794e-06
2.89270380942927e-06
2.8927038167548e-06
2.892703821339855e-06
2.892703502285762e-06
2.892636406104695e-06
2.878805105667079e-06
1.446351917107682e-06
1.38987271014016e-08
6.742475409376796e-11
2.892704184785319e-12
2.892707118625408e-12
2.892711283864591e-12
2.892714604802337e-12
2.892717060561026e-12
2.892721440129533e-12
2.892725261305474e-12
2.892727030988605e-12
2.89273116867215e-12
2.892735960333539e-12
2.892737259279034e-12
2.892740350468864e-12
2.892746190248758e-12
2.892747764434008e-12
2.89274907482005e-12
2.892755266877958e-12
2.892758064402551e-12
2.892757501920054e-12
2.892762639723831e-12
2.8927671282073e-12
2.892765560432649e-12
2.892768207407441e-12
2.892773644230591e-12
2.892772410722498e-12
2.892772601947566e-12
2.892779745723048e-12
2.892779150084341e-12
2.892774488581844e-12
2.89270312702806e-06
2.892703126958996e-06
2.892703126753357e-06
2.892703126413488e-06
2.892703125942383e-06
2.892703125346939e-06
2.892703124636177e-06
2.89270312381238e-06
2.892703122893038e-06
2.892703121884286e-06
2.892703120804549e-06
2.892703119661902e-06
2.892703118477332e-06
2.89270311726149e-06
2.892703116038724e-06
2.892703114824957e-06
2.892703113652563e-06
2.892703112548744e-06
2.892703111559545e-06
2.892703110723235e-06
2.892703110082709e-06
2.892703109639231e-06
2.892703109341079e-06
2.892703109032405e-06
2.892703108528755e-06
2.892703107930748e-06
2.892703108773121e-06
2.892703116614618e-06
2.892703096853217e-06
2.892703037559855e-06
2.892703062023333e-06
2.892703078233547e-06
2.89270311942284e-06
2.892703159932004e-06
2.8927032066629e-06
2.892703257276938e-06
2.892703307744193e-06
2.89270335546232e-06
2.892703403422303e-06
2.892703449140332e-06
2.89270349048141e-06
2.892703529852342e-06
2.892703567096038e-06
2.892703600289219e-06
2.892703630761793e-06
2.892703659255111e-06
2.892703684611931e-06
2.892703707315836e-06
2.892703728056241e-06
2.892703746429795e-06
2.892703762663987e-06
2.892703777020444e-06
2.892703789395614e-06
2.892703800225794e-06
2.892703809429265e-06
2.8927038167548e-06
2.892703821339852e-06
2.892703502285757e-06
2.892636406104693e-06
2.878805105667084e-06
1.446351917107682e-06
1.38987271014016e-08
6.742475409376807e-11
2.892704184785316e-12
2.892707118625408e-12
2.892711283864588e-12
2.892714604802337e-12
2.892717060561023e-12
2.892721440129533e-12
2.892725261305469e-12
2.892727030988605e-12
2.892731168672152e-12
2.892735960333536e-12
2.892737259279034e-12
2.892740350468861e-12
2.892746190248753e-12
2.892747764434008e-12
2.892749074820053e-12
2.892755266877952e-12
2.892758064402553e-12
2.892757501920051e-12
2.892762639723833e-12
2.892767128207297e-12
2.892765560432654e-12
2.892768207407444e-12
2.892773644230589e-12
2.892772410722503e-12
2.892772601947566e-12
2.892779745723043e-12
2.892779150084344e-12
2.892774488581844e-12
2.892703127028065e-06
2.892703126958993e-06
2.892703126753354e-06
2.892703126413485e-06
2.89270312594238e-06
2.892703125346941e-06
2.892703124636172e-06
2.892703123812378e-06
2.892703122893038e-06
2.892703121884289e-06
2.892703120804552e-06
2.892703119661904e-06
2.892703118477335e-06
2.892703117261493e-06
2.892703116038724e-06
2.892703114824957e-06
2.892703113652558e-06
2.892703112548747e-06
2.892703111559547e-06
2.892703110723238e-06
2.892703110082707e-06
2.892703109639233e-06
2.892703109341079e-06
2.892703109032405e-06
2.892703108528752e-06
2.892703107930748e-06
2.892703108773118e-06
2.892703116614623e-06
2.892703096853217e-06
2.892703037559857e-06
2.892703062023333e-06
2.89270307823355e-06
2.892703119422837e-06
2.892703159932004e-06
2.8927032066629e-06
2.892703257276935e-06
2.892703307744193e-06
2.89270335546232e-06
2.892703403422306e-06
2.892703449140335e-06
2.892703490481408e-06
2.892703529852334e-06
2.892703567096033e-06
2.892703600289219e-06
2.892703630761793e-06
2.892703659255111e-06
2.892703684611931e-06
2.892703707315836e-06
2.892703728056241e-06
2.892703746429803e-06
2.89270376266399e-06
2.892703777020449e-06
2.892703789395612e-06
2.892703800225789e-06
2.89270380942927e-06
2.892703816754798e-06
2.89270382133986e-06
2.89270350228576e-06
2.892636406104698e-06
2.878805105667081e-06
1.446351917107682e-06
1.389872710140158e-08
6.742475409376802e-11
2.892704184785319e-12
2.892707118625405e-12
2.892711283864593e-12
2.892714604802337e-12
2.892717060561029e-12
2.892721440129536e-12
2.892725261305471e-12
2.892727030988602e-12
2.892731168672152e-12
2.892735960333539e-12
2.892737259279034e-12
2.892740350468861e-12
2.892746190248761e-12
2.892747764434005e-12
2.89274907482005e-12
2.89275526687796e-12
2.892758064402556e-12
2.892757501920054e-12
2.892762639723831e-12
2.892767128207297e-12
2.892765560432649e-12
2.892768207407441e-12
2.892773644230596e-12
2.892772410722495e-12
2.892772601947566e-12
2.892779745723046e-12
2.892779150084341e-12
2.892774488581847e-12
2.892703127028062e-06
2.892703126958999e-06
2.892703126753357e-06
2.892703126413488e-06
2.89270312594238e-06
2.892703125346941e-06
2.892703124636175e-06
2.892703123812378e-06
2.892703122893038e-06
2.892703121884284e-06
2.892703120804552e-06
2.892703119661902e-06
2.89270311847733e-06
2.892703117261495e-06
2.892703116038726e-06
2.892703114824963e-06
2.892703113652558e-06
2.892703112548744e-06
2.892703111559547e-06
2.892703110723238e-06
2.892703110082709e-06
2.892703109639236e-06
2.892703109341079e-06
2.8927031090324e-06
2.892703108528752e-06
2.892703107930748e-06
2.892703108773121e-06
2.892703116614623e-06
2.892703096853217e-06
2.892703037559855e-06
2.892703062023333e-06
2.89270307823355e-06
2.892703119422834e-06
2.892703159932002e-06
2.892703206662902e-06
2.892703257276938e-06
2.892703307744188e-06
2.89270335546232e-06
2.892703403422301e-06
2.892703449140332e-06
2.89270349048141e-06
2.892703529852336e-06
2.892703567096038e-06
2.892703600289222e-06
2.892703630761795e-06
2.892703659255111e-06
2.892703684611931e-06
2.892703707315833e-06
2.892703728056246e-06
2.892703746429805e-06
2.892703762663992e-06
2.892703777020447e-06
2.892703789395612e-06
2.892703800225794e-06
2.892703809429265e-06
2.8927038167548e-06
2.892703821339858e-06
2.892703502285757e-06
2.892636406104693e-06
2.878805105667081e-06
1.446351917107682e-06
1.389872710140161e-08
6.742475409376796e-11
2.892704184785316e-12
2.892707118625411e-12
2.892711283864593e-12
2.892714604802337e-12
2.892717060561031e-12
2.892721440129533e-12
2.892725261305469e-12
2.892727030988605e-12
2.892731168672152e-12
2.892735960333539e-12
2.892737259279034e-12
2.892740350468864e-12
2.892746190248761e-12
2.892747764434008e-12
2.89274907482005e-12
2.89275526687796e-12
2.892758064402553e-12
2.892757501920046e-12
2.892762639723831e-12
2.892767128207297e-12
2.892765560432651e-12
2.892768207407447e-12
2.892773644230593e-12
2.892772410722498e-12
2.892772601947566e-12
2.892779745723051e-12
2.892779150084346e-12
2.892774488581844e-12
