0.0003118
0.0003044
0.0002971
0.0002899
0.0002829
0.0002761
0.0002695
0.0002632
0.0002570
0.0002511
0.0002455
0.0002401
0.0002351
0.0002303
0.0002259
0.0002219
0.0002183
0.0002151
0.0002122
0.0002099
0.0002080
0.0002065
0.0002055
0.0002051
0.0002051
0.0002055
0.0002065
0.0002080
0.0002099
0.0002122
0.0002151
0.0003054
0.0002977
0.0002903
0.0002829
0.0002758
0.0002688
0.0002620
0.0002554
0.0002491
0.0002430
0.0002372
0.0002316
0.0002264
0.0002215
0.0002169
0.0002127
0.0002089
0.0002055
0.0002026
0.0002001
0.0001981
0.0001966
0.0001956
0.0001951
0.0001951
0.0001956
0.0001966
0.0001981
0.0002001
0.0002026
0.0002055
0.0002991
0.0002913
0.0002836
0.0002761
0.0002688
0.0002616
0.0002547
0.0002479
0.0002414
0.0002351
0.0002290
0.0002233
0.0002178
0.0002127
0.0002080
0.0002036
0.0001996
0.0001961
0.0001930
0.0001904
0.0001883
0.0001867
0.0001856
0.0001851
0.0001851
0.0001856
0.0001867
0.0001883
0.0001904
0.0001930
0.0001961
0.0002930
0.0002850
0.0002772
0.0002695
0.0002620
0.0002547
0.0002475
0.0002405
0.0002338
0.0002273
0.0002210
0.0002151
0.0002094
0.0002041
0.0001991
0.0001946
0.0001904
0.0001867
0.0001834
0.0001807
0.0001785
0.0001768
0.0001756
0.0001751
0.0001751
0.0001756
0.0001768
0.0001785
0.0001807
0.0001834
0.0001867
0.0002871
0.0002790
0.0002710
0.0002632
0.0002554
0.0002479
0.0002405
0.0002333
0.0002264
0.0002197
0.0002132
0.0002070
0.0002011
0.0001956
0.0001904
0.0001856
0.0001812
0.0001773
0.0001739
0.0001710
0.0001687
0.0001669
0.0001657
0.0001651
0.0001651
0.0001657
0.0001669
0.0001687
0.0001710
0.0001739
0.0001773
0.0002815
0.0002732
0.0002650
0.0002570
0.0002491
0.0002414
0.0002338
0.0002264
0.0002192
0.0002122
0.0002055
0.0001991
0.0001930
0.0001872
0.0001818
0.0001768
0.0001722
0.0001681
0.0001645
0.0001614
0.0001589
0.0001570
0.0001557
0.0001551
0.0001551
0.0001557
0.0001570
0.0001589
0.0001614
0.0001645
0.0001681
0.0002761
0.0002677
0.0002593
0.0002511
0.0002430
0.0002351
0.0002273
0.0002197
0.0002122
0.0002051
0.0001981
0.0001914
0.0001851
0.0001790
0.0001733
0.0001681
0.0001632
0.0001589
0.0001551
0.0001518
0.0001492
0.0001471
0.0001458
0.0001451
0.0001451
0.0001458
0.0001471
0.0001492
0.0001518
0.0001551
0.0001589
0.0002710
0.0002624
0.0002539
0.0002455
0.0002372
0.0002290
0.0002210
0.0002132
0.0002055
0.0001981
0.0001909
0.0001840
0.0001773
0.0001710
0.0001651
0.0001595
0.0001544
0.0001498
0.0001458
0.0001423
0.0001395
0.0001373
0.0001358
0.0001351
0.0001351
0.0001358
0.0001373
0.0001395
0.0001423
0.0001458
0.0001498
0.0002662
0.0002574
0.0002487
0.0002401
0.0002316
0.0002233
0.0002151
0.0002070
0.0001991
0.0001914
0.0001840
0.0001768
0.0001699
0.0001632
0.0001570
0.0001512
0.0001458
0.0001409
0.0001366
0.0001329
0.0001298
0.0001275
0.0001259
0.0001251
0.0001251
0.0001259
0.0001275
0.0001298
0.0001329
0.0001366
0.0001409
0.0002616
0.0002527
0.0002438
0.0002351
0.0002264
0.0002178
0.0002094
0.0002011
0.0001930
0.0001851
0.0001773
0.0001699
0.0001626
0.0001557
0.0001492
0.0001430
0.0001373
0.0001321
0.0001275
0.0001235
0.0001202
0.0001177
0.0001160
0.0001151
0.0001151
0.0001160
0.0001177
0.0001202
0.0001235
0.0001275
0.0001321
0.0002574
0.0002483
0.0002393
0.0002303
0.0002215
0.0002127
0.0002041
0.0001956
0.0001872
0.0001790
0.0001710
0.0001632
0.0001557
0.0001485
0.0001416
0.0001351
0.0001290
0.0001235
0.0001185
0.0001142
0.0001107
0.0001079
0.0001061
0.0001051
0.0001051
0.0001061
0.0001079
0.0001107
0.0001142
0.0001185
0.0001235
0.0002535
0.0002442
0.0002351
0.0002259
0.0002169
0.0002080
0.0001991
0.0001904
0.0001818
0.0001733
0.0001651
0.0001570
0.0001492
0.0001416
0.0001344
0.0001275
0.0001210
0.0001151
0.0001098
0.0001051
0.0001012
0.0000982
0.0000962
0.0000951
0.0000951
0.0000962
0.0000982
0.0001012
0.0001051
0.0001098
0.0001151
0.0002499
0.0002405
0.0002312
0.0002219
0.0002127
0.0002036
0.0001946
0.0001856
0.0001768
0.0001681
0.0001595
0.0001512
0.0001430
0.0001351
0.0001275
0.0001202
0.0001134
0.0001070
0.0001012
0.0000962
0.0000919
0.0000886
0.0000863
0.0000851
0.0000851
0.0000863
0.0000886
0.0000919
0.0000962
0.0001012
0.0001070
0.0002467
0.0002372
0.0002277
0.0002183
0.0002089
0.0001996
0.0001904
0.0001812
0.0001722
0.0001632
0.0001544
0.0001458
0.0001373
0.0001290
0.0001210
0.0001134
0.0001061
0.0000992
0.0000930
0.0000875
0.0000828
0.0000791
0.0000765
0.0000752
0.0000752
0.0000765
0.0000791
0.0000828
0.0000875
0.0000930
0.0000992
0.0002438
0.0002342
0.0002246
0.0002151
0.0002055
0.0001961
0.0001867
0.0001773
0.0001681
0.0001589
0.0001498
0.0001409
0.0001321
0.0001235
0.0001151
0.0001070
0.0000992
0.0000919
0.0000851
0.0000791
0.0000738
0.0000696
0.0000667
0.0000652
0.0000652
0.0000667
0.0000696
0.0000738
0.0000791
0.0000851
0.0000919
0.0002414
0.0002316
0.0002219
0.0002122
0.0002026
0.0001930
0.0001834
0.0001739
0.0001645
0.0001551
0.0001458
0.0001366
0.0001275
0.0001185
0.0001098
0.0001012
0.0000930
0.0000851
0.0000778
0.0000711
0.0000652
0.0000604
0.0000570
0.0000552
0.0000552
0.0000570
0.0000604
0.0000652
0.0000711
0.0000778
0.0000851
0.0002393
0.0002295
0.0002197
0.0002099
0.0002001
0.0001904
0.0001807
0.0001710
0.0001614
0.0001518
0.0001423
0.0001329
0.0001235
0.0001142
0.0001051
0.0000962
0.0000875
0.0000791
0.0000711
0.0000636
0.0000570
0.0000515
0.0000474
0.0000453
0.0000453
0.0000474
0.0000515
0.0000570
0.0000636
0.0000711
0.0000791
0.0002376
0.0002277
0.0002178
0.0002080
0.0001981
0.0001883
0.0001785
0.0001687
0.0001589
0.0001492
0.0001395
0.0001298
0.0001202
0.0001107
0.0001012
0.0000919
0.0000828
0.0000738
0.0000652
0.0000570
0.0000495
0.0000430
0.0000381
0.0000354
0.0000354
0.0000381
0.0000430
0.0000495
0.0000570
0.0000652
0.0000738
0.0002363
0.0002264
0.0002164
0.0002065
0.0001966
0.0001867
0.0001768
0.0001669
0.0001570
0.0001471
0.0001373
0.0001275
0.0001177
0.0001079
0.0000982
0.0000886
0.0000791
0.0000696
0.0000604
0.0000515
0.0000430
0.0000354
0.0000292
0.0000255
0.0000255
0.0000292
0.0000354
0.0000430
0.0000515
0.0000604
0.0000696
0.0002355
0.0002255
0.0002155
0.0002055
0.0001956
0.0001856
0.0001756
0.0001657
0.0001557
0.0001458
0.0001358
0.0001259
0.0001160
0.0001061
0.0000962
0.0000863
0.0000765
0.0000667
0.0000570
0.0000474
0.0000381
0.0000292
0.0000212
0.0000158
0.0000158
0.0000212
0.0000292
0.0000381
0.0000474
0.0000570
0.0000667
0.0002351
0.0002251
0.0002151
0.0002051
0.0001951
0.0001851
0.0001751
0.0001651
0.0001551
0.0001451
0.0001351
0.0001251
0.0001151
0.0001051
0.0000951
0.0000851
0.0000752
0.0000652
0.0000552
0.0000453
0.0000354
0.0000255
0.0000158
0.0000071
0.0000071
0.0000158
0.0000255
0.0000354
0.0000453
0.0000552
0.0000652
0.0002351
0.0002251
0.0002151
0.0002051
0.0001951
0.0001851
0.0001751
0.0001651
0.0001551
0.0001451
0.0001351
0.0001251
0.0001151
0.0001051
0.0000951
0.0000851
0.0000752
0.0000652
0.0000552
0.0000453
0.0000354
0.0000255
0.0000158
0.0000071
0.0000071
0.0000158
0.0000255
0.0000354
0.0000453
0.0000552
0.0000652
0.0002355
0.0002255
0.0002155
0.0002055
0.0001956
0.0001856
0.0001756
0.0001657
0.0001557
0.0001458
0.0001358
0.0001259
0.0001160
0.0001061
0.0000962
0.0000863
0.0000765
0.0000667
0.0000570
0.0000474
0.0000381
0.0000292
0.0000212
0.0000158
0.0000158
0.0000212
0.0000292
0.0000381
0.0000474
0.0000570
0.0000667
0.0002363
0.0002264
0.0002164
0.0002065
0.0001966
0.0001867
0.0001768
0.0001669
0.0001570
0.0001471
0.0001373
0.0001275
0.0001177
0.0001079
0.0000982
0.0000886
0.0000791
0.0000696
0.0000604
0.0000515
0.0000430
0.0000354
0.0000292
0.0000255
0.0000255
0.0000292
0.0000354
0.0000430
0.0000515
0.0000604
0.0000696
0.0002376
0.0002277
0.0002178
0.0002080
0.0001981
0.0001883
0.0001785
0.0001687
0.0001589
0.0001492
0.0001395
0.0001298
0.0001202
0.0001107
0.0001012
0.0000919
0.0000828
0.0000738
0.0000652
0.0000570
0.0000495
0.0000430
0.0000381
0.0000354
0.0000354
0.0000381
0.0000430
0.0000495
0.0000570
0.0000652
0.0000738
0.0002393
0.0002295
0.0002197
0.0002099
0.0002001
0.0001904
0.0001807
0.0001710
0.0001614
0.0001518
0.0001423
0.0001329
0.0001235
0.0001142
0.0001051
0.0000962
0.0000875
0.0000791
0.0000711
0.0000636
0.0000570
0.0000515
0.0000474
0.0000453
0.0000453
0.0000474
0.0000515
0.0000570
0.0000636
0.0000711
0.0000791
0.0002414
0.0002316
0.0002219
0.0002122
0.0002026
0.0001930
0.0001834
0.0001739
0.0001645
0.0001551
0.0001458
0.0001366
0.0001275
0.0001185
0.0001098
0.0001012
0.0000930
0.0000851
0.0000778
0.0000711
0.0000652
0.0000604
0.0000570
0.0000552
0.0000552
0.0000570
0.0000604
0.0000652
0.0000711
0.0000778
0.0000851
0.0002438
0.0002342
0.0002246
0.0002151
0.0002055
0.0001961
0.0001867
0.0001773
0.0001681
0.0001589
0.0001498
0.0001409
0.0001321
0.0001235
0.0001151
0.0001070
0.0000992
0.0000919
0.0000851
0.0000791
0.0000738
0.0000696
0.0000667
0.0000652
0.0000652
0.0000667
0.0000696
0.0000738
0.0000791
0.0000851
0.0000919
0.0002467
0.0002372
0.0002277
0.0002183
0.0002089
0.0001996
0.0001904
0.0001812
0.0001722
0.0001632
0.0001544
0.0001458
0.0001373
0.0001290
0.0001210
0.0001134
0.0001061
0.0000992
0.0000930
0.0000875
0.0000828
0.0000791
0.0000765
0.0000752
0.0000752
0.0000765
0.0000791
0.0000828
0.0000875
0.0000930
0.0000992
0.0002499
0.0002405
0.0002312
0.0002219
0.0002127
0.0002036
0.0001946
0.0001856
0.0001768
0.0001681
0.0001595
0.0001512
0.0001430
0.0001351
0.0001275
0.0001202
0.0001134
0.0001070
0.0001012
0.0000962
0.0000919
0.0000886
0.0000863
0.0000851
0.0000851
0.0000863
0.0000886
0.0000919
0.0000962
0.0001012
0.0001070
0.0002535
0.0002442
0.0002351
0.0002259
0.0002169
0.0002080
0.0001991
0.0001904
0.0001818
0.0001733
0.0001651
0.0001570
0.0001492
0.0001416
0.0001344
0.0001275
0.0001210
0.0001151
0.0001098
0.0001051
0.0001012
0.0000982
0.0000962
0.0000951
0.0000951
0.0000962
0.0000982
0.0001012
0.0001051
0.0001098
0.0001151
0.0002574
0.0002483
0.0002393
0.0002303
0.0002215
0.0002127
0.0002041
0.0001956
0.0001872
0.0001790
0.0001710
0.0001632
0.0001557
0.0001485
0.0001416
0.0001351
0.0001290
0.0001235
0.0001185
0.0001142
0.0001107
0.0001079
0.0001061
0.0001051
0.0001051
0.0001061
0.0001079
0.0001107
0.0001142
0.0001185
0.0001235
0.0002616
0.0002527
0.0002438
0.0002351
0.0002264
0.0002178
0.0002094
0.0002011
0.0001930
0.0001851
0.0001773
0.0001699
0.0001626
0.0001557
0.0001492
0.0001430
0.0001373
0.0001321
0.0001275
0.0001235
0.0001202
0.0001177
0.0001160
0.0001151
0.0001151
0.0001160
0.0001177
0.0001202
0.0001235
0.0001275
0.0001321
0.0002662
0.0002574
0.0002487
0.0002401
0.0002316
0.0002233
0.0002151
0.0002070
0.0001991
0.0001914
0.0001840
0.0001768
0.0001699
0.0001632
0.0001570
0.0001512
0.0001458
0.0001409
0.0001366
0.0001329
0.0001298
0.0001275
0.0001259
0.0001251
0.0001251
0.0001259
0.0001275
0.0001298
0.0001329
0.0001366
0.0001409
0.0002710
0.0002624
0.0002539
0.0002455
0.0002372
0.0002290
0.0002210
0.0002132
0.0002055
0.0001981
0.0001909
0.0001840
0.0001773
0.0001710
0.0001651
0.0001595
0.0001544
0.0001498
0.0001458
0.0001423
0.0001395
0.0001373
0.0001358
0.0001351
0.0001351
0.0001358
0.0001373
0.0001395
0.0001423
0.0001458
0.0001498
0.0002761
0.0002677
0.0002593
0.0002511
0.0002430
0.0002351
0.0002273
0.0002197
0.0002122
0.0002051
0.0001981
0.0001914
0.0001851
0.0001790
0.0001733
0.0001681
0.0001632
0.0001589
0.0001551
0.0001518
0.0001492
0.0001471
0.0001458
0.0001451
0.0001451
0.0001458
0.0001471
0.0001492
0.0001518
0.0001551
0.0001589
0.0002815
0.0002732
0.0002650
0.0002570
0.0002491
0.0002414
0.0002338
0.0002264
0.0002192
0.0002122
0.0002055
0.0001991
0.0001930
0.0001872
0.0001818
0.0001768
0.0001722
0.0001681
0.0001645
0.0001614
0.0001589
0.0001570
0.0001557
0.0001551
0.0001551
0.0001557
0.0001570
0.0001589
0.0001614
0.0001645
0.0001681
0.0002871
0.0002790
0.0002710
0.0002632
0.0002554
0.0002479
0.0002405
0.0002333
0.0002264
0.0002197
0.0002132
0.0002070
0.0002011
0.0001956
0.0001904
0.0001856
0.0001812
0.0001773
0.0001739
0.0001710
0.0001687
0.0001669
0.0001657
0.0001651
0.0001651
0.0001657
0.0001669
0.0001687
0.0001710
0.0001739
0.0001773
0.0002930
0.0002850
0.0002772
0.0002695
0.0002620
0.0002547
0.0002475
0.0002405
0.0002338
0.0002273
0.0002210
0.0002151
0.0002094
0.0002041
0.0001991
0.0001946
0.0001904
0.0001867
0.0001834
0.0001807
0.0001785
0.0001768
0.0001756
0.0001751
0.0001751
0.0001756
0.0001768
0.0001785
0.0001807
0.0001834
0.0001867
0.0002991
0.0002913
0.0002836
0.0002761
0.0002688
0.0002616
0.0002547
0.0002479
0.0002414
0.0002351
0.0002290
0.0002233
0.0002178
0.0002127
0.0002080
0.0002036
0.0001996
0.0001961
0.0001930
0.0001904
0.0001883
0.0001867
0.0001856
0.0001851
0.0001851
0.0001856
0.0001867
0.0001883
0.0001904
0.0001930
0.0001961
0.0003054
0.0002977
0.0002903
0.0002829
0.0002758
0.0002688
0.0002620
0.0002554
0.0002491
0.0002430
0.0002372
0.0002316
0.0002264
0.0002215
0.0002169
0.0002127
0.0002089
0.0002055
0.0002026
0.0002001
0.0001981
0.0001966
0.0001956
0.0001951
0.0001951
0.0001956
0.0001966
0.0001981
0.0002001
0.0002026
0.0002055
