-0.0012100
-0.0011900
-0.0011700
-0.0011500
-0.0011300
-0.0011100
-0.0010900
-0.0010700
-0.0010500
-0.0010300
-0.0010100
-0.0009900
-0.0009700
-0.0009500
-0.0009300
-0.0009100
-0.0008900
-0.0008700
-0.0008500
-0.0008300
-0.0008100
-0.0007900
-0.0007700
-0.0007500
-0.0007300
-0.0007100
-0.0006900
-0.0006700
-0.0006500
-0.0006300
-0.0006100
-0.0005900
-0.0005700
-0.0005500
-0.0005300
-0.0005100
-0.0004900
-0.0004700
-0.0004500
-0.0004300
-0.0004100
-0.0003900
-0.0003700
-0.0003500
-0.0003300
-0.0003100
-0.0002900
-0.0002700
-0.0002500
-0.0002300
-0.0002100
-0.0001900
-0.0001700
-0.0001500
-0.0001300
-0.0001100
-0.0000900
-0.0000700
-0.0000500
-0.0000300
-0.0000100
0.0000100
0.0000300
0.0000500
0.0000700
0.0000900
0.0001100
0.0001300
0.0001500
0.0001700
0.0001900
0.0002100
0.0002300
0.0002500
0.0002700
0.0002900
0.0003100
0.0003300
0.0003500
0.0003700
0.0003900
0.0004100
0.0004300
0.0004500
0.0004700
0.0004900
0.0005100
0.0005300
0.0005500
0.0005700
0.0005900
-0.0012100
-0.0011900
-0.0011700
-0.0011500
-0.0011300
-0.0011100
-0.0010900
-0.0010700
-0.0010500
-0.0010300
-0.0010100
-0.0009900
-0.0009700
-0.0009500
-0.0009300
-0.0009100
-0.0008900
-0.0008700
-0.0008500
-0.0008300
-0.0008100
-0.0007900
-0.0007700
-0.0007500
-0.0007300
-0.0007100
-0.0006900
-0.0006700
-0.0006500
-0.0006300
-0.0006100
-0.0005900
-0.0005700
-0.0005500
-0.0005300
-0.0005100
-0.0004900
-0.0004700
-0.0004500
-0.0004300
-0.0004100
-0.0003900
-0.0003700
-0.0003500
-0.0003300
-0.0003100
-0.0002900
-0.0002700
-0.0002500
-0.0002300
-0.0002100
-0.0001900
-0.0001700
-0.0001500
-0.0001300
-0.0001100
-0.0000900
-0.0000700
-0.0000500
-0.0000300
-0.0000100
0.0000100
0.0000300
0.0000500
0.0000700
0.0000900
0.0001100
0.0001300
0.0001500
0.0001700
0.0001900
0.0002100
0.0002300
0.0002500
0.0002700
0.0002900
0.0003100
0.0003300
0.0003500
0.0003700
0.0003900
0.0004100
0.0004300
0.0004500
0.0004700
0.0004900
0.0005100
0.0005300
0.0005500
0.0005700
0.0005900
-0.0012100
-0.0011900
-0.0011700
-0.0011500
-0.0011300
-0.0011100
-0.0010900
-0.0010700
-0.0010500
-0.0010300
-0.0010100
-0.0009900
-0.0009700
-0.0009500
-0.0009300
-0.0009100
-0.0008900
-0.0008700
-0.0008500
-0.0008300
-0.0008100
-0.0007900
-0.0007700
-0.0007500
-0.0007300
-0.0007100
-0.0006900
-0.0006700
-0.0006500
-0.0006300
-0.0006100
-0.0005900
-0.0005700
-0.0005500
-0.0005300
-0.0005100
-0.0004900
-0.0004700
-0.0004500
-0.0004300
-0.0004100
-0.0003900
-0.0003700
-0.0003500
-0.0003300
-0.0003100
-0.0002900
-0.0002700
-0.0002500
-0.0002300
-0.0002100
-0.0001900
-0.0001700
-0.0001500
-0.0001300
-0.0001100
-0.0000900
-0.0000700
-0.0000500
-0.0000300
-0.0000100
0.0000100
0.0000300
0.0000500
0.0000700
0.0000900
0.0001100
0.0001300
0.0001500
0.0001700
0.0001900
0.0002100
0.0002300
0.0002500
0.0002700
0.0002900
0.0003100
0.0003300
0.0003500
0.0003700
0.0003900
0.0004100
0.0004300
0.0004500
0.0004700
0.0004900
0.0005100
0.0005300
0.0005500
0.0005700
0.0005900
-0.0012100
-0.0011900
-0.0011700
-0.0011500
-0.0011300
-0.0011100
-0.0010900
-0.0010700
-0.0010500
-0.0010300
-0.0010100
-0.0009900
-0.0009700
-0.0009500
-0.0009300
-0.0009100
-0.0008900
-0.0008700
-0.0008500
-0.0008300
-0.0008100
-0.0007900
-0.0007700
-0.0007500
-0.0007300
-0.0007100
-0.0006900
-0.0006700
-0.0006500
-0.0006300
-0.0006100
-0.0005900
-0.0005700
-0.0005500
-0.0005300
-0.0005100
-0.0004900
-0.0004700
-0.0004500
-0.0004300
-0.0004100
-0.0003900
-0.0003700
-0.0003500
-0.0003300
-0.0003100
-0.0002900
-0.0002700
-0.0002500
-0.0002300
-0.0002100
-0.0001900
-0.0001700
-0.0001500
-0.0001300
-0.0001100
-0.0000900
-0.0000700
-0.0000500
-0.0000300
-0.0000100
0.0000100
0.0000300
0.0000500
0.0000700
0.0000900
0.0001100
0.0001300
0.0001500
0.0001700
0.0001900
0.0002100
0.0002300
0.0002500
0.0002700
0.0002900
0.0003100
0.0003300
0.0003500
0.0003700
0.0003900
0.0004100
0.0004300
0.0004500
0.0004700
0.0004900
0.0005100
0.0005300
0.0005500
0.0005700
0.0005900
