MFEM mesh v1.0

#
# MFEM Geometry Types (see mesh/geom.hpp):
#
# POINT       = 0
# SEGMENT     = 1
# TRIANGLE    = 2
# SQUARE      = 3
# TETRAHEDRON = 4
# CUBE        = 5
# PRISM       = 6
#

dimension
2

elements
68
1 3 0 70 71 1
1 3 1 71 72 2
1 3 2 72 73 3
1 3 3 73 74 4
1 3 4 74 75 5
1 3 5 75 76 6
1 3 6 76 77 7
1 3 7 77 78 8
1 3 8 78 79 9
1 3 9 79 80 10
1 3 10 80 81 11
1 3 11 81 82 12
1 3 12 82 83 13
1 3 13 83 84 14
1 3 14 84 85 15
1 3 15 85 86 16
1 3 16 86 87 17
1 3 17 87 88 18
1 3 18 88 89 19
1 3 19 89 90 20
1 3 20 90 91 21
1 3 21 91 92 22
1 3 22 92 93 23
1 3 23 93 94 24
1 3 24 94 95 25
1 3 25 95 96 26
1 3 26 96 97 27
1 3 27 97 98 28
1 3 28 98 99 29
1 3 29 99 100 30
1 3 30 100 101 31
1 3 31 101 102 32
1 3 32 102 103 33
1 3 33 103 104 34
1 3 34 104 105 35
1 3 35 105 106 36
1 3 36 106 107 37
1 3 37 107 108 38
1 3 38 108 109 39
1 3 39 109 110 40
1 3 40 110 111 41
1 3 41 111 112 42
1 3 42 112 113 43
1 3 43 113 114 44
1 3 44 114 115 45
1 3 46 116 117 47
1 3 47 117 118 48
1 3 48 118 119 49
1 3 49 119 120 50
1 3 50 120 121 51
1 3 51 121 122 52
1 3 52 122 123 53
1 3 53 123 124 54
1 3 54 124 125 55
1 3 55 125 126 56
1 3 56 126 127 57
1 3 57 127 128 58
1 3 58 128 129 59
1 3 59 129 130 60
1 3 60 130 131 61
1 3 61 131 132 62
1 3 62 132 133 63
1 3 63 133 134 64
1 3 64 134 135 65
1 3 65 135 136 66
1 3 66 136 137 67
1 3 67 137 138 68
1 3 68 138 139 69

boundary
185
2 1 1 0
2 1 2 1
2 1 3 2
2 1 4 3
2 1 5 4
2 1 6 5
2 1 7 6
2 1 8 7
2 1 9 8
2 1 10 9
2 1 11 10
2 1 12 11
2 1 13 12
2 1 14 13
2 1 15 14
2 1 16 15
2 1 17 16
2 1 18 17
2 1 19 18
2 1 20 19
2 1 21 20
2 1 22 21
2 1 23 22
2 1 24 23
2 1 25 24
2 1 26 25
2 1 27 26
2 1 28 27
2 1 29 28
2 1 30 29
2 1 31 30
2 1 32 31
2 1 33 32
2 1 34 33
2 1 35 34
2 1 36 35
2 1 37 36
2 1 38 37
2 1 39 38
2 1 40 39
2 1 41 40
2 1 42 41
2 1 43 42
2 1 44 43
3 1 115 45
2 1 45 44
1 1 46 116
4 1 116 117
4 1 117 118
4 1 118 119
4 1 119 120
4 1 120 121
4 1 121 122
4 1 122 123
4 1 123 124
4 1 124 125
4 1 125 126
4 1 126 127
4 1 127 128
4 1 128 129
4 1 129 130
4 1 130 131
4 1 131 132
4 1 132 133
4 1 133 134
4 1 134 135
4 1 135 136
4 1 136 137
4 1 137 138
4 1 138 139
7 1 0 70
7 1 70 71
7 1 1 0
7 1 71 72
7 1 2 1
7 1 72 73
7 1 3 2
7 1 73 74
7 1 4 3
7 1 74 75
7 1 5 4
7 1 75 76
7 1 6 5
7 1 76 77
7 1 7 6
7 1 77 78
7 1 8 7
7 1 78 79
7 1 9 8
7 1 79 80
7 1 10 9
7 1 80 81
7 1 11 10
7 1 81 82
7 1 12 11
7 1 82 83
7 1 13 12
7 1 83 84
7 1 14 13
7 1 84 85
7 1 15 14
7 1 85 86
7 1 16 15
7 1 86 87
7 1 17 16
7 1 87 88
7 1 18 17
7 1 88 89
7 1 19 18
7 1 89 90
7 1 20 19
7 1 90 91
7 1 21 20
7 1 91 92
7 1 22 21
7 1 92 93
7 1 23 22
7 1 93 94
7 1 24 23
7 1 94 95
7 1 25 24
7 1 95 96
7 1 26 25
7 1 96 97
7 1 27 26
7 1 97 98
7 1 28 27
7 1 98 99
7 1 29 28
7 1 99 100
7 1 30 29
7 1 100 101
7 1 31 30
7 1 101 102
7 1 32 31
7 1 102 103
7 1 33 32
7 1 103 104
7 1 34 33
7 1 104 105
7 1 35 34
7 1 105 106
7 1 36 35
7 1 106 107
7 1 37 36
7 1 107 108
7 1 38 37
7 1 108 109
7 1 39 38
7 1 109 110
7 1 40 39
7 1 110 111
7 1 41 40
7 1 111 112
7 1 42 41
7 1 112 113
7 1 43 42
7 1 113 114
7 1 44 43
7 1 114 115
7 1 45 44
7 1 47 46
7 1 48 47
7 1 49 48
7 1 50 49
7 1 51 50
7 1 52 51
7 1 53 52
7 1 54 53
7 1 55 54
7 1 56 55
7 1 57 56
7 1 58 57
7 1 59 58
7 1 60 59
7 1 61 60
7 1 62 61
7 1 63 62
7 1 64 63
7 1 65 64
7 1 66 65
7 1 67 66
7 1 68 67
7 1 139 69
7 1 69 68

vertices
140
2
2e-05 0.0009
2e-05 0.00092
2e-05 0.00094
2e-05 0.00096
2e-05 0.00098
2e-05 0.001
2e-05 0.00102
2e-05 0.00104
2e-05 0.00106
2e-05 0.00108
2e-05 0.0011
2e-05 0.00112
2e-05 0.00114
2e-05 0.00116
2e-05 0.00118
2e-05 0.0012
2e-05 0.00122
2e-05 0.00124
2e-05 0.00126
2e-05 0.00128
2e-05 0.0013
2e-05 0.00132
2e-05 0.00134
2e-05 0.00136
2e-05 0.00138
2e-05 0.0014
2e-05 0.00142
2e-05 0.00144
2e-05 0.00146
2e-05 0.00148
2e-05 0.0015
2e-05 0.00152
2e-05 0.00154
2e-05 0.00156
2e-05 0.00158
2e-05 0.0016
2e-05 0.00162
2e-05 0.00164
2e-05 0.00166
2e-05 0.00168
2e-05 0.0017
2e-05 0.00172
2e-05 0.00174
2e-05 0.00176
2e-05 0.00178
2e-05 0.0018
4e-05 0
4e-05 2e-05
4e-05 4e-05
4e-05 6e-05
4e-05 8.000000000000001e-05
4e-05 0.0001
4e-05 0.00012
4e-05 0.00014
4e-05 0.00016
4e-05 0.00018
4e-05 0.0002
4e-05 0.00022
4e-05 0.00024
4e-05 0.00026
4e-05 0.00028
4e-05 0.0003
4e-05 0.00032
4e-05 0.00034
4e-05 0.00036
4e-05 0.00038
4e-05 0.0004
4e-05 0.00042
4e-05 0.00044
4e-05 0.00046
4e-05 0.0009
4e-05 0.00092
4e-05 0.00094
4e-05 0.00096
4e-05 0.00098
4e-05 0.001
4e-05 0.00102
4e-05 0.00104
4e-05 0.00106
4e-05 0.00108
4e-05 0.0011
4e-05 0.00112
4e-05 0.00114
4e-05 0.00116
4e-05 0.00118
4e-05 0.0012
4e-05 0.00122
4e-05 0.00124
4e-05 0.00126
4e-05 0.00128
4e-05 0.0013
4e-05 0.00132
4e-05 0.00134
4e-05 0.00136
4e-05 0.00138
4e-05 0.0014
4e-05 0.00142
4e-05 0.00144
4e-05 0.00146
4e-05 0.00148
4e-05 0.0015
4e-05 0.00152
4e-05 0.00154
4e-05 0.00156
4e-05 0.00158
4e-05 0.0016
4e-05 0.00162
4e-05 0.00164
4e-05 0.00166
4e-05 0.00168
4e-05 0.0017
4e-05 0.00172
4e-05 0.00174
4e-05 0.00176
4e-05 0.00178
4e-05 0.0018
6e-05 0
6e-05 2e-05
6e-05 4e-05
6e-05 6e-05
6e-05 8.000000000000001e-05
6e-05 0.0001
6e-05 0.00012
6e-05 0.00014
6e-05 0.00016
6e-05 0.00018
6e-05 0.0002
6e-05 0.00022
6e-05 0.00024
6e-05 0.00026
6e-05 0.00028
6e-05 0.0003
6e-05 0.00032
6e-05 0.00034
6e-05 0.00036
6e-05 0.00038
6e-05 0.0004
6e-05 0.00042
6e-05 0.00044
6e-05 0.00046
