MFEM mesh v1.0

#
# MFEM Geometry Types (see mesh/geom.hpp):
#
# POINT       = 0
# SEGMENT     = 1
# TRIANGLE    = 2
# SQUARE      = 3
# TETRAHEDRON = 4
# CUBE        = 5
# PRISM       = 6
#

dimension
2

elements
67
1 3 0 68 69 1
1 3 1 69 70 2
1 3 2 70 71 3
1 3 3 71 72 4
1 3 4 72 73 5
1 3 5 73 74 6
1 3 6 74 75 7
1 3 7 75 76 8
1 3 8 76 77 9
1 3 9 77 78 10
1 3 10 78 79 11
1 3 11 79 80 12
1 3 12 80 81 13
1 3 13 81 82 14
1 3 14 82 83 15
1 3 15 83 84 16
1 3 16 84 85 17
1 3 17 85 86 18
1 3 18 86 87 19
1 3 19 87 88 20
1 3 20 88 89 21
1 3 21 89 90 22
1 3 22 90 91 23
1 3 23 91 92 24
1 3 24 92 93 25
1 3 25 93 94 26
1 3 26 94 95 27
1 3 27 95 96 28
1 3 28 96 97 29
1 3 29 97 98 30
1 3 30 98 99 31
1 3 31 99 100 32
1 3 32 100 101 33
1 3 33 101 102 34
1 3 34 102 103 35
1 3 35 103 104 36
1 3 36 104 105 37
1 3 37 105 106 38
1 3 38 106 107 39
1 3 39 107 108 40
1 3 40 108 109 41
1 3 41 109 110 42
1 3 42 110 111 43
1 3 43 111 112 44
1 3 44 112 113 45
1 3 45 113 114 46
1 3 46 114 115 47
1 3 47 115 116 48
1 3 48 116 117 49
1 3 49 117 118 50
1 3 50 118 119 51
1 3 51 119 120 52
1 3 52 120 121 53
1 3 53 121 122 54
1 3 54 122 123 55
1 3 55 123 124 56
1 3 56 124 125 57
1 3 57 125 126 58
1 3 58 126 127 59
1 3 59 127 128 60
1 3 60 128 129 61
1 3 61 129 130 62
1 3 62 130 131 63
1 3 63 131 132 64
1 3 64 132 133 65
1 3 65 133 134 66
1 3 66 134 135 67

boundary
136
4 1 68 69
4 1 69 70
4 1 70 71
4 1 71 72
4 1 72 73
4 1 73 74
4 1 74 75
4 1 75 76
4 1 76 77
4 1 77 78
4 1 78 79
4 1 79 80
4 1 80 81
4 1 81 82
4 1 82 83
4 1 83 84
4 1 84 85
4 1 85 86
4 1 86 87
4 1 87 88
4 1 88 89
4 1 89 90
4 1 90 91
4 1 91 92
4 1 92 93
4 1 93 94
4 1 94 95
4 1 95 96
4 1 96 97
4 1 97 98
4 1 98 99
4 1 99 100
4 1 100 101
4 1 101 102
4 1 102 103
4 1 103 104
4 1 104 105
4 1 105 106
4 1 106 107
4 1 107 108
4 1 108 109
4 1 109 110
4 1 110 111
4 1 111 112
4 1 112 113
4 1 113 114
4 1 114 115
4 1 115 116
4 1 116 117
4 1 117 118
4 1 118 119
4 1 119 120
4 1 120 121
4 1 121 122
4 1 122 123
4 1 123 124
4 1 124 125
4 1 125 126
4 1 126 127
4 1 127 128
4 1 128 129
4 1 129 130
4 1 130 131
4 1 131 132
4 1 132 133
4 1 133 134
4 1 134 135
3 1 135 67
8 1 0 68
8 1 1 0
8 1 2 1
8 1 3 2
8 1 4 3
8 1 5 4
8 1 6 5
8 1 7 6
8 1 8 7
8 1 9 8
8 1 10 9
8 1 11 10
8 1 12 11
8 1 13 12
8 1 14 13
8 1 15 14
8 1 16 15
8 1 17 16
8 1 18 17
8 1 19 18
8 1 20 19
8 1 21 20
8 1 22 21
8 1 23 22
8 1 24 23
8 1 25 24
8 1 26 25
8 1 27 26
8 1 28 27
8 1 29 28
8 1 30 29
8 1 31 30
8 1 32 31
8 1 33 32
8 1 34 33
8 1 35 34
8 1 36 35
8 1 37 36
8 1 38 37
8 1 39 38
8 1 40 39
8 1 41 40
8 1 42 41
8 1 43 42
8 1 44 43
8 1 45 44
8 1 46 45
8 1 47 46
8 1 48 47
8 1 49 48
8 1 50 49
8 1 51 50
8 1 52 51
8 1 53 52
8 1 54 53
8 1 55 54
8 1 56 55
8 1 57 56
8 1 58 57
8 1 59 58
8 1 60 59
8 1 61 60
8 1 62 61
8 1 63 62
8 1 64 63
8 1 65 64
8 1 66 65
8 1 67 66

vertices
136
2
4e-05 0.00046
4e-05 0.00048
4e-05 0.0005
4e-05 0.00052
4e-05 0.00054
4e-05 0.00056
4e-05 0.00058
4e-05 0.0005999999999999999
4e-05 0.00062
4e-05 0.0006400000000000001
4e-05 0.00066
4e-05 0.00068
4e-05 0.0007
4e-05 0.00072
4e-05 0.00074
4e-05 0.00076
4e-05 0.00078
4e-05 0.0008
4e-05 0.00082
4e-05 0.00084
4e-05 0.00086
4e-05 0.00088
4e-05 0.0009
4e-05 0.00092
4e-05 0.00094
4e-05 0.00096
4e-05 0.00098
4e-05 0.001
4e-05 0.00102
4e-05 0.00104
4e-05 0.00106
4e-05 0.00108
4e-05 0.0011
4e-05 0.00112
4e-05 0.00114
4e-05 0.00116
4e-05 0.00118
4e-05 0.0012
4e-05 0.00122
4e-05 0.00124
4e-05 0.00126
4e-05 0.00128
4e-05 0.0013
4e-05 0.00132
4e-05 0.00134
4e-05 0.00136
4e-05 0.00138
4e-05 0.0014
4e-05 0.00142
4e-05 0.00144
4e-05 0.00146
4e-05 0.00148
4e-05 0.0015
4e-05 0.00152
4e-05 0.00154
4e-05 0.00156
4e-05 0.00158
4e-05 0.0016
4e-05 0.00162
4e-05 0.00164
4e-05 0.00166
4e-05 0.00168
4e-05 0.0017
4e-05 0.00172
4e-05 0.00174
4e-05 0.00176
4e-05 0.00178
4e-05 0.0018
6e-05 0.00046
6e-05 0.00048
6e-05 0.0005
6e-05 0.00052
6e-05 0.00054
6e-05 0.00056
6e-05 0.00058
6e-05 0.0005999999999999999
6e-05 0.00062
6e-05 0.0006400000000000001
6e-05 0.00066
6e-05 0.00068
6e-05 0.0007
6e-05 0.00072
6e-05 0.00074
6e-05 0.00076
6e-05 0.00078
6e-05 0.0008
6e-05 0.00082
6e-05 0.00084
6e-05 0.00086
6e-05 0.00088
6e-05 0.0009
6e-05 0.00092
6e-05 0.00094
6e-05 0.00096
6e-05 0.00098
6e-05 0.001
6e-05 0.00102
6e-05 0.00104
6e-05 0.00106
6e-05 0.00108
6e-05 0.0011
6e-05 0.00112
6e-05 0.00114
6e-05 0.00116
6e-05 0.00118
6e-05 0.0012
6e-05 0.00122
6e-05 0.00124
6e-05 0.00126
6e-05 0.00128
6e-05 0.0013
6e-05 0.00132
6e-05 0.00134
6e-05 0.00136
6e-05 0.00138
6e-05 0.0014
6e-05 0.00142
6e-05 0.00144
6e-05 0.00146
6e-05 0.00148
6e-05 0.0015
6e-05 0.00152
6e-05 0.00154
6e-05 0.00156
6e-05 0.00158
6e-05 0.0016
6e-05 0.00162
6e-05 0.00164
6e-05 0.00166
6e-05 0.00168
6e-05 0.0017
6e-05 0.00172
6e-05 0.00174
6e-05 0.00176
6e-05 0.00178
6e-05 0.0018
