MFEM mesh v1.0

#
# MFEM Geometry Types (see mesh/geom.hpp):
#
# POINT       = 0
# SEGMENT     = 1
# TRIANGLE    = 2
# SQUARE      = 3
# TETRAHEDRON = 4
# CUBE        = 5
# PRISM       = 6
#

dimension
2

elements
68
1 3 0 69 70 1
1 3 1 70 71 2
1 3 2 71 72 3
1 3 3 72 73 4
1 3 4 73 74 5
1 3 5 74 75 6
1 3 6 75 76 7
1 3 7 76 77 8
1 3 8 77 78 9
1 3 9 78 79 10
1 3 10 79 80 11
1 3 11 80 81 12
1 3 12 81 82 13
1 3 13 82 83 14
1 3 14 83 84 15
1 3 15 84 85 16
1 3 16 85 86 17
1 3 17 86 87 18
1 3 18 87 88 19
1 3 19 88 89 20
1 3 20 89 90 21
1 3 21 90 91 22
1 3 22 91 92 23
1 3 23 92 93 24
1 3 24 93 94 25
1 3 25 94 95 26
1 3 26 95 96 27
1 3 27 96 97 28
1 3 28 97 98 29
1 3 29 98 99 30
1 3 30 99 100 31
1 3 31 100 101 32
1 3 32 101 102 33
1 3 33 102 103 34
1 3 34 103 104 35
1 3 35 104 105 36
1 3 36 105 106 37
1 3 37 106 107 38
1 3 38 107 108 39
1 3 39 108 109 40
1 3 40 109 110 41
1 3 41 110 111 42
1 3 42 111 112 43
1 3 43 112 113 44
1 3 44 113 114 45
1 3 45 114 115 46
1 3 46 115 116 47
1 3 47 116 117 48
1 3 48 117 118 49
1 3 49 118 119 50
1 3 50 119 120 51
1 3 51 120 121 52
1 3 52 121 122 53
1 3 53 122 123 54
1 3 54 123 124 55
1 3 55 124 125 56
1 3 56 125 126 57
1 3 57 126 127 58
1 3 58 127 128 59
1 3 59 128 129 60
1 3 60 129 130 61
1 3 61 130 131 62
1 3 62 131 132 63
1 3 63 132 133 64
1 3 64 133 134 65
1 3 65 134 135 66
1 3 66 135 136 67
1 3 67 136 137 68

boundary
138
1 1 0 69
2 1 69 70
2 1 70 71
2 1 71 72
2 1 72 73
2 1 73 74
2 1 74 75
2 1 75 76
2 1 76 77
2 1 77 78
2 1 78 79
2 1 79 80
2 1 80 81
2 1 81 82
2 1 82 83
2 1 83 84
2 1 84 85
2 1 85 86
2 1 86 87
2 1 87 88
2 1 88 89
2 1 89 90
2 1 90 91
2 1 91 92
2 1 92 93
2 1 93 94
2 1 94 95
2 1 95 96
2 1 96 97
2 1 97 98
2 1 98 99
2 1 99 100
2 1 100 101
2 1 101 102
2 1 102 103
2 1 103 104
2 1 104 105
2 1 105 106
2 1 106 107
2 1 107 108
2 1 108 109
2 1 109 110
2 1 110 111
2 1 111 112
2 1 112 113
2 1 113 114
2 1 114 115
2 1 115 116
2 1 116 117
2 1 117 118
2 1 118 119
2 1 119 120
2 1 120 121
2 1 121 122
2 1 122 123
2 1 123 124
2 1 124 125
2 1 125 126
2 1 126 127
2 1 127 128
2 1 128 129
2 1 129 130
2 1 130 131
2 1 131 132
2 1 132 133
2 1 133 134
2 1 134 135
2 1 135 136
2 1 136 137
5 1 69 70
5 1 70 71
5 1 71 72
5 1 72 73
5 1 73 74
5 1 74 75
5 1 75 76
5 1 76 77
5 1 77 78
5 1 78 79
5 1 79 80
5 1 80 81
5 1 81 82
5 1 82 83
5 1 83 84
5 1 84 85
5 1 85 86
5 1 86 87
5 1 87 88
5 1 88 89
5 1 89 90
5 1 90 91
5 1 91 92
5 1 92 93
5 1 93 94
5 1 94 95
5 1 95 96
5 1 96 97
5 1 97 98
5 1 98 99
5 1 99 100
5 1 100 101
5 1 101 102
5 1 102 103
5 1 103 104
5 1 104 105
5 1 105 106
5 1 106 107
5 1 107 108
5 1 108 109
5 1 109 110
5 1 110 111
5 1 111 112
5 1 112 113
5 1 113 114
5 1 114 115
5 1 115 116
5 1 116 117
5 1 117 118
5 1 118 119
5 1 119 120
5 1 120 121
5 1 121 122
5 1 122 123
5 1 123 124
5 1 124 125
5 1 125 126
5 1 126 127
5 1 127 128
5 1 128 129
5 1 129 130
5 1 130 131
5 1 131 132
5 1 132 133
5 1 133 134
5 1 134 135
5 1 135 136
5 1 136 137
5 1 137 68

vertices
138
2
0 0
0 2e-05
0 4e-05
0 6e-05
0 8.000000000000001e-05
0 0.0001
0 0.00012
0 0.00014
0 0.00016
0 0.00018
0 0.0002
0 0.00022
0 0.00024
0 0.00026
0 0.00028
0 0.0003
0 0.00032
0 0.00034
0 0.00036
0 0.00038
0 0.0004
0 0.00042
0 0.00044
0 0.00046
0 0.00048
0 0.0005
0 0.00052
0 0.00054
0 0.00056
0 0.00058
0 0.0005999999999999999
0 0.00062
0 0.0006400000000000001
0 0.00066
0 0.00068
0 0.0007
0 0.00072
0 0.00074
0 0.00076
0 0.00078
0 0.0008
0 0.00082
0 0.00084
0 0.00086
0 0.00088
0 0.0009
0 0.00092
0 0.00094
0 0.00096
0 0.00098
0 0.001
0 0.00102
0 0.00104
0 0.00106
0 0.00108
0 0.0011
0 0.00112
0 0.00114
0 0.00116
0 0.00118
0 0.0012
0 0.00122
0 0.00124
0 0.00126
0 0.00128
0 0.0013
0 0.00132
0 0.00134
0 0.00136
2e-05 0
2e-05 2e-05
2e-05 4e-05
2e-05 6e-05
2e-05 8.000000000000001e-05
2e-05 0.0001
2e-05 0.00012
2e-05 0.00014
2e-05 0.00016
2e-05 0.00018
2e-05 0.0002
2e-05 0.00022
2e-05 0.00024
2e-05 0.00026
2e-05 0.00028
2e-05 0.0003
2e-05 0.00032
2e-05 0.00034
2e-05 0.00036
2e-05 0.00038
2e-05 0.0004
2e-05 0.00042
2e-05 0.00044
2e-05 0.00046
2e-05 0.00048
2e-05 0.0005
2e-05 0.00052
2e-05 0.00054
2e-05 0.00056
2e-05 0.00058
2e-05 0.0005999999999999999
2e-05 0.00062
2e-05 0.0006400000000000001
2e-05 0.00066
2e-05 0.00068
2e-05 0.0007
2e-05 0.00072
2e-05 0.00074
2e-05 0.00076
2e-05 0.00078
2e-05 0.0008
2e-05 0.00082
2e-05 0.00084
2e-05 0.00086
2e-05 0.00088
2e-05 0.0009
2e-05 0.00092
2e-05 0.00094
2e-05 0.00096
2e-05 0.00098
2e-05 0.001
2e-05 0.00102
2e-05 0.00104
2e-05 0.00106
2e-05 0.00108
2e-05 0.0011
2e-05 0.00112
2e-05 0.00114
2e-05 0.00116
2e-05 0.00118
2e-05 0.0012
2e-05 0.00122
2e-05 0.00124
2e-05 0.00126
2e-05 0.00128
2e-05 0.0013
2e-05 0.00132
2e-05 0.00134
2e-05 0.00136
