MFEM mesh v1.0

#
# MFEM Geometry Types (see mesh/geom.hpp):
#
# POINT       = 0
# SEGMENT     = 1
# TRIANGLE    = 2
# SQUARE      = 3
# TETRAHEDRON = 4
# CUBE        = 5
# PRISM       = 6
#

dimension
2

elements
67
1 3 0 69 70 1
1 3 1 70 71 2
1 3 2 71 72 3
1 3 3 72 73 4
1 3 4 73 74 5
1 3 5 74 75 6
1 3 6 75 76 7
1 3 7 76 77 8
1 3 8 77 78 9
1 3 9 78 79 10
1 3 10 79 80 11
1 3 11 80 81 12
1 3 12 81 82 13
1 3 13 82 83 14
1 3 14 83 84 15
1 3 15 84 85 16
1 3 16 85 86 17
1 3 17 86 87 18
1 3 18 87 88 19
1 3 19 88 89 20
1 3 20 89 90 21
1 3 21 90 91 22
1 3 23 92 93 24
1 3 24 93 94 25
1 3 25 94 95 26
1 3 26 95 96 27
1 3 27 96 97 28
1 3 28 97 98 29
1 3 29 98 99 30
1 3 30 99 100 31
1 3 31 100 101 32
1 3 32 101 102 33
1 3 33 102 103 34
1 3 34 103 104 35
1 3 35 104 105 36
1 3 36 105 106 37
1 3 37 106 107 38
1 3 38 107 108 39
1 3 39 108 109 40
1 3 40 109 110 41
1 3 41 110 111 42
1 3 42 111 112 43
1 3 43 112 113 44
1 3 44 113 114 45
1 3 45 114 115 46
1 3 46 115 116 47
1 3 47 116 117 48
1 3 48 117 118 49
1 3 49 118 119 50
1 3 50 119 120 51
1 3 51 120 121 52
1 3 52 121 122 53
1 3 53 122 123 54
1 3 54 123 124 55
1 3 55 124 125 56
1 3 56 125 126 57
1 3 57 126 127 58
1 3 58 127 128 59
1 3 59 128 129 60
1 3 60 129 130 61
1 3 61 130 131 62
1 3 62 131 132 63
1 3 63 132 133 64
1 3 64 133 134 65
1 3 65 134 135 66
1 3 66 135 136 67
1 3 67 136 137 68

boundary
183
2 1 69 70
2 1 70 71
2 1 71 72
2 1 72 73
2 1 73 74
2 1 74 75
2 1 75 76
2 1 76 77
2 1 77 78
2 1 78 79
2 1 79 80
2 1 80 81
2 1 81 82
2 1 82 83
2 1 83 84
2 1 84 85
2 1 85 86
2 1 86 87
2 1 87 88
2 1 88 89
2 1 89 90
2 1 90 91
3 1 91 22
1 1 23 92
2 1 24 23
2 1 25 24
2 1 26 25
2 1 27 26
2 1 28 27
2 1 29 28
2 1 30 29
2 1 31 30
2 1 32 31
2 1 33 32
2 1 34 33
2 1 35 34
2 1 36 35
2 1 37 36
2 1 38 37
2 1 39 38
2 1 40 39
2 1 41 40
2 1 42 41
2 1 43 42
2 1 44 43
2 1 45 44
2 1 46 45
2 1 47 46
2 1 48 47
2 1 49 48
2 1 50 49
2 1 51 50
2 1 52 51
2 1 53 52
2 1 54 53
2 1 55 54
2 1 56 55
2 1 57 56
2 1 58 57
2 1 59 58
2 1 60 59
2 1 61 60
2 1 62 61
2 1 63 62
2 1 64 63
2 1 65 64
2 1 66 65
2 1 67 66
2 1 68 67
6 1 0 69
6 1 69 70
6 1 70 71
6 1 71 72
6 1 72 73
6 1 73 74
6 1 74 75
6 1 75 76
6 1 76 77
6 1 77 78
6 1 78 79
6 1 79 80
6 1 80 81
6 1 81 82
6 1 82 83
6 1 83 84
6 1 84 85
6 1 85 86
6 1 86 87
6 1 87 88
6 1 88 89
6 1 89 90
6 1 90 91
6 1 92 93
6 1 24 23
6 1 93 94
6 1 25 24
6 1 94 95
6 1 26 25
6 1 95 96
6 1 27 26
6 1 96 97
6 1 28 27
6 1 97 98
6 1 29 28
6 1 98 99
6 1 30 29
6 1 99 100
6 1 31 30
6 1 100 101
6 1 32 31
6 1 101 102
6 1 33 32
6 1 102 103
6 1 34 33
6 1 103 104
6 1 35 34
6 1 104 105
6 1 36 35
6 1 105 106
6 1 37 36
6 1 106 107
6 1 38 37
6 1 107 108
6 1 39 38
6 1 108 109
6 1 40 39
6 1 109 110
6 1 41 40
6 1 110 111
6 1 42 41
6 1 111 112
6 1 43 42
6 1 112 113
6 1 44 43
6 1 113 114
6 1 45 44
6 1 114 115
6 1 46 45
6 1 115 116
6 1 47 46
6 1 116 117
6 1 48 47
6 1 117 118
6 1 49 48
6 1 118 119
6 1 50 49
6 1 119 120
6 1 51 50
6 1 120 121
6 1 52 51
6 1 121 122
6 1 53 52
6 1 122 123
6 1 54 53
6 1 123 124
6 1 55 54
6 1 124 125
6 1 56 55
6 1 125 126
6 1 57 56
6 1 126 127
6 1 58 57
6 1 127 128
6 1 59 58
6 1 128 129
6 1 60 59
6 1 129 130
6 1 61 60
6 1 130 131
6 1 62 61
6 1 131 132
6 1 63 62
6 1 132 133
6 1 64 63
6 1 133 134
6 1 65 64
6 1 134 135
6 1 66 65
6 1 135 136
6 1 67 66
6 1 136 137
6 1 137 68
6 1 68 67

vertices
138
2
0 0.00136
0 0.00138
0 0.0014
0 0.00142
0 0.00144
0 0.00146
0 0.00148
0 0.0015
0 0.00152
0 0.00154
0 0.00156
0 0.00158
0 0.0016
0 0.00162
0 0.00164
0 0.00166
0 0.00168
0 0.0017
0 0.00172
0 0.00174
0 0.00176
0 0.00178
0 0.0018
2e-05 0
2e-05 2e-05
2e-05 4e-05
2e-05 6e-05
2e-05 8.000000000000001e-05
2e-05 0.0001
2e-05 0.00012
2e-05 0.00014
2e-05 0.00016
2e-05 0.00018
2e-05 0.0002
2e-05 0.00022
2e-05 0.00024
2e-05 0.00026
2e-05 0.00028
2e-05 0.0003
2e-05 0.00032
2e-05 0.00034
2e-05 0.00036
2e-05 0.00038
2e-05 0.0004
2e-05 0.00042
2e-05 0.00044
2e-05 0.00046
2e-05 0.00048
2e-05 0.0005
2e-05 0.00052
2e-05 0.00054
2e-05 0.00056
2e-05 0.00058
2e-05 0.0005999999999999999
2e-05 0.00062
2e-05 0.0006400000000000001
2e-05 0.00066
2e-05 0.00068
2e-05 0.0007
2e-05 0.00072
2e-05 0.00074
2e-05 0.00076
2e-05 0.00078
2e-05 0.0008
2e-05 0.00082
2e-05 0.00084
2e-05 0.00086
2e-05 0.00088
2e-05 0.0009
2e-05 0.00136
2e-05 0.00138
2e-05 0.0014
2e-05 0.00142
2e-05 0.00144
2e-05 0.00146
2e-05 0.00148
2e-05 0.0015
2e-05 0.00152
2e-05 0.00154
2e-05 0.00156
2e-05 0.00158
2e-05 0.0016
2e-05 0.00162
2e-05 0.00164
2e-05 0.00166
2e-05 0.00168
2e-05 0.0017
2e-05 0.00172
2e-05 0.00174
2e-05 0.00176
2e-05 0.00178
2e-05 0.0018
4e-05 0
4e-05 2e-05
4e-05 4e-05
4e-05 6e-05
4e-05 8.000000000000001e-05
4e-05 0.0001
4e-05 0.00012
4e-05 0.00014
4e-05 0.00016
4e-05 0.00018
4e-05 0.0002
4e-05 0.00022
4e-05 0.00024
4e-05 0.00026
4e-05 0.00028
4e-05 0.0003
4e-05 0.00032
4e-05 0.00034
4e-05 0.00036
4e-05 0.00038
4e-05 0.0004
4e-05 0.00042
4e-05 0.00044
4e-05 0.00046
4e-05 0.00048
4e-05 0.0005
4e-05 0.00052
4e-05 0.00054
4e-05 0.00056
4e-05 0.00058
4e-05 0.0005999999999999999
4e-05 0.00062
4e-05 0.0006400000000000001
4e-05 0.00066
4e-05 0.00068
4e-05 0.0007
4e-05 0.00072
4e-05 0.00074
4e-05 0.00076
4e-05 0.00078
4e-05 0.0008
4e-05 0.00082
4e-05 0.00084
4e-05 0.00086
4e-05 0.00088
4e-05 0.0009
