0 363 0 363
0 0 4.44444444444444e-17
0 92 1.11111111111111e-17
0 91 2.22222222222222e-17
0 1 2.22222222222222e-17
1 1 8.88888888888889e-17
1 93 1.11111111111111e-17
1 2 2.22222222222222e-17
1 92 4.44444444444444e-17
1 91 1.11111111111111e-17
1 0 2.22222222222222e-17
2 2 8.88888888888889e-17
2 94 1.11111111111111e-17
2 3 2.22222222222222e-17
2 93 4.44444444444445e-17
2 92 1.11111111111111e-17
2 1 2.22222222222222e-17
3 3 8.88888888888889e-17
3 95 1.11111111111111e-17
3 4 2.22222222222222e-17
3 94 4.44444444444445e-17
3 93 1.11111111111111e-17
3 2 2.22222222222222e-17
4 4 8.88888888888889e-17
4 96 1.11111111111111e-17
4 5 2.22222222222222e-17
4 95 4.44444444444445e-17
4 94 1.11111111111111e-17
4 3 2.22222222222222e-17
5 5 8.88888888888889e-17
5 97 1.11111111111111e-17
5 6 2.22222222222222e-17
5 96 4.44444444444445e-17
5 95 1.11111111111111e-17
5 4 2.22222222222222e-17
6 6 8.88888888888889e-17
6 98 1.11111111111111e-17
6 7 2.22222222222222e-17
6 97 4.44444444444444e-17
6 96 1.11111111111111e-17
6 5 2.22222222222222e-17
7 7 8.88888888888889e-17
7 99 1.11111111111111e-17
7 8 2.22222222222222e-17
7 98 4.44444444444444e-17
7 97 1.11111111111111e-17
7 6 2.22222222222222e-17
8 8 8.88888888888889e-17
8 100 1.11111111111111e-17
8 9 2.22222222222222e-17
8 99 4.44444444444445e-17
8 98 1.11111111111111e-17
8 7 2.22222222222222e-17
9 9 8.88888888888890e-17
9 101 1.11111111111111e-17
9 10 2.22222222222222e-17
9 100 4.44444444444445e-17
9 99 1.11111111111111e-17
9 8 2.22222222222222e-17
10 10 8.88888888888890e-17
10 102 1.11111111111111e-17
10 11 2.22222222222222e-17
10 101 4.44444444444445e-17
10 100 1.11111111111111e-17
10 9 2.22222222222222e-17
11 11 8.88888888888889e-17
11 103 1.11111111111111e-17
11 12 2.22222222222222e-17
11 102 4.44444444444444e-17
11 101 1.11111111111111e-17
11 10 2.22222222222222e-17
12 12 8.88888888888888e-17
12 104 1.11111111111111e-17
12 13 2.22222222222222e-17
12 103 4.44444444444444e-17
12 102 1.11111111111111e-17
12 11 2.22222222222222e-17
13 13 8.88888888888888e-17
13 105 1.11111111111111e-17
13 14 2.22222222222222e-17
13 104 4.44444444444444e-17
13 103 1.11111111111111e-17
13 12 2.22222222222222e-17
14 14 8.88888888888889e-17
14 106 1.11111111111111e-17
14 15 2.22222222222222e-17
14 105 4.44444444444445e-17
14 104 1.11111111111111e-17
14 13 2.22222222222222e-17
15 15 8.88888888888889e-17
15 107 1.11111111111111e-17
15 16 2.22222222222222e-17
15 106 4.44444444444445e-17
15 105 1.11111111111111e-17
15 14 2.22222222222222e-17
16 16 8.88888888888890e-17
16 108 1.11111111111111e-17
16 17 2.22222222222223e-17
16 107 4.44444444444445e-17
16 106 1.11111111111111e-17
16 15 2.22222222222222e-17
17 17 8.88888888888890e-17
17 109 1.11111111111111e-17
17 18 2.22222222222222e-17
17 108 4.44444444444445e-17
17 107 1.11111111111111e-17
17 16 2.22222222222223e-17
18 18 8.88888888888890e-17
18 110 1.11111111111111e-17
18 19 2.22222222222223e-17
18 109 4.44444444444445e-17
18 108 1.11111111111111e-17
18 17 2.22222222222222e-17
19 19 8.88888888888890e-17
19 111 1.11111111111111e-17
19 20 2.22222222222222e-17
19 110 4.44444444444445e-17
19 109 1.11111111111111e-17
19 18 2.22222222222223e-17
20 20 8.88888888888889e-17
20 112 1.11111111111111e-17
20 21 2.22222222222222e-17
20 111 4.44444444444444e-17
20 110 1.11111111111111e-17
20 19 2.22222222222222e-17
21 21 8.88888888888889e-17
21 113 1.11111111111111e-17
21 22 2.22222222222222e-17
21 112 4.44444444444444e-17
21 111 1.11111111111111e-17
21 20 2.22222222222222e-17
22 22 8.88888888888889e-17
22 114 1.11111111111111e-17
22 23 2.22222222222222e-17
22 113 4.44444444444444e-17
22 112 1.11111111111111e-17
22 21 2.22222222222222e-17
23 23 8.88888888888889e-17
23 115 1.11111111111111e-17
23 24 2.22222222222222e-17
23 114 4.44444444444444e-17
23 113 1.11111111111111e-17
23 22 2.22222222222222e-17
24 24 8.88888888888889e-17
24 116 1.11111111111111e-17
24 25 2.22222222222222e-17
24 115 4.44444444444445e-17
24 114 1.11111111111111e-17
24 23 2.22222222222222e-17
25 25 8.88888888888888e-17
25 117 1.11111111111111e-17
25 26 2.22222222222222e-17
25 116 4.44444444444444e-17
25 115 1.11111111111111e-17
25 24 2.22222222222222e-17
26 26 8.88888888888889e-17
26 118 1.11111111111111e-17
26 27 2.22222222222223e-17
26 117 4.44444444444445e-17
26 116 1.11111111111111e-17
26 25 2.22222222222222e-17
27 27 8.88888888888889e-17
27 119 1.11111111111111e-17
27 28 2.22222222222222e-17
27 118 4.44444444444445e-17
27 117 1.11111111111111e-17
27 26 2.22222222222223e-17
28 28 8.88888888888888e-17
28 120 1.11111111111111e-17
28 29 2.22222222222222e-17
28 119 4.44444444444444e-17
28 118 1.11111111111111e-17
28 27 2.22222222222222e-17
29 29 8.88888888888888e-17
29 121 1.11111111111111e-17
29 30 2.22222222222222e-17
29 120 4.44444444444444e-17
29 119 1.11111111111111e-17
29 28 2.22222222222222e-17
30 30 8.88888888888889e-17
30 122 1.11111111111111e-17
30 31 2.22222222222223e-17
30 121 4.44444444444445e-17
30 120 1.11111111111111e-17
30 29 2.22222222222222e-17
31 31 8.88888888888889e-17
31 123 1.11111111111111e-17
31 32 2.22222222222222e-17
31 122 4.44444444444445e-17
31 121 1.11111111111111e-17
31 30 2.22222222222223e-17
32 32 8.88888888888889e-17
32 124 1.11111111111112e-17
32 33 2.22222222222223e-17
32 123 4.44444444444445e-17
32 122 1.11111111111111e-17
32 31 2.22222222222222e-17
33 33 8.88888888888891e-17
33 125 1.11111111111111e-17
33 34 2.22222222222223e-17
33 124 4.44444444444446e-17
33 123 1.11111111111112e-17
33 32 2.22222222222223e-17
34 34 8.88888888888887e-17
34 126 1.11111111111110e-17
34 35 2.22222222222220e-17
34 125 4.44444444444443e-17
34 124 1.11111111111111e-17
34 33 2.22222222222223e-17
35 35 8.88888888888889e-17
35 127 1.11111111111112e-17
35 36 2.22222222222224e-17
35 126 4.44444444444445e-17
35 125 1.11111111111110e-17
35 34 2.22222222222220e-17
36 36 8.88888888888893e-17
36 128 1.11111111111111e-17
36 37 2.22222222222223e-17
36 127 4.44444444444446e-17
36 126 1.11111111111112e-17
36 35 2.22222222222224e-17
37 37 8.88888888888891e-17
37 129 1.11111111111111e-17
37 38 2.22222222222223e-17
37 128 4.44444444444445e-17
37 127 1.11111111111111e-17
37 36 2.22222222222223e-17
38 38 8.88888888888889e-17
38 130 1.11111111111111e-17
38 39 2.22222222222222e-17
38 129 4.44444444444444e-17
38 128 1.11111111111111e-17
38 37 2.22222222222223e-17
39 39 8.88888888888891e-17
39 131 1.11111111111112e-17
39 40 2.22222222222224e-17
39 130 4.44444444444445e-17
39 129 1.11111111111111e-17
39 38 2.22222222222222e-17
40 40 8.88888888888889e-17
40 132 1.11111111111110e-17
40 41 2.22222222222220e-17
40 131 4.44444444444444e-17
40 130 1.11111111111112e-17
40 39 2.22222222222224e-17
41 41 8.88888888888887e-17
41 133 1.11111111111111e-17
41 42 2.22222222222223e-17
41 132 4.44444444444444e-17
41 131 1.11111111111110e-17
41 40 2.22222222222220e-17
42 42 8.88888888888889e-17
42 134 1.11111111111111e-17
42 43 2.22222222222222e-17
42 133 4.44444444444444e-17
42 132 1.11111111111111e-17
42 41 2.22222222222223e-17
43 43 8.88888888888889e-17
43 135 1.11111111111111e-17
43 44 2.22222222222223e-17
43 134 4.44444444444444e-17
43 133 1.11111111111111e-17
43 42 2.22222222222222e-17
44 44 8.88888888888889e-17
44 136 1.11111111111111e-17
44 45 2.22222222222222e-17
44 135 4.44444444444444e-17
44 134 1.11111111111111e-17
44 43 2.22222222222223e-17
45 45 8.88888888888889e-17
45 137 1.11111111111111e-17
45 46 2.22222222222223e-17
45 136 4.44444444444444e-17
45 135 1.11111111111111e-17
45 44 2.22222222222222e-17
46 46 8.88888888888889e-17
46 138 1.11111111111111e-17
46 47 2.22222222222222e-17
46 137 4.44444444444444e-17
46 136 1.11111111111111e-17
46 45 2.22222222222223e-17
47 47 8.88888888888889e-17
47 139 1.11111111111111e-17
47 48 2.22222222222223e-17
47 138 4.44444444444445e-17
47 137 1.11111111111111e-17
47 46 2.22222222222222e-17
48 48 8.88888888888889e-17
48 140 1.11111111111111e-17
48 49 2.22222222222222e-17
48 139 4.44444444444445e-17
48 138 1.11111111111111e-17
48 47 2.22222222222223e-17
49 49 8.88888888888889e-17
49 141 1.11111111111111e-17
49 50 2.22222222222223e-17
49 140 4.44444444444445e-17
49 139 1.11111111111111e-17
49 48 2.22222222222222e-17
50 50 8.88888888888891e-17
50 142 1.11111111111112e-17
50 51 2.22222222222223e-17
50 141 4.44444444444446e-17
50 140 1.11111111111111e-17
50 49 2.22222222222223e-17
51 51 8.88888888888887e-17
51 143 1.11111111111110e-17
51 52 2.22222222222220e-17
51 142 4.44444444444443e-17
51 141 1.11111111111112e-17
51 50 2.22222222222223e-17
52 52 8.88888888888886e-17
52 144 1.11111111111111e-17
52 53 2.22222222222223e-17
52 143 4.44444444444443e-17
52 142 1.11111111111110e-17
52 51 2.22222222222220e-17
53 53 8.88888888888891e-17
53 145 1.11111111111112e-17
53 54 2.22222222222223e-17
53 144 4.44444444444446e-17
53 143 1.11111111111111e-17
53 52 2.22222222222223e-17
54 54 8.88888888888889e-17
54 146 1.11111111111111e-17
54 55 2.22222222222222e-17
54 145 4.44444444444445e-17
54 144 1.11111111111112e-17
54 53 2.22222222222223e-17
55 55 8.88888888888884e-17
55 147 1.11111111111110e-17
55 56 2.22222222222220e-17
55 146 4.44444444444442e-17
55 145 1.11111111111111e-17
55 54 2.22222222222222e-17
56 56 8.88888888888886e-17
56 148 1.11111111111112e-17
56 57 2.22222222222223e-17
56 147 4.44444444444444e-17
56 146 1.11111111111110e-17
56 55 2.22222222222220e-17
57 57 3.36761753793153e-16
57 149 1.35047543563243e-16
57 58 2.70095087126487e-16
57 148 1.68380876896577e-16
57 147 1.11111111111112e-17
57 56 2.22222222222223e-17
58 58 5.49511581578647e-14
58 150 2.68225635833384e-14
58 59 5.36451271666767e-14
58 149 2.74755790789324e-14
58 148 1.35047543563243e-16
58 57 2.70095087126487e-16
59 59 5.87613139867549e-12
59 151 2.80447084937309e-12
59 60 5.60894169874617e-12
59 150 2.93806569933775e-12
59 149 2.68225635833384e-14
59 58 5.36451271666767e-14
60 60 4.44444444444442e-11
60 152 8.30664026173799e-12
60 61 1.66132805234760e-11
60 151 2.22222222222221e-11
60 150 2.80447084937309e-12
60 59 5.60894169874617e-12
61 61 8.30127574902134e-11
61 153 1.10842885475278e-11
61 62 2.21685770950556e-11
61 152 4.15063787451067e-11
61 151 8.30664026173799e-12
61 60 1.66132805234760e-11
62 62 8.88339475914517e-11
62 154 1.11109809939278e-11
62 63 2.22219619878556e-11
62 153 4.44169737957259e-11
62 152 1.10842885475278e-11
62 61 2.21685770950556e-11
63 63 8.88886223965317e-11
63 155 1.11111104828972e-11
63 64 2.22222209657945e-11
63 154 4.44443111982658e-11
63 153 1.11109809939278e-11
63 62 2.22219619878556e-11
64 64 8.88888876022479e-11
64 156 1.11111111080782e-11
64 65 2.22222222161563e-11
64 155 4.44444438011239e-11
64 154 1.11111104828972e-11
64 63 2.22222209657945e-11
65 65 8.88888888826773e-11
65 157 1.11111111110965e-11
65 66 2.22222222221930e-11
65 156 4.44444444413388e-11
65 155 1.11111111080782e-11
65 64 2.22222222161563e-11
66 66 8.88888888888587e-11
66 158 1.11111111111110e-11
66 67 2.22222222222219e-11
66 157 4.44444444444294e-11
66 156 1.11111111110965e-11
66 65 2.22222222221930e-11
67 67 8.88888888888885e-11
67 159 1.11111111111111e-11
67 68 2.22222222222223e-11
67 158 4.44444444444442e-11
67 157 1.11111111111110e-11
67 66 2.22222222222219e-11
68 68 8.88888888888886e-11
68 160 1.11111111111110e-11
68 69 2.22222222222220e-11
68 159 4.44444444444443e-11
68 158 1.11111111111111e-11
68 67 2.22222222222223e-11
69 69 8.88888888888882e-11
69 161 1.11111111111110e-11
69 70 2.22222222222220e-11
69 160 4.44444444444441e-11
69 159 1.11111111111110e-11
69 68 2.22222222222220e-11
70 70 8.88888888888886e-11
70 162 1.11111111111112e-11
70 71 2.22222222222223e-11
70 161 4.44444444444443e-11
70 160 1.11111111111110e-11
70 69 2.22222222222220e-11
71 71 8.88888888888896e-11
71 163 1.11111111111112e-11
71 72 2.22222222222225e-11
71 162 4.44444444444448e-11
71 161 1.11111111111112e-11
71 70 2.22222222222223e-11
72 72 8.88888888888891e-11
72 164 1.11111111111110e-11
72 73 2.22222222222220e-11
72 163 4.44444444444445e-11
72 162 1.11111111111112e-11
72 71 2.22222222222225e-11
73 73 8.88888888888886e-11
73 165 1.11111111111111e-11
73 74 2.22222222222223e-11
73 164 4.44444444444442e-11
73 163 1.11111111111110e-11
73 72 2.22222222222220e-11
74 74 8.88888888888886e-11
74 166 1.11111111111111e-11
74 75 2.22222222222221e-11
74 165 4.44444444444443e-11
74 164 1.11111111111111e-11
74 73 2.22222222222223e-11
75 75 8.88888888888887e-11
75 167 1.11111111111111e-11
75 76 2.22222222222223e-11
75 166 4.44444444444444e-11
75 165 1.11111111111111e-11
75 74 2.22222222222221e-11
76 76 8.88888888888882e-11
76 168 1.11111111111109e-11
76 77 2.22222222222218e-11
76 167 4.44444444444441e-11
76 166 1.11111111111111e-11
76 75 2.22222222222223e-11
77 77 8.88888888888886e-11
77 169 1.11111111111112e-11
77 78 2.22222222222225e-11
77 168 4.44444444444444e-11
77 167 1.11111111111109e-11
77 76 2.22222222222218e-11
78 78 8.88888888888896e-11
78 170 1.11111111111111e-11
78 79 2.22222222222223e-11
78 169 4.44444444444447e-11
78 168 1.11111111111112e-11
78 77 2.22222222222225e-11
79 79 8.88888888888895e-11
79 171 1.11111111111112e-11
79 80 2.22222222222225e-11
79 170 4.44444444444446e-11
79 169 1.11111111111111e-11
79 78 2.22222222222223e-11
80 80 8.88888888888891e-11
80 172 1.11111111111110e-11
80 81 2.22222222222220e-11
80 171 4.44444444444444e-11
80 170 1.11111111111112e-11
80 79 2.22222222222225e-11
81 81 8.88888888888886e-11
81 173 1.11111111111111e-11
81 82 2.22222222222223e-11
81 172 4.44444444444443e-11
81 171 1.11111111111110e-11
81 80 2.22222222222220e-11
82 82 8.88888888888891e-11
82 174 1.11111111111111e-11
82 83 2.22222222222223e-11
82 173 4.44444444444445e-11
82 172 1.11111111111111e-11
82 81 2.22222222222223e-11
83 83 8.88888888888891e-11
83 175 1.11111111111111e-11
83 84 2.22222222222223e-11
83 174 4.44444444444445e-11
83 173 1.11111111111111e-11
83 82 2.22222222222223e-11
84 84 8.88888888888882e-11
84 176 1.11111111111109e-11
84 85 2.22222222222218e-11
84 175 4.44444444444442e-11
84 174 1.11111111111111e-11
84 83 2.22222222222223e-11
85 85 8.88888888888886e-11
85 177 1.11111111111112e-11
85 86 2.22222222222225e-11
85 176 4.44444444444443e-11
85 175 1.11111111111109e-11
85 84 2.22222222222218e-11
86 86 8.88888888888896e-11
86 178 1.11111111111111e-11
86 87 2.22222222222223e-11
86 177 4.44444444444446e-11
86 176 1.11111111111112e-11
86 85 2.22222222222225e-11
87 87 8.88888888888891e-11
87 179 1.11111111111111e-11
87 88 2.22222222222223e-11
87 178 4.44444444444446e-11
87 177 1.11111111111111e-11
87 86 2.22222222222223e-11
88 88 8.88888888888886e-11
88 180 1.11111111111110e-11
88 89 2.22222222222220e-11
88 179 4.44444444444443e-11
88 178 1.11111111111111e-11
88 87 2.22222222222223e-11
89 89 8.88888888888886e-11
89 181 1.11111111111111e-11
89 90 2.22222222222223e-11
89 180 4.44444444444443e-11
89 179 1.11111111111110e-11
89 88 2.22222222222220e-11
90 90 4.44444444444446e-11
90 181 2.22222222222223e-11
90 180 1.11111111111111e-11
90 89 2.22222222222223e-11
91 91 8.88888888888889e-17
91 182 2.22222222222222e-17
91 1 1.11111111111111e-17
91 92 4.44444444444444e-17
91 183 1.11111111111111e-17
91 0 2.22222222222222e-17
92 92 1.77777777777778e-16
92 183 4.44444444444445e-17
92 182 1.11111111111111e-17
92 2 1.11111111111111e-17
92 93 4.44444444444444e-17
92 1 4.44444444444444e-17
92 184 1.11111111111111e-17
92 91 4.44444444444444e-17
92 0 1.11111111111111e-17
93 93 1.77777777777778e-16
93 184 4.44444444444445e-17
93 183 1.11111111111111e-17
93 3 1.11111111111111e-17
93 94 4.44444444444445e-17
93 2 4.44444444444445e-17
93 185 1.11111111111111e-17
93 92 4.44444444444444e-17
93 1 1.11111111111111e-17
94 94 1.77777777777778e-16
94 185 4.44444444444445e-17
94 184 1.11111111111111e-17
94 4 1.11111111111111e-17
94 95 4.44444444444444e-17
94 3 4.44444444444445e-17
94 186 1.11111111111111e-17
94 93 4.44444444444445e-17
94 2 1.11111111111111e-17
95 95 1.77777777777778e-16
95 186 4.44444444444445e-17
95 185 1.11111111111111e-17
95 5 1.11111111111111e-17
95 96 4.44444444444445e-17
95 4 4.44444444444445e-17
95 187 1.11111111111111e-17
95 94 4.44444444444444e-17
95 3 1.11111111111111e-17
96 96 1.77777777777778e-16
96 187 4.44444444444445e-17
96 186 1.11111111111111e-17
96 6 1.11111111111111e-17
96 97 4.44444444444444e-17
96 5 4.44444444444445e-17
96 188 1.11111111111111e-17
96 95 4.44444444444445e-17
96 4 1.11111111111111e-17
97 97 1.77777777777778e-16
97 188 4.44444444444444e-17
97 187 1.11111111111111e-17
97 7 1.11111111111111e-17
97 98 4.44444444444444e-17
97 6 4.44444444444444e-17
97 189 1.11111111111111e-17
97 96 4.44444444444444e-17
97 5 1.11111111111111e-17
98 98 1.77777777777778e-16
98 189 4.44444444444444e-17
98 188 1.11111111111111e-17
98 8 1.11111111111111e-17
98 99 4.44444444444445e-17
98 7 4.44444444444444e-17
98 190 1.11111111111111e-17
98 97 4.44444444444444e-17
98 6 1.11111111111111e-17
99 99 1.77777777777778e-16
99 190 4.44444444444445e-17
99 189 1.11111111111111e-17
99 9 1.11111111111111e-17
99 100 4.44444444444445e-17
99 8 4.44444444444445e-17
99 191 1.11111111111111e-17
99 98 4.44444444444445e-17
99 7 1.11111111111111e-17
100 100 1.77777777777778e-16
100 191 4.44444444444445e-17
100 190 1.11111111111111e-17
100 10 1.11111111111111e-17
100 101 4.44444444444445e-17
100 9 4.44444444444445e-17
100 192 1.11111111111111e-17
100 99 4.44444444444445e-17
100 8 1.11111111111111e-17
101 101 1.77777777777778e-16
101 192 4.44444444444445e-17
101 191 1.11111111111111e-17
101 11 1.11111111111111e-17
101 102 4.44444444444444e-17
101 10 4.44444444444445e-17
101 193 1.11111111111111e-17
101 100 4.44444444444445e-17
101 9 1.11111111111111e-17
102 102 1.77777777777778e-16
102 193 4.44444444444445e-17
102 192 1.11111111111111e-17
102 12 1.11111111111111e-17
102 103 4.44444444444445e-17
102 11 4.44444444444444e-17
102 194 1.11111111111111e-17
102 101 4.44444444444444e-17
102 10 1.11111111111111e-17
103 103 1.77777777777778e-16
103 194 4.44444444444444e-17
103 193 1.11111111111111e-17
103 13 1.11111111111111e-17
103 104 4.44444444444444e-17
103 12 4.44444444444444e-17
103 195 1.11111111111111e-17
103 102 4.44444444444445e-17
103 11 1.11111111111111e-17
104 104 1.77777777777778e-16
104 195 4.44444444444444e-17
104 194 1.11111111111111e-17
104 14 1.11111111111111e-17
104 105 4.44444444444445e-17
104 13 4.44444444444444e-17
104 196 1.11111111111111e-17
104 103 4.44444444444444e-17
104 12 1.11111111111111e-17
105 105 1.77777777777778e-16
105 196 4.44444444444445e-17
105 195 1.11111111111111e-17
105 15 1.11111111111111e-17
105 106 4.44444444444445e-17
105 14 4.44444444444445e-17
105 197 1.11111111111111e-17
105 104 4.44444444444445e-17
105 13 1.11111111111111e-17
106 106 1.77777777777778e-16
106 197 4.44444444444445e-17
106 196 1.11111111111111e-17
106 16 1.11111111111111e-17
106 107 4.44444444444445e-17
106 15 4.44444444444445e-17
106 198 1.11111111111111e-17
106 105 4.44444444444445e-17
106 14 1.11111111111111e-17
107 107 1.77777777777778e-16
107 198 4.44444444444445e-17
107 197 1.11111111111111e-17
107 17 1.11111111111111e-17
107 108 4.44444444444445e-17
107 16 4.44444444444445e-17
107 199 1.11111111111111e-17
107 106 4.44444444444445e-17
107 15 1.11111111111111e-17
108 108 1.77777777777778e-16
108 199 4.44444444444445e-17
108 198 1.11111111111111e-17
108 18 1.11111111111111e-17
108 109 4.44444444444444e-17
108 17 4.44444444444445e-17
108 200 1.11111111111111e-17
108 107 4.44444444444445e-17
108 16 1.11111111111111e-17
109 109 1.77777777777778e-16
109 200 4.44444444444445e-17
109 199 1.11111111111111e-17
109 19 1.11111111111111e-17
109 110 4.44444444444445e-17
109 18 4.44444444444445e-17
109 201 1.11111111111111e-17
109 108 4.44444444444444e-17
109 17 1.11111111111111e-17
110 110 1.77777777777778e-16
110 201 4.44444444444445e-17
110 200 1.11111111111111e-17
110 20 1.11111111111111e-17
110 111 4.44444444444444e-17
110 19 4.44444444444445e-17
110 202 1.11111111111111e-17
110 109 4.44444444444445e-17
110 18 1.11111111111111e-17
111 111 1.77777777777778e-16
111 202 4.44444444444444e-17
111 201 1.11111111111111e-17
111 21 1.11111111111111e-17
111 112 4.44444444444444e-17
111 20 4.44444444444444e-17
111 203 1.11111111111111e-17
111 110 4.44444444444444e-17
111 19 1.11111111111111e-17
112 112 1.77777777777778e-16
112 203 4.44444444444444e-17
112 202 1.11111111111111e-17
112 22 1.11111111111111e-17
112 113 4.44444444444444e-17
112 21 4.44444444444444e-17
112 204 1.11111111111111e-17
112 111 4.44444444444444e-17
112 20 1.11111111111111e-17
113 113 1.77777777777778e-16
113 204 4.44444444444444e-17
113 203 1.11111111111111e-17
113 23 1.11111111111111e-17
113 114 4.44444444444444e-17
113 22 4.44444444444444e-17
113 205 1.11111111111111e-17
113 112 4.44444444444444e-17
113 21 1.11111111111111e-17
114 114 1.77777777777778e-16
114 205 4.44444444444445e-17
114 204 1.11111111111111e-17
114 24 1.11111111111111e-17
114 115 4.44444444444445e-17
114 23 4.44444444444444e-17
114 206 1.11111111111111e-17
114 113 4.44444444444444e-17
114 22 1.11111111111111e-17
115 115 1.77777777777778e-16
115 206 4.44444444444445e-17
115 205 1.11111111111111e-17
115 25 1.11111111111111e-17
115 116 4.44444444444445e-17
115 24 4.44444444444445e-17
115 207 1.11111111111111e-17
115 114 4.44444444444445e-17
115 23 1.11111111111111e-17
116 116 1.77777777777778e-16
116 207 4.44444444444444e-17
116 206 1.11111111111111e-17
116 26 1.11111111111111e-17
116 117 4.44444444444443e-17
116 25 4.44444444444444e-17
116 208 1.11111111111111e-17
116 115 4.44444444444445e-17
116 24 1.11111111111111e-17
117 117 1.77777777777778e-16
117 208 4.44444444444445e-17
117 207 1.11111111111111e-17
117 27 1.11111111111111e-17
117 118 4.44444444444446e-17
117 26 4.44444444444445e-17
117 209 1.11111111111111e-17
117 116 4.44444444444443e-17
117 25 1.11111111111111e-17
118 118 1.77777777777778e-16
118 209 4.44444444444445e-17
118 208 1.11111111111111e-17
118 28 1.11111111111111e-17
118 119 4.44444444444443e-17
118 27 4.44444444444445e-17
118 210 1.11111111111111e-17
118 117 4.44444444444446e-17
118 26 1.11111111111111e-17
119 119 1.77777777777778e-16
119 210 4.44444444444444e-17
119 209 1.11111111111111e-17
119 29 1.11111111111111e-17
119 120 4.44444444444445e-17
119 28 4.44444444444444e-17
119 211 1.11111111111111e-17
119 118 4.44444444444443e-17
119 27 1.11111111111111e-17
120 120 1.77777777777778e-16
120 211 4.44444444444444e-17
120 210 1.11111111111111e-17
120 30 1.11111111111111e-17
120 121 4.44444444444444e-17
120 29 4.44444444444444e-17
120 212 1.11111111111111e-17
120 119 4.44444444444445e-17
120 28 1.11111111111111e-17
121 121 1.77777777777778e-16
121 212 4.44444444444445e-17
121 211 1.11111111111111e-17
121 31 1.11111111111111e-17
121 122 4.44444444444446e-17
121 30 4.44444444444445e-17
121 213 1.11111111111111e-17
121 120 4.44444444444444e-17
121 29 1.11111111111111e-17
122 122 1.77777777777778e-16
122 213 4.44444444444445e-17
122 212 1.11111111111111e-17
122 32 1.11111111111111e-17
122 123 4.44444444444444e-17
122 31 4.44444444444445e-17
122 214 1.11111111111111e-17
122 121 4.44444444444446e-17
122 30 1.11111111111111e-17
123 123 1.77777777777778e-16
123 214 4.44444444444445e-17
123 213 1.11111111111111e-17
123 33 1.11111111111112e-17
123 124 4.44444444444446e-17
123 32 4.44444444444445e-17
123 215 1.11111111111112e-17
123 122 4.44444444444444e-17
123 31 1.11111111111111e-17
124 124 1.77777777777778e-16
124 215 4.44444444444446e-17
124 214 1.11111111111112e-17
124 34 1.11111111111111e-17
124 125 4.44444444444445e-17
124 33 4.44444444444446e-17
124 216 1.11111111111111e-17
124 123 4.44444444444446e-17
124 32 1.11111111111112e-17
125 125 1.77777777777777e-16
125 216 4.44444444444443e-17
125 215 1.11111111111111e-17
125 35 1.11111111111110e-17
125 126 4.44444444444441e-17
125 34 4.44444444444443e-17
125 217 1.11111111111110e-17
125 124 4.44444444444445e-17
125 33 1.11111111111111e-17
126 126 1.77777777777778e-16
126 217 4.44444444444445e-17
126 216 1.11111111111110e-17
126 36 1.11111111111112e-17
126 127 4.44444444444448e-17
126 35 4.44444444444445e-17
126 218 1.11111111111112e-17
126 125 4.44444444444441e-17
126 34 1.11111111111110e-17
127 127 1.77777777777778e-16
127 218 4.44444444444446e-17
127 217 1.11111111111112e-17
127 37 1.11111111111111e-17
127 128 4.44444444444444e-17
127 36 4.44444444444446e-17
127 219 1.11111111111111e-17
127 126 4.44444444444448e-17
127 35 1.11111111111112e-17
128 128 1.77777777777778e-16
128 219 4.44444444444445e-17
128 218 1.11111111111111e-17
128 38 1.11111111111111e-17
128 129 4.44444444444445e-17
128 37 4.44444444444445e-17
128 220 1.11111111111111e-17
128 127 4.44444444444444e-17
128 36 1.11111111111111e-17
129 129 1.77777777777778e-16
129 220 4.44444444444444e-17
129 219 1.11111111111111e-17
129 39 1.11111111111111e-17
129 130 4.44444444444443e-17
129 38 4.44444444444444e-17
129 221 1.11111111111111e-17
129 128 4.44444444444445e-17
129 37 1.11111111111111e-17
130 130 1.77777777777778e-16
130 221 4.44444444444445e-17
130 220 1.11111111111111e-17
130 40 1.11111111111112e-17
130 131 4.44444444444447e-17
130 39 4.44444444444445e-17
130 222 1.11111111111112e-17
130 129 4.44444444444443e-17
130 38 1.11111111111111e-17
131 131 1.77777777777778e-16
131 222 4.44444444444444e-17
131 221 1.11111111111112e-17
131 41 1.11111111111110e-17
131 132 4.44444444444442e-17
131 40 4.44444444444444e-17
131 223 1.11111111111110e-17
131 130 4.44444444444447e-17
131 39 1.11111111111112e-17
132 132 1.77777777777778e-16
132 223 4.44444444444444e-17
132 222 1.11111111111110e-17
132 42 1.11111111111111e-17
132 133 4.44444444444446e-17
132 41 4.44444444444444e-17
132 224 1.11111111111111e-17
132 131 4.44444444444442e-17
132 40 1.11111111111110e-17
133 133 1.77777777777778e-16
133 224 4.44444444444444e-17
133 223 1.11111111111111e-17
133 43 1.11111111111111e-17
133 134 4.44444444444443e-17
133 42 4.44444444444444e-17
133 225 1.11111111111111e-17
133 132 4.44444444444446e-17
133 41 1.11111111111111e-17
134 134 1.77777777777778e-16
134 225 4.44444444444444e-17
134 224 1.11111111111111e-17
134 44 1.11111111111111e-17
134 135 4.44444444444446e-17
134 43 4.44444444444444e-17
134 226 1.11111111111111e-17
134 133 4.44444444444443e-17
134 42 1.11111111111111e-17
135 135 1.77777777777778e-16
135 226 4.44444444444445e-17
135 225 1.11111111111111e-17
135 45 1.11111111111111e-17
135 136 4.44444444444443e-17
135 44 4.44444444444444e-17
135 227 1.11111111111111e-17
135 134 4.44444444444446e-17
135 43 1.11111111111111e-17
136 136 1.77777777777778e-16
136 227 4.44444444444445e-17
136 226 1.11111111111111e-17
136 46 1.11111111111111e-17
136 137 4.44444444444446e-17
136 45 4.44444444444444e-17
136 228 1.11111111111111e-17
136 135 4.44444444444443e-17
136 44 1.11111111111111e-17
137 137 1.77777777777778e-16
137 228 4.44444444444445e-17
137 227 1.11111111111111e-17
137 47 1.11111111111111e-17
137 138 4.44444444444443e-17
137 46 4.44444444444444e-17
137 229 1.11111111111111e-17
137 136 4.44444444444446e-17
137 45 1.11111111111111e-17
138 138 1.77777777777778e-16
138 229 4.44444444444445e-17
138 228 1.11111111111111e-17
138 48 1.11111111111111e-17
138 139 4.44444444444446e-17
138 47 4.44444444444445e-17
138 230 1.11111111111111e-17
138 137 4.44444444444443e-17
138 46 1.11111111111111e-17
139 139 1.77777777777778e-16
139 230 4.44444444444445e-17
139 229 1.11111111111111e-17
139 49 1.11111111111111e-17
139 140 4.44444444444443e-17
139 48 4.44444444444445e-17
139 231 1.11111111111111e-17
139 138 4.44444444444446e-17
139 47 1.11111111111111e-17
140 140 1.77777777777778e-16
140 231 4.44444444444445e-17
140 230 1.11111111111111e-17
140 50 1.11111111111111e-17
140 141 4.44444444444446e-17
140 49 4.44444444444445e-17
140 232 1.11111111111111e-17
140 139 4.44444444444443e-17
140 48 1.11111111111111e-17
141 141 1.77777777777778e-16
141 232 4.44444444444446e-17
141 231 1.11111111111111e-17
141 51 1.11111111111112e-17
141 142 4.44444444444446e-17
141 50 4.44444444444446e-17
141 233 1.11111111111112e-17
141 140 4.44444444444446e-17
141 49 1.11111111111111e-17
142 142 1.77777777777777e-16
142 233 4.44444444444444e-17
142 232 1.11111111111112e-17
142 52 1.11111111111110e-17
142 143 4.44444444444441e-17
142 51 4.44444444444443e-17
142 234 1.11111111111110e-17
142 141 4.44444444444446e-17
142 50 1.11111111111112e-17
143 143 1.77777777777777e-16
143 234 4.44444444444443e-17
143 233 1.11111111111110e-17
143 53 1.11111111111111e-17
143 144 4.44444444444446e-17
143 52 4.44444444444443e-17
143 235 1.11111111111111e-17
143 142 4.44444444444441e-17
143 51 1.11111111111110e-17
144 144 1.77777777777778e-16
144 235 4.44444444444446e-17
144 234 1.11111111111111e-17
144 54 1.11111111111112e-17
144 145 4.44444444444446e-17
144 53 4.44444444444446e-17
144 236 1.11111111111112e-17
144 143 4.44444444444446e-17
144 52 1.11111111111111e-17
145 145 1.77777777777778e-16
145 236 4.44444444444445e-17
145 235 1.11111111111112e-17
145 55 1.11111111111111e-17
145 146 4.44444444444444e-17
145 54 4.44444444444445e-17
145 237 1.11111111111111e-17
145 144 4.44444444444446e-17
145 53 1.11111111111112e-17
146 146 1.77777777777777e-16
146 237 4.44444444444443e-17
146 236 1.11111111111111e-17
146 56 1.11111111111110e-17
146 147 4.44444444444441e-17
146 55 4.44444444444442e-17
146 238 1.11111111111110e-17
146 145 4.44444444444444e-17
146 54 1.11111111111111e-17
147 147 1.77777777777777e-16
147 238 4.44444444444444e-17
147 237 1.11111111111110e-17
147 57 1.11111111111112e-17
147 148 4.44444444444446e-17
147 56 4.44444444444444e-17
147 239 1.11111111111112e-17
147 146 4.44444444444441e-17
147 55 1.11111111111110e-17
148 148 6.73523507586308e-16
148 239 1.68380876896577e-16
148 238 1.11111111111112e-17
148 58 1.35047543563243e-16
148 149 5.40190174252974e-16
148 57 1.68380876896577e-16
148 240 1.35047543563244e-16
148 147 4.44444444444446e-17
148 56 1.11111111111112e-17
149 149 1.09902316315730e-13
149 240 2.74755790789324e-14
149 239 1.35047543563243e-16
149 59 2.68225635833384e-14
149 150 1.07290254333354e-13
149 58 2.74755790789324e-14
149 241 2.68225635833384e-14
149 148 5.40190174252974e-16
149 57 1.35047543563243e-16
150 150 1.17522627973510e-11
150 241 2.93806569933775e-12
150 240 2.68225635833384e-14
150 60 2.80447084937309e-12
150 151 1.12178833974924e-11
150 59 2.93806569933775e-12
150 242 2.80447084937309e-12
150 149 1.07290254333354e-13
150 58 2.68225635833384e-14
151 151 8.88888888888886e-11
151 242 2.22222222222222e-11
151 241 2.80447084937309e-12
151 61 8.30664026173799e-12
151 152 3.32265610469520e-11
151 60 2.22222222222221e-11
151 243 8.30664026173799e-12
151 150 1.12178833974924e-11
151 59 2.80447084937309e-12
152 152 1.66025514980427e-10
152 243 4.15063787451067e-11
152 242 8.30664026173799e-12
152 62 1.10842885475278e-11
152 153 4.43371541901113e-11
152 61 4.15063787451067e-11
152 244 1.10842885475278e-11
152 151 3.32265610469520e-11
152 60 8.30664026173799e-12
153 153 1.77667895182904e-10
153 244 4.44169737957259e-11
153 243 1.10842885475278e-11
153 63 1.11109809939278e-11
153 154 4.44439239757113e-11
153 62 4.44169737957259e-11
153 245 1.11109809939278e-11
153 152 4.43371541901113e-11
153 61 1.10842885475278e-11
154 154 1.77777244793063e-10
154 245 4.44443111982658e-11
154 244 1.11109809939278e-11
154 64 1.11111104828972e-11
154 155 4.44444419315889e-11
154 63 4.44443111982658e-11
154 246 1.11111104828972e-11
154 153 4.44439239757113e-11
154 62 1.11109809939278e-11
155 155 1.77777775204496e-10
155 246 4.44444438011239e-11
155 245 1.11111104828972e-11
155 65 1.11111111080782e-11
155 156 4.44444444323127e-11
155 64 4.44444438011239e-11
155 247 1.11111111080782e-11
155 154 4.44444419315889e-11
155 63 1.11111104828972e-11
156 156 1.77777777765355e-10
156 247 4.44444444413388e-11
156 246 1.11111111080782e-11
156 66 1.11111111110965e-11
156 157 4.44444444443861e-11
156 65 4.44444444413388e-11
156 248 1.11111111110965e-11
156 155 4.44444444323127e-11
156 64 1.11111111080782e-11
157 157 1.77777777777718e-10
157 248 4.44444444444295e-11
157 247 1.11111111110965e-11
157 67 1.11111111111110e-11
157 158 4.44444444444439e-11
157 66 4.44444444444294e-11
157 249 1.11111111111110e-11
157 156 4.44444444443861e-11
157 65 1.11111111110965e-11
158 158 1.77777777777777e-10
158 249 4.44444444444443e-11
158 248 1.11111111111110e-11
158 68 1.11111111111111e-11
158 159 4.44444444444444e-11
158 67 4.44444444444442e-11
158 250 1.11111111111111e-11
158 157 4.44444444444439e-11
158 66 1.11111111111110e-11
159 159 1.77777777777777e-10
159 250 4.44444444444443e-11
159 249 1.11111111111111e-11
159 69 1.11111111111110e-11
159 160 4.44444444444442e-11
159 68 4.44444444444443e-11
159 251 1.11111111111111e-11
159 158 4.44444444444444e-11
159 67 1.11111111111111e-11
160 160 1.77777777777776e-10
160 251 4.44444444444441e-11
160 250 1.11111111111111e-11
160 70 1.11111111111110e-11
160 161 4.44444444444440e-11
160 69 4.44444444444441e-11
160 252 1.11111111111110e-11
160 159 4.44444444444442e-11
160 68 1.11111111111110e-11
161 161 1.77777777777777e-10
161 252 4.44444444444443e-11
161 251 1.11111111111110e-11
161 71 1.11111111111112e-11
161 162 4.44444444444447e-11
161 70 4.44444444444443e-11
161 253 1.11111111111112e-11
161 160 4.44444444444440e-11
161 69 1.11111111111110e-11
162 162 1.77777777777779e-10
162 253 4.44444444444448e-11
162 252 1.11111111111112e-11
162 72 1.11111111111112e-11
162 163 4.44444444444450e-11
162 71 4.44444444444448e-11
162 254 1.11111111111112e-11
162 161 4.44444444444447e-11
162 70 1.11111111111112e-11
163 163 1.77777777777778e-10
163 254 4.44444444444445e-11
163 253 1.11111111111112e-11
163 73 1.11111111111110e-11
163 164 4.44444444444440e-11
163 72 4.44444444444445e-11
163 255 1.11111111111110e-11
163 162 4.44444444444450e-11
163 71 1.11111111111112e-11
164 164 1.77777777777777e-10
164 255 4.44444444444442e-11
164 254 1.11111111111110e-11
164 74 1.11111111111111e-11
164 165 4.44444444444444e-11
164 73 4.44444444444442e-11
164 256 1.11111111111111e-11
164 163 4.44444444444440e-11
164 72 1.11111111111110e-11
165 165 1.77777777777777e-10
165 256 4.44444444444444e-11
165 255 1.11111111111111e-11
165 75 1.11111111111111e-11
165 166 4.44444444444443e-11
165 74 4.44444444444443e-11
165 257 1.11111111111111e-11
165 164 4.44444444444444e-11
165 73 1.11111111111111e-11
166 166 1.77777777777778e-10
166 257 4.44444444444444e-11
166 256 1.11111111111111e-11
166 76 1.11111111111111e-11
166 167 4.44444444444445e-11
166 75 4.44444444444444e-11
166 258 1.11111111111111e-11
166 165 4.44444444444443e-11
166 74 1.11111111111111e-11
167 167 1.77777777777776e-10
167 258 4.44444444444441e-11
167 257 1.11111111111111e-11
167 77 1.11111111111109e-11
167 168 4.44444444444437e-11
167 76 4.44444444444441e-11
167 259 1.11111111111109e-11
167 166 4.44444444444445e-11
167 75 1.11111111111111e-11
168 168 1.77777777777777e-10
168 259 4.44444444444444e-11
168 258 1.11111111111109e-11
168 78 1.11111111111112e-11
168 169 4.44444444444450e-11
168 77 4.44444444444444e-11
168 260 1.11111111111112e-11
168 167 4.44444444444437e-11
168 76 1.11111111111109e-11
169 169 1.77777777777779e-10
169 260 4.44444444444447e-11
169 259 1.11111111111112e-11
169 79 1.11111111111111e-11
169 170 4.44444444444445e-11
169 78 4.44444444444447e-11
169 261 1.11111111111111e-11
169 168 4.44444444444450e-11
169 77 1.11111111111112e-11
170 170 1.77777777777778e-10
170 261 4.44444444444446e-11
170 260 1.11111111111111e-11
170 80 1.11111111111112e-11
170 171 4.44444444444447e-11
170 79 4.44444444444446e-11
170 262 1.11111111111112e-11
170 169 4.44444444444445e-11
170 78 1.11111111111111e-11
171 171 1.77777777777778e-10
171 262 4.44444444444444e-11
171 261 1.11111111111112e-11
171 81 1.11111111111110e-11
171 172 4.44444444444440e-11
171 80 4.44444444444444e-11
171 263 1.11111111111110e-11
171 170 4.44444444444447e-11
171 79 1.11111111111112e-11
172 172 1.77777777777777e-10
172 263 4.44444444444443e-11
172 262 1.11111111111110e-11
172 82 1.11111111111111e-11
172 173 4.44444444444445e-11
172 81 4.44444444444443e-11
172 264 1.11111111111111e-11
172 171 4.44444444444440e-11
172 80 1.11111111111110e-11
173 173 1.77777777777778e-10
173 264 4.44444444444445e-11
173 263 1.11111111111111e-11
173 83 1.11111111111111e-11
173 174 4.44444444444445e-11
173 82 4.44444444444445e-11
173 265 1.11111111111111e-11
173 172 4.44444444444445e-11
173 81 1.11111111111111e-11
174 174 1.77777777777778e-10
174 265 4.44444444444445e-11
174 264 1.11111111111111e-11
174 84 1.11111111111111e-11
174 175 4.44444444444446e-11
174 83 4.44444444444445e-11
174 266 1.11111111111111e-11
174 173 4.44444444444445e-11
174 82 1.11111111111111e-11
175 175 1.77777777777777e-10
175 266 4.44444444444442e-11
175 265 1.11111111111111e-11
175 85 1.11111111111109e-11
175 176 4.44444444444438e-11
175 84 4.44444444444442e-11
175 267 1.11111111111109e-11
175 174 4.44444444444446e-11
175 83 1.11111111111111e-11
176 176 1.77777777777777e-10
176 267 4.44444444444443e-11
176 266 1.11111111111109e-11
176 86 1.11111111111112e-11
176 177 4.44444444444447e-11
176 85 4.44444444444443e-11
176 268 1.11111111111112e-11
176 175 4.44444444444438e-11
176 84 1.11111111111109e-11
177 177 1.77777777777779e-10
177 268 4.44444444444447e-11
177 267 1.11111111111112e-11
177 87 1.11111111111111e-11
177 178 4.44444444444446e-11
177 86 4.44444444444446e-11
177 269 1.11111111111111e-11
177 176 4.44444444444447e-11
177 85 1.11111111111112e-11
178 178 1.77777777777778e-10
178 269 4.44444444444446e-11
178 268 1.11111111111111e-11
178 88 1.11111111111111e-11
178 179 4.44444444444446e-11
178 87 4.44444444444446e-11
178 270 1.11111111111111e-11
178 177 4.44444444444446e-11
178 86 1.11111111111111e-11
179 179 1.77777777777777e-10
179 270 4.44444444444443e-11
179 269 1.11111111111111e-11
179 89 1.11111111111110e-11
179 180 4.44444444444440e-11
179 88 4.44444444444443e-11
179 271 1.11111111111110e-11
179 178 4.44444444444446e-11
179 87 1.11111111111111e-11
180 180 1.77777777777777e-10
180 271 4.44444444444443e-11
180 270 1.11111111111110e-11
180 90 1.11111111111111e-11
180 181 4.44444444444446e-11
180 89 4.44444444444443e-11
180 272 1.11111111111111e-11
180 179 4.44444444444440e-11
180 88 1.11111111111110e-11
181 181 8.88888888888891e-11
181 271 1.11111111111111e-11
181 90 2.22222222222223e-11
181 272 2.22222222222223e-11
181 180 4.44444444444446e-11
181 89 1.11111111111111e-11
182 182 8.88888888888889e-17
182 273 2.22222222222222e-17
182 92 1.11111111111111e-17
182 183 4.44444444444445e-17
182 274 1.11111111111111e-17
182 91 2.22222222222222e-17
183 183 1.77777777777778e-16
183 274 4.44444444444445e-17
183 273 1.11111111111111e-17
183 93 1.11111111111111e-17
183 184 4.44444444444445e-17
183 92 4.44444444444445e-17
183 275 1.11111111111111e-17
183 182 4.44444444444445e-17
183 91 1.11111111111111e-17
184 184 1.77777777777778e-16
184 275 4.44444444444445e-17
184 274 1.11111111111111e-17
184 94 1.11111111111111e-17
184 185 4.44444444444445e-17
184 93 4.44444444444445e-17
184 276 1.11111111111111e-17
184 183 4.44444444444445e-17
184 92 1.11111111111111e-17
185 185 1.77777777777778e-16
185 276 4.44444444444445e-17
185 275 1.11111111111111e-17
185 95 1.11111111111111e-17
185 186 4.44444444444445e-17
185 94 4.44444444444445e-17
185 277 1.11111111111111e-17
185 184 4.44444444444445e-17
185 93 1.11111111111111e-17
186 186 1.77777777777778e-16
186 277 4.44444444444445e-17
186 276 1.11111111111111e-17
186 96 1.11111111111111e-17
186 187 4.44444444444445e-17
186 95 4.44444444444445e-17
186 278 1.11111111111111e-17
186 185 4.44444444444445e-17
186 94 1.11111111111111e-17
187 187 1.77777777777778e-16
187 278 4.44444444444445e-17
187 277 1.11111111111111e-17
187 97 1.11111111111111e-17
187 188 4.44444444444445e-17
187 96 4.44444444444445e-17
187 279 1.11111111111111e-17
187 186 4.44444444444445e-17
187 95 1.11111111111111e-17
188 188 1.77777777777778e-16
188 279 4.44444444444444e-17
188 278 1.11111111111111e-17
188 98 1.11111111111111e-17
188 189 4.44444444444444e-17
188 97 4.44444444444444e-17
188 280 1.11111111111111e-17
188 187 4.44444444444445e-17
188 96 1.11111111111111e-17
189 189 1.77777777777778e-16
189 280 4.44444444444445e-17
189 279 1.11111111111111e-17
189 99 1.11111111111111e-17
189 190 4.44444444444445e-17
189 98 4.44444444444444e-17
189 281 1.11111111111111e-17
189 188 4.44444444444444e-17
189 97 1.11111111111111e-17
190 190 1.77777777777778e-16
190 281 4.44444444444445e-17
190 280 1.11111111111111e-17
190 100 1.11111111111111e-17
190 191 4.44444444444445e-17
190 99 4.44444444444445e-17
190 282 1.11111111111111e-17
190 189 4.44444444444445e-17
190 98 1.11111111111111e-17
191 191 1.77777777777778e-16
191 282 4.44444444444445e-17
191 281 1.11111111111111e-17
191 101 1.11111111111111e-17
191 192 4.44444444444445e-17
191 100 4.44444444444445e-17
191 283 1.11111111111111e-17
191 190 4.44444444444445e-17
191 99 1.11111111111111e-17
192 192 1.77777777777778e-16
192 283 4.44444444444445e-17
192 282 1.11111111111111e-17
192 102 1.11111111111111e-17
192 193 4.44444444444445e-17
192 101 4.44444444444445e-17
192 284 1.11111111111111e-17
192 191 4.44444444444445e-17
192 100 1.11111111111111e-17
193 193 1.77777777777778e-16
193 284 4.44444444444445e-17
193 283 1.11111111111111e-17
193 103 1.11111111111111e-17
193 194 4.44444444444445e-17
193 102 4.44444444444445e-17
193 285 1.11111111111111e-17
193 192 4.44444444444445e-17
193 101 1.11111111111111e-17
194 194 1.77777777777778e-16
194 285 4.44444444444444e-17
194 284 1.11111111111111e-17
194 104 1.11111111111111e-17
194 195 4.44444444444444e-17
194 103 4.44444444444444e-17
194 286 1.11111111111111e-17
194 193 4.44444444444445e-17
194 102 1.11111111111111e-17
195 195 1.77777777777778e-16
195 286 4.44444444444444e-17
195 285 1.11111111111111e-17
195 105 1.11111111111111e-17
195 196 4.44444444444445e-17
195 104 4.44444444444444e-17
195 287 1.11111111111111e-17
195 194 4.44444444444444e-17
195 103 1.11111111111111e-17
196 196 1.77777777777778e-16
196 287 4.44444444444445e-17
196 286 1.11111111111111e-17
196 106 1.11111111111111e-17
196 197 4.44444444444445e-17
196 105 4.44444444444445e-17
196 288 1.11111111111111e-17
196 195 4.44444444444445e-17
196 104 1.11111111111111e-17
197 197 1.77777777777778e-16
197 288 4.44444444444445e-17
197 287 1.11111111111111e-17
197 107 1.11111111111111e-17
197 198 4.44444444444445e-17
197 106 4.44444444444445e-17
197 289 1.11111111111111e-17
197 196 4.44444444444445e-17
197 105 1.11111111111111e-17
198 198 1.77777777777778e-16
198 289 4.44444444444445e-17
198 288 1.11111111111111e-17
198 108 1.11111111111111e-17
198 199 4.44444444444445e-17
198 107 4.44444444444445e-17
198 290 1.11111111111111e-17
198 197 4.44444444444445e-17
198 106 1.11111111111111e-17
199 199 1.77777777777778e-16
199 290 4.44444444444445e-17
199 289 1.11111111111111e-17
199 109 1.11111111111111e-17
199 200 4.44444444444444e-17
199 108 4.44444444444445e-17
199 291 1.11111111111111e-17
199 198 4.44444444444445e-17
199 107 1.11111111111111e-17
200 200 1.77777777777778e-16
200 291 4.44444444444445e-17
200 290 1.11111111111111e-17
200 110 1.11111111111111e-17
200 201 4.44444444444445e-17
200 109 4.44444444444445e-17
200 292 1.11111111111111e-17
200 199 4.44444444444444e-17
200 108 1.11111111111111e-17
201 201 1.77777777777778e-16
201 292 4.44444444444445e-17
201 291 1.11111111111111e-17
201 111 1.11111111111111e-17
201 202 4.44444444444444e-17
201 110 4.44444444444445e-17
201 293 1.11111111111111e-17
201 200 4.44444444444445e-17
201 109 1.11111111111111e-17
202 202 1.77777777777778e-16
202 293 4.44444444444445e-17
202 292 1.11111111111111e-17
202 112 1.11111111111111e-17
202 203 4.44444444444445e-17
202 111 4.44444444444444e-17
202 294 1.11111111111111e-17
202 201 4.44444444444444e-17
202 110 1.11111111111111e-17
203 203 1.77777777777778e-16
203 294 4.44444444444445e-17
203 293 1.11111111111111e-17
203 113 1.11111111111111e-17
203 204 4.44444444444445e-17
203 112 4.44444444444444e-17
203 295 1.11111111111111e-17
203 202 4.44444444444445e-17
203 111 1.11111111111111e-17
204 204 1.77777777777778e-16
204 295 4.44444444444445e-17
204 294 1.11111111111111e-17
204 114 1.11111111111111e-17
204 205 4.44444444444445e-17
204 113 4.44444444444444e-17
204 296 1.11111111111111e-17
204 203 4.44444444444445e-17
204 112 1.11111111111111e-17
205 205 1.77777777777778e-16
205 296 4.44444444444445e-17
205 295 1.11111111111111e-17
205 115 1.11111111111111e-17
205 206 4.44444444444445e-17
205 114 4.44444444444445e-17
205 297 1.11111111111111e-17
205 204 4.44444444444445e-17
205 113 1.11111111111111e-17
206 206 1.77777777777778e-16
206 297 4.44444444444445e-17
206 296 1.11111111111111e-17
206 116 1.11111111111111e-17
206 207 4.44444444444445e-17
206 115 4.44444444444445e-17
206 298 1.11111111111111e-17
206 205 4.44444444444445e-17
206 114 1.11111111111111e-17
207 207 1.77777777777778e-16
207 298 4.44444444444444e-17
207 297 1.11111111111111e-17
207 117 1.11111111111111e-17
207 208 4.44444444444443e-17
207 116 4.44444444444444e-17
207 299 1.11111111111111e-17
207 206 4.44444444444445e-17
207 115 1.11111111111111e-17
208 208 1.77777777777778e-16
208 299 4.44444444444445e-17
208 298 1.11111111111111e-17
208 118 1.11111111111111e-17
208 209 4.44444444444446e-17
208 117 4.44444444444445e-17
208 300 1.11111111111112e-17
208 207 4.44444444444443e-17
208 116 1.11111111111111e-17
209 209 1.77777777777778e-16
209 300 4.44444444444445e-17
209 299 1.11111111111112e-17
209 119 1.11111111111111e-17
209 210 4.44444444444443e-17
209 118 4.44444444444445e-17
209 301 1.11111111111111e-17
209 208 4.44444444444446e-17
209 117 1.11111111111111e-17
210 210 1.77777777777778e-16
210 301 4.44444444444444e-17
210 300 1.11111111111111e-17
210 120 1.11111111111111e-17
210 211 4.44444444444445e-17
210 119 4.44444444444444e-17
210 302 1.11111111111111e-17
210 209 4.44444444444443e-17
210 118 1.11111111111111e-17
211 211 1.77777777777778e-16
211 302 4.44444444444444e-17
211 301 1.11111111111111e-17
211 121 1.11111111111111e-17
211 212 4.44444444444444e-17
211 120 4.44444444444444e-17
211 303 1.11111111111111e-17
211 210 4.44444444444445e-17
211 119 1.11111111111111e-17
212 212 1.77777777777778e-16
212 303 4.44444444444445e-17
212 302 1.11111111111111e-17
212 122 1.11111111111111e-17
212 213 4.44444444444446e-17
212 121 4.44444444444445e-17
212 304 1.11111111111112e-17
212 211 4.44444444444444e-17
212 120 1.11111111111111e-17
213 213 1.77777777777778e-16
213 304 4.44444444444445e-17
213 303 1.11111111111112e-17
213 123 1.11111111111111e-17
213 214 4.44444444444444e-17
213 122 4.44444444444445e-17
213 305 1.11111111111111e-17
213 212 4.44444444444446e-17
213 121 1.11111111111111e-17
214 214 1.77777777777778e-16
214 305 4.44444444444445e-17
214 304 1.11111111111111e-17
214 124 1.11111111111112e-17
214 215 4.44444444444446e-17
214 123 4.44444444444445e-17
214 306 1.11111111111112e-17
214 213 4.44444444444444e-17
214 122 1.11111111111111e-17
215 215 1.77777777777778e-16
215 306 4.44444444444446e-17
215 305 1.11111111111112e-17
215 125 1.11111111111111e-17
215 216 4.44444444444445e-17
215 124 4.44444444444446e-17
215 307 1.11111111111111e-17
215 214 4.44444444444446e-17
215 123 1.11111111111112e-17
216 216 1.77777777777777e-16
216 307 4.44444444444443e-17
216 306 1.11111111111111e-17
216 126 1.11111111111110e-17
216 217 4.44444444444442e-17
216 125 4.44444444444443e-17
216 308 1.11111111111110e-17
216 215 4.44444444444445e-17
216 124 1.11111111111111e-17
217 217 1.77777777777778e-16
217 308 4.44444444444445e-17
217 307 1.11111111111110e-17
217 127 1.11111111111112e-17
217 218 4.44444444444448e-17
217 126 4.44444444444445e-17
217 309 1.11111111111112e-17
217 216 4.44444444444442e-17
217 125 1.11111111111110e-17
218 218 1.77777777777778e-16
218 309 4.44444444444446e-17
218 308 1.11111111111112e-17
218 128 1.11111111111111e-17
218 219 4.44444444444444e-17
218 127 4.44444444444446e-17
218 310 1.11111111111111e-17
218 217 4.44444444444448e-17
218 126 1.11111111111112e-17
219 219 1.77777777777778e-16
219 310 4.44444444444445e-17
219 309 1.11111111111111e-17
219 129 1.11111111111111e-17
219 220 4.44444444444445e-17
219 128 4.44444444444445e-17
219 311 1.11111111111111e-17
219 218 4.44444444444444e-17
219 127 1.11111111111111e-17
220 220 1.77777777777778e-16
220 311 4.44444444444444e-17
220 310 1.11111111111111e-17
220 130 1.11111111111111e-17
220 221 4.44444444444443e-17
220 129 4.44444444444444e-17
220 312 1.11111111111111e-17
220 219 4.44444444444445e-17
220 128 1.11111111111111e-17
221 221 1.77777777777778e-16
221 312 4.44444444444445e-17
221 311 1.11111111111111e-17
221 131 1.11111111111112e-17
221 222 4.44444444444447e-17
221 130 4.44444444444445e-17
221 313 1.11111111111112e-17
221 220 4.44444444444443e-17
221 129 1.11111111111111e-17
222 222 1.77777777777778e-16
222 313 4.44444444444444e-17
222 312 1.11111111111112e-17
222 132 1.11111111111110e-17
222 223 4.44444444444442e-17
222 131 4.44444444444444e-17
222 314 1.11111111111110e-17
222 221 4.44444444444447e-17
222 130 1.11111111111112e-17
223 223 1.77777777777778e-16
223 314 4.44444444444444e-17
223 313 1.11111111111110e-17
223 133 1.11111111111111e-17
223 224 4.44444444444446e-17
223 132 4.44444444444444e-17
223 315 1.11111111111111e-17
223 222 4.44444444444442e-17
223 131 1.11111111111110e-17
224 224 1.77777777777778e-16
224 315 4.44444444444444e-17
224 314 1.11111111111111e-17
224 134 1.11111111111111e-17
224 225 4.44444444444443e-17
224 133 4.44444444444444e-17
224 316 1.11111111111111e-17
224 223 4.44444444444446e-17
224 132 1.11111111111111e-17
225 225 1.77777777777778e-16
225 316 4.44444444444444e-17
225 315 1.11111111111111e-17
225 135 1.11111111111111e-17
225 226 4.44444444444446e-17
225 134 4.44444444444444e-17
225 317 1.11111111111111e-17
225 224 4.44444444444443e-17
225 133 1.11111111111111e-17
226 226 1.77777777777778e-16
226 317 4.44444444444445e-17
226 316 1.11111111111111e-17
226 136 1.11111111111111e-17
226 227 4.44444444444443e-17
226 135 4.44444444444445e-17
226 318 1.11111111111111e-17
226 225 4.44444444444446e-17
226 134 1.11111111111111e-17
227 227 1.77777777777778e-16
227 318 4.44444444444445e-17
227 317 1.11111111111111e-17
227 137 1.11111111111111e-17
227 228 4.44444444444446e-17
227 136 4.44444444444445e-17
227 319 1.11111111111111e-17
227 226 4.44444444444443e-17
227 135 1.11111111111111e-17
228 228 1.77777777777778e-16
228 319 4.44444444444445e-17
228 318 1.11111111111111e-17
228 138 1.11111111111111e-17
228 229 4.44444444444443e-17
228 137 4.44444444444445e-17
228 320 1.11111111111111e-17
228 227 4.44444444444446e-17
228 136 1.11111111111111e-17
229 229 1.77777777777778e-16
229 320 4.44444444444445e-17
229 319 1.11111111111111e-17
229 139 1.11111111111111e-17
229 230 4.44444444444446e-17
229 138 4.44444444444445e-17
229 321 1.11111111111112e-17
229 228 4.44444444444443e-17
229 137 1.11111111111111e-17
230 230 1.77777777777778e-16
230 321 4.44444444444445e-17
230 320 1.11111111111112e-17
230 140 1.11111111111111e-17
230 231 4.44444444444443e-17
230 139 4.44444444444445e-17
230 322 1.11111111111111e-17
230 229 4.44444444444446e-17
230 138 1.11111111111111e-17
231 231 1.77777777777778e-16
231 322 4.44444444444445e-17
231 321 1.11111111111111e-17
231 141 1.11111111111111e-17
231 232 4.44444444444446e-17
231 140 4.44444444444445e-17
231 323 1.11111111111112e-17
231 230 4.44444444444443e-17
231 139 1.11111111111111e-17
232 232 1.77777777777778e-16
232 323 4.44444444444446e-17
232 322 1.11111111111112e-17
232 142 1.11111111111112e-17
232 233 4.44444444444446e-17
232 141 4.44444444444446e-17
232 324 1.11111111111112e-17
232 231 4.44444444444446e-17
232 140 1.11111111111111e-17
233 233 1.77777777777777e-16
233 324 4.44444444444444e-17
233 323 1.11111111111112e-17
233 143 1.11111111111110e-17
233 234 4.44444444444441e-17
233 142 4.44444444444444e-17
233 325 1.11111111111110e-17
233 232 4.44444444444446e-17
233 141 1.11111111111112e-17
234 234 1.77777777777777e-16
234 325 4.44444444444443e-17
234 324 1.11111111111110e-17
234 144 1.11111111111111e-17
234 235 4.44444444444446e-17
234 143 4.44444444444443e-17
234 326 1.11111111111112e-17
234 233 4.44444444444441e-17
234 142 1.11111111111110e-17
235 235 1.77777777777778e-16
235 326 4.44444444444446e-17
235 325 1.11111111111112e-17
235 145 1.11111111111112e-17
235 236 4.44444444444446e-17
235 144 4.44444444444446e-17
235 327 1.11111111111112e-17
235 234 4.44444444444446e-17
235 143 1.11111111111111e-17
236 236 1.77777777777778e-16
236 327 4.44444444444445e-17
236 326 1.11111111111112e-17
236 146 1.11111111111111e-17
236 237 4.44444444444444e-17
236 145 4.44444444444445e-17
236 328 1.11111111111111e-17
236 235 4.44444444444446e-17
236 144 1.11111111111112e-17
237 237 1.77777777777777e-16
237 328 4.44444444444443e-17
237 327 1.11111111111111e-17
237 147 1.11111111111110e-17
237 238 4.44444444444441e-17
237 146 4.44444444444443e-17
237 329 1.11111111111110e-17
237 236 4.44444444444444e-17
237 145 1.11111111111111e-17
238 238 1.77777777777778e-16
238 329 4.44444444444444e-17
238 328 1.11111111111110e-17
238 148 1.11111111111112e-17
238 239 4.44444444444446e-17
238 147 4.44444444444444e-17
238 330 1.11111111111112e-17
238 237 4.44444444444441e-17
238 146 1.11111111111110e-17
239 239 6.73523507586308e-16
239 330 1.68380876896577e-16
239 329 1.11111111111112e-17
239 149 1.35047543563243e-16
239 240 5.40190174252974e-16
239 148 1.68380876896577e-16
239 331 1.35047543563244e-16
239 238 4.44444444444446e-17
239 147 1.11111111111112e-17
240 240 1.09902316315730e-13
240 331 2.74755790789324e-14
240 330 1.35047543563244e-16
240 150 2.68225635833384e-14
240 241 1.07290254333354e-13
240 149 2.74755790789324e-14
240 332 2.68225635833384e-14
240 239 5.40190174252974e-16
240 148 1.35047543563244e-16
241 241 1.17522627973510e-11
241 332 2.93806569933775e-12
241 331 2.68225635833384e-14
241 151 2.80447084937309e-12
241 242 1.12178833974924e-11
241 150 2.93806569933775e-12
241 333 2.80447084937309e-12
241 240 1.07290254333354e-13
241 149 2.68225635833384e-14
242 242 8.88888888888886e-11
242 333 2.22222222222222e-11
242 332 2.80447084937309e-12
242 152 8.30664026173799e-12
242 243 3.32265610469520e-11
242 151 2.22222222222222e-11
242 334 8.30664026173799e-12
242 241 1.12178833974924e-11
242 150 2.80447084937309e-12
243 243 1.66025514980427e-10
243 334 4.15063787451068e-11
243 333 8.30664026173799e-12
243 153 1.10842885475278e-11
243 244 4.43371541901113e-11
243 152 4.15063787451067e-11
243 335 1.10842885475278e-11
243 242 3.32265610469520e-11
243 151 8.30664026173799e-12
244 244 1.77667895182904e-10
244 335 4.44169737957259e-11
244 334 1.10842885475278e-11
244 154 1.11109809939278e-11
244 245 4.44439239757113e-11
244 153 4.44169737957259e-11
244 336 1.11109809939278e-11
244 243 4.43371541901113e-11
244 152 1.10842885475278e-11
245 245 1.77777244793063e-10
245 336 4.44443111982658e-11
245 335 1.11109809939278e-11
245 155 1.11111104828972e-11
245 246 4.44444419315889e-11
245 154 4.44443111982658e-11
245 337 1.11111104828972e-11
245 244 4.44439239757113e-11
245 153 1.11109809939278e-11
246 246 1.77777775204496e-10
246 337 4.44444438011239e-11
246 336 1.11111104828972e-11
246 156 1.11111111080782e-11
246 247 4.44444444323127e-11
246 155 4.44444438011239e-11
246 338 1.11111111080782e-11
246 245 4.44444419315889e-11
246 154 1.11111104828972e-11
247 247 1.77777777765355e-10
247 338 4.44444444413388e-11
247 337 1.11111111080782e-11
247 157 1.11111111110965e-11
247 248 4.44444444443861e-11
247 156 4.44444444413388e-11
247 339 1.11111111110965e-11
247 246 4.44444444323127e-11
247 155 1.11111111080782e-11
248 248 1.77777777777718e-10
248 339 4.44444444444295e-11
248 338 1.11111111110965e-11
248 158 1.11111111111110e-11
248 249 4.44444444444439e-11
248 157 4.44444444444295e-11
248 340 1.11111111111110e-11
248 247 4.44444444443861e-11
248 156 1.11111111110965e-11
249 249 1.77777777777777e-10
249 340 4.44444444444443e-11
249 339 1.11111111111110e-11
249 159 1.11111111111111e-11
249 250 4.44444444444445e-11
249 158 4.44444444444443e-11
249 341 1.11111111111111e-11
249 248 4.44444444444439e-11
249 157 1.11111111111110e-11
250 250 1.77777777777777e-10
250 341 4.44444444444443e-11
250 340 1.11111111111111e-11
250 160 1.11111111111111e-11
250 251 4.44444444444442e-11
250 159 4.44444444444443e-11
250 342 1.11111111111111e-11
250 249 4.44444444444445e-11
250 158 1.11111111111111e-11
251 251 1.77777777777776e-10
251 342 4.44444444444441e-11
251 341 1.11111111111111e-11
251 161 1.11111111111110e-11
251 252 4.44444444444440e-11
251 160 4.44444444444441e-11
251 343 1.11111111111110e-11
251 250 4.44444444444442e-11
251 159 1.11111111111111e-11
252 252 1.77777777777777e-10
252 343 4.44444444444443e-11
252 342 1.11111111111110e-11
252 162 1.11111111111112e-11
252 253 4.44444444444447e-11
252 161 4.44444444444443e-11
252 344 1.11111111111112e-11
252 251 4.44444444444440e-11
252 160 1.11111111111110e-11
253 253 1.77777777777779e-10
253 344 4.44444444444448e-11
253 343 1.11111111111112e-11
253 163 1.11111111111112e-11
253 254 4.44444444444450e-11
253 162 4.44444444444448e-11
253 345 1.11111111111112e-11
253 252 4.44444444444447e-11
253 161 1.11111111111112e-11
254 254 1.77777777777778e-10
254 345 4.44444444444445e-11
254 344 1.11111111111112e-11
254 164 1.11111111111110e-11
254 255 4.44444444444440e-11
254 163 4.44444444444445e-11
254 346 1.11111111111110e-11
254 253 4.44444444444450e-11
254 162 1.11111111111112e-11
255 255 1.77777777777777e-10
255 346 4.44444444444442e-11
255 345 1.11111111111110e-11
255 165 1.11111111111111e-11
255 256 4.44444444444445e-11
255 164 4.44444444444442e-11
255 347 1.11111111111111e-11
255 254 4.44444444444440e-11
255 163 1.11111111111110e-11
256 256 1.77777777777777e-10
256 347 4.44444444444444e-11
256 346 1.11111111111111e-11
256 166 1.11111111111111e-11
256 257 4.44444444444443e-11
256 165 4.44444444444444e-11
256 348 1.11111111111111e-11
256 255 4.44444444444445e-11
256 164 1.11111111111111e-11
257 257 1.77777777777778e-10
257 348 4.44444444444444e-11
257 347 1.11111111111111e-11
257 167 1.11111111111111e-11
257 258 4.44444444444445e-11
257 166 4.44444444444444e-11
257 349 1.11111111111111e-11
257 256 4.44444444444443e-11
257 165 1.11111111111111e-11
258 258 1.77777777777777e-10
258 349 4.44444444444441e-11
258 348 1.11111111111111e-11
258 168 1.11111111111109e-11
258 259 4.44444444444437e-11
258 167 4.44444444444441e-11
258 350 1.11111111111109e-11
258 257 4.44444444444445e-11
258 166 1.11111111111111e-11
259 259 1.77777777777777e-10
259 350 4.44444444444444e-11
259 349 1.11111111111109e-11
259 169 1.11111111111112e-11
259 260 4.44444444444450e-11
259 168 4.44444444444444e-11
259 351 1.11111111111112e-11
259 258 4.44444444444437e-11
259 167 1.11111111111109e-11
260 260 1.77777777777779e-10
260 351 4.44444444444448e-11
260 350 1.11111111111112e-11
260 170 1.11111111111111e-11
260 261 4.44444444444445e-11
260 169 4.44444444444447e-11
260 352 1.11111111111111e-11
260 259 4.44444444444450e-11
260 168 1.11111111111112e-11
261 261 1.77777777777779e-10
261 352 4.44444444444446e-11
261 351 1.11111111111111e-11
261 171 1.11111111111112e-11
261 262 4.44444444444448e-11
261 170 4.44444444444446e-11
261 353 1.11111111111112e-11
261 260 4.44444444444445e-11
261 169 1.11111111111111e-11
262 262 1.77777777777778e-10
262 353 4.44444444444444e-11
262 352 1.11111111111112e-11
262 172 1.11111111111110e-11
262 263 4.44444444444440e-11
262 171 4.44444444444444e-11
262 354 1.11111111111110e-11
262 261 4.44444444444448e-11
262 170 1.11111111111112e-11
263 263 1.77777777777777e-10
263 354 4.44444444444443e-11
263 353 1.11111111111110e-11
263 173 1.11111111111111e-11
263 264 4.44444444444445e-11
263 172 4.44444444444443e-11
263 355 1.11111111111111e-11
263 262 4.44444444444440e-11
263 171 1.11111111111110e-11
264 264 1.77777777777778e-10
264 355 4.44444444444445e-11
264 354 1.11111111111111e-11
264 174 1.11111111111111e-11
264 265 4.44444444444445e-11
264 173 4.44444444444445e-11
264 356 1.11111111111111e-11
264 263 4.44444444444445e-11
264 172 1.11111111111111e-11
265 265 1.77777777777778e-10
265 356 4.44444444444445e-11
265 355 1.11111111111111e-11
265 175 1.11111111111111e-11
265 266 4.44444444444446e-11
265 174 4.44444444444445e-11
265 357 1.11111111111111e-11
265 264 4.44444444444445e-11
265 173 1.11111111111111e-11
266 266 1.77777777777777e-10
266 357 4.44444444444442e-11
266 356 1.11111111111111e-11
266 176 1.11111111111109e-11
266 267 4.44444444444438e-11
266 175 4.44444444444442e-11
266 358 1.11111111111109e-11
266 265 4.44444444444446e-11
266 174 1.11111111111111e-11
267 267 1.77777777777777e-10
267 358 4.44444444444443e-11
267 357 1.11111111111109e-11
267 177 1.11111111111112e-11
267 268 4.44444444444448e-11
267 176 4.44444444444443e-11
267 359 1.11111111111112e-11
267 266 4.44444444444438e-11
267 175 1.11111111111109e-11
268 268 1.77777777777779e-10
268 359 4.44444444444447e-11
268 358 1.11111111111112e-11
268 178 1.11111111111111e-11
268 269 4.44444444444446e-11
268 177 4.44444444444447e-11
268 360 1.11111111111111e-11
268 267 4.44444444444448e-11
268 176 1.11111111111112e-11
269 269 1.77777777777778e-10
269 360 4.44444444444446e-11
269 359 1.11111111111111e-11
269 179 1.11111111111111e-11
269 270 4.44444444444446e-11
269 178 4.44444444444446e-11
269 361 1.11111111111111e-11
269 268 4.44444444444446e-11
269 177 1.11111111111111e-11
270 270 1.77777777777777e-10
270 361 4.44444444444443e-11
270 360 1.11111111111111e-11
270 180 1.11111111111110e-11
270 271 4.44444444444440e-11
270 179 4.44444444444443e-11
270 362 1.11111111111110e-11
270 269 4.44444444444446e-11
270 178 1.11111111111111e-11
271 271 1.77777777777777e-10
271 362 4.44444444444443e-11
271 361 1.11111111111110e-11
271 181 1.11111111111111e-11
271 272 4.44444444444446e-11
271 180 4.44444444444443e-11
271 363 1.11111111111111e-11
271 270 4.44444444444440e-11
271 179 1.11111111111110e-11
272 272 8.88888888888891e-11
272 362 1.11111111111111e-11
272 181 2.22222222222223e-11
272 363 2.22222222222223e-11
272 271 4.44444444444446e-11
272 180 1.11111111111111e-11
273 273 4.44444444444445e-17
273 274 2.22222222222222e-17
273 183 1.11111111111111e-17
273 182 2.22222222222222e-17
274 274 8.88888888888889e-17
274 275 2.22222222222222e-17
274 183 4.44444444444445e-17
274 184 1.11111111111111e-17
274 273 2.22222222222222e-17
274 182 1.11111111111111e-17
275 275 8.88888888888889e-17
275 276 2.22222222222222e-17
275 184 4.44444444444445e-17
275 185 1.11111111111111e-17
275 274 2.22222222222222e-17
275 183 1.11111111111111e-17
276 276 8.88888888888889e-17
276 277 2.22222222222222e-17
276 185 4.44444444444445e-17
276 186 1.11111111111111e-17
276 275 2.22222222222222e-17
276 184 1.11111111111111e-17
277 277 8.88888888888889e-17
277 278 2.22222222222222e-17
277 186 4.44444444444445e-17
277 187 1.11111111111111e-17
277 276 2.22222222222222e-17
277 185 1.11111111111111e-17
278 278 8.88888888888889e-17
278 279 2.22222222222222e-17
278 187 4.44444444444445e-17
278 188 1.11111111111111e-17
278 277 2.22222222222222e-17
278 186 1.11111111111111e-17
279 279 8.88888888888889e-17
279 280 2.22222222222222e-17
279 188 4.44444444444444e-17
279 189 1.11111111111111e-17
279 278 2.22222222222222e-17
279 187 1.11111111111111e-17
280 280 8.88888888888889e-17
280 281 2.22222222222222e-17
280 189 4.44444444444445e-17
280 190 1.11111111111111e-17
280 279 2.22222222222222e-17
280 188 1.11111111111111e-17
281 281 8.88888888888890e-17
281 282 2.22222222222222e-17
281 190 4.44444444444445e-17
281 191 1.11111111111111e-17
281 280 2.22222222222222e-17
281 189 1.11111111111111e-17
282 282 8.88888888888890e-17
282 283 2.22222222222222e-17
282 191 4.44444444444445e-17
282 192 1.11111111111111e-17
282 281 2.22222222222222e-17
282 190 1.11111111111111e-17
283 283 8.88888888888889e-17
283 284 2.22222222222222e-17
283 192 4.44444444444445e-17
283 193 1.11111111111111e-17
283 282 2.22222222222222e-17
283 191 1.11111111111111e-17
284 284 8.88888888888889e-17
284 285 2.22222222222222e-17
284 193 4.44444444444445e-17
284 194 1.11111111111111e-17
284 283 2.22222222222222e-17
284 192 1.11111111111111e-17
285 285 8.88888888888889e-17
285 286 2.22222222222222e-17
285 194 4.44444444444444e-17
285 195 1.11111111111111e-17
285 284 2.22222222222222e-17
285 193 1.11111111111111e-17
286 286 8.88888888888889e-17
286 287 2.22222222222222e-17
286 195 4.44444444444444e-17
286 196 1.11111111111111e-17
286 285 2.22222222222222e-17
286 194 1.11111111111111e-17
287 287 8.88888888888890e-17
287 288 2.22222222222222e-17
287 196 4.44444444444445e-17
287 197 1.11111111111111e-17
287 286 2.22222222222222e-17
287 195 1.11111111111111e-17
288 288 8.88888888888890e-17
288 289 2.22222222222223e-17
288 197 4.44444444444445e-17
288 198 1.11111111111111e-17
288 287 2.22222222222222e-17
288 196 1.11111111111111e-17
289 289 8.88888888888890e-17
289 290 2.22222222222223e-17
289 198 4.44444444444445e-17
289 199 1.11111111111111e-17
289 288 2.22222222222223e-17
289 197 1.11111111111111e-17
290 290 8.88888888888890e-17
290 291 2.22222222222222e-17
290 199 4.44444444444445e-17
290 200 1.11111111111111e-17
290 289 2.22222222222223e-17
290 198 1.11111111111111e-17
291 291 8.88888888888889e-17
291 292 2.22222222222222e-17
291 200 4.44444444444445e-17
291 201 1.11111111111111e-17
291 290 2.22222222222222e-17
291 199 1.11111111111111e-17
292 292 8.88888888888889e-17
292 293 2.22222222222222e-17
292 201 4.44444444444445e-17
292 202 1.11111111111111e-17
292 291 2.22222222222222e-17
292 200 1.11111111111111e-17
293 293 8.88888888888889e-17
293 294 2.22222222222222e-17
293 202 4.44444444444445e-17
293 203 1.11111111111111e-17
293 292 2.22222222222222e-17
293 201 1.11111111111111e-17
294 294 8.88888888888889e-17
294 295 2.22222222222222e-17
294 203 4.44444444444445e-17
294 204 1.11111111111111e-17
294 293 2.22222222222222e-17
294 202 1.11111111111111e-17
295 295 8.88888888888889e-17
295 296 2.22222222222222e-17
295 204 4.44444444444445e-17
295 205 1.11111111111111e-17
295 294 2.22222222222222e-17
295 203 1.11111111111111e-17
296 296 8.88888888888889e-17
296 297 2.22222222222222e-17
296 205 4.44444444444445e-17
296 206 1.11111111111111e-17
296 295 2.22222222222222e-17
296 204 1.11111111111111e-17
297 297 8.88888888888890e-17
297 298 2.22222222222222e-17
297 206 4.44444444444445e-17
297 207 1.11111111111111e-17
297 296 2.22222222222222e-17
297 205 1.11111111111111e-17
298 298 8.88888888888888e-17
298 299 2.22222222222222e-17
298 207 4.44444444444444e-17
298 208 1.11111111111111e-17
298 297 2.22222222222222e-17
298 206 1.11111111111111e-17
299 299 8.88888888888890e-17
299 300 2.22222222222223e-17
299 208 4.44444444444445e-17
299 209 1.11111111111112e-17
299 298 2.22222222222222e-17
299 207 1.11111111111111e-17
300 300 8.88888888888890e-17
300 301 2.22222222222222e-17
300 209 4.44444444444445e-17
300 210 1.11111111111111e-17
300 299 2.22222222222223e-17
300 208 1.11111111111112e-17
301 301 8.88888888888889e-17
301 302 2.22222222222223e-17
301 210 4.44444444444444e-17
301 211 1.11111111111111e-17
301 300 2.22222222222222e-17
301 209 1.11111111111111e-17
302 302 8.88888888888889e-17
302 303 2.22222222222222e-17
302 211 4.44444444444444e-17
302 212 1.11111111111111e-17
302 301 2.22222222222223e-17
302 210 1.11111111111111e-17
303 303 8.88888888888890e-17
303 304 2.22222222222223e-17
303 212 4.44444444444445e-17
303 213 1.11111111111112e-17
303 302 2.22222222222222e-17
303 211 1.11111111111111e-17
304 304 8.88888888888891e-17
304 305 2.22222222222222e-17
304 213 4.44444444444445e-17
304 214 1.11111111111111e-17
304 303 2.22222222222223e-17
304 212 1.11111111111112e-17
305 305 8.88888888888891e-17
305 306 2.22222222222223e-17
305 214 4.44444444444445e-17
305 215 1.11111111111112e-17
305 304 2.22222222222222e-17
305 213 1.11111111111111e-17
306 306 8.88888888888891e-17
306 307 2.22222222222222e-17
306 215 4.44444444444446e-17
306 216 1.11111111111111e-17
306 305 2.22222222222223e-17
306 214 1.11111111111112e-17
307 307 8.88888888888887e-17
307 308 2.22222222222221e-17
307 216 4.44444444444443e-17
307 217 1.11111111111110e-17
307 306 2.22222222222222e-17
307 215 1.11111111111111e-17
308 308 8.88888888888890e-17
308 309 2.22222222222224e-17
308 217 4.44444444444445e-17
308 218 1.11111111111112e-17
308 307 2.22222222222221e-17
308 216 1.11111111111110e-17
309 309 8.88888888888890e-17
309 310 2.22222222222221e-17
309 218 4.44444444444446e-17
309 219 1.11111111111111e-17
309 308 2.22222222222224e-17
309 217 1.11111111111112e-17
310 310 8.88888888888888e-17
310 311 2.22222222222223e-17
310 219 4.44444444444445e-17
310 220 1.11111111111111e-17
310 309 2.22222222222221e-17
310 218 1.11111111111111e-17
311 311 8.88888888888888e-17
311 312 2.22222222222221e-17
311 220 4.44444444444444e-17
311 221 1.11111111111111e-17
311 310 2.22222222222223e-17
311 219 1.11111111111111e-17
312 312 8.88888888888888e-17
312 313 2.22222222222223e-17
312 221 4.44444444444445e-17
312 222 1.11111111111112e-17
312 311 2.22222222222221e-17
312 220 1.11111111111111e-17
313 313 8.88888888888888e-17
313 314 2.22222222222221e-17
313 222 4.44444444444444e-17
313 223 1.11111111111110e-17
313 312 2.22222222222223e-17
313 221 1.11111111111112e-17
314 314 8.88888888888888e-17
314 315 2.22222222222223e-17
314 223 4.44444444444444e-17
314 224 1.11111111111111e-17
314 313 2.22222222222221e-17
314 222 1.11111111111110e-17
315 315 8.88888888888889e-17
315 316 2.22222222222221e-17
315 224 4.44444444444444e-17
315 225 1.11111111111111e-17
315 314 2.22222222222223e-17
315 223 1.11111111111111e-17
316 316 8.88888888888889e-17
316 317 2.22222222222223e-17
316 225 4.44444444444444e-17
316 226 1.11111111111111e-17
316 315 2.22222222222221e-17
316 224 1.11111111111111e-17
317 317 8.88888888888889e-17
317 318 2.22222222222222e-17
317 226 4.44444444444445e-17
317 227 1.11111111111111e-17
317 316 2.22222222222223e-17
317 225 1.11111111111111e-17
318 318 8.88888888888889e-17
318 319 2.22222222222223e-17
318 227 4.44444444444445e-17
318 228 1.11111111111111e-17
318 317 2.22222222222222e-17
318 226 1.11111111111111e-17
319 319 8.88888888888889e-17
319 320 2.22222222222222e-17
319 228 4.44444444444445e-17
319 229 1.11111111111111e-17
319 318 2.22222222222223e-17
319 227 1.11111111111111e-17
320 320 8.88888888888890e-17
320 321 2.22222222222223e-17
320 229 4.44444444444445e-17
320 230 1.11111111111112e-17
320 319 2.22222222222222e-17
320 228 1.11111111111111e-17
321 321 8.88888888888890e-17
321 322 2.22222222222222e-17
321 230 4.44444444444445e-17
321 231 1.11111111111111e-17
321 320 2.22222222222223e-17
321 229 1.11111111111112e-17
322 322 8.88888888888890e-17
322 323 2.22222222222223e-17
322 231 4.44444444444445e-17
322 232 1.11111111111112e-17
322 321 2.22222222222222e-17
322 230 1.11111111111111e-17
323 323 8.88888888888893e-17
323 324 2.22222222222223e-17
323 232 4.44444444444446e-17
323 233 1.11111111111112e-17
323 322 2.22222222222223e-17
323 231 1.11111111111112e-17
324 324 8.88888888888888e-17
324 325 2.22222222222220e-17
324 233 4.44444444444444e-17
324 234 1.11111111111110e-17
324 323 2.22222222222223e-17
324 232 1.11111111111112e-17
325 325 8.88888888888887e-17
325 326 2.22222222222223e-17
325 234 4.44444444444443e-17
325 235 1.11111111111112e-17
325 324 2.22222222222220e-17
325 233 1.11111111111110e-17
326 326 8.88888888888893e-17
326 327 2.22222222222223e-17
326 235 4.44444444444446e-17
326 236 1.11111111111112e-17
326 325 2.22222222222223e-17
326 234 1.11111111111112e-17
327 327 8.88888888888891e-17
327 328 2.22222222222222e-17
327 236 4.44444444444445e-17
327 237 1.11111111111111e-17
327 326 2.22222222222223e-17
327 235 1.11111111111112e-17
328 328 8.88888888888886e-17
328 329 2.22222222222221e-17
328 237 4.44444444444443e-17
328 238 1.11111111111110e-17
328 327 2.22222222222222e-17
328 236 1.11111111111111e-17
329 329 8.88888888888888e-17
329 330 2.22222222222223e-17
329 238 4.44444444444444e-17
329 239 1.11111111111112e-17
329 328 2.22222222222221e-17
329 237 1.11111111111110e-17
330 330 3.36761753793154e-16
330 331 2.70095087126487e-16
330 239 1.68380876896577e-16
330 240 1.35047543563244e-16
330 329 2.22222222222223e-17
330 238 1.11111111111112e-17
331 331 5.49511581578649e-14
331 332 5.36451271666769e-14
331 240 2.74755790789324e-14
331 241 2.68225635833384e-14
331 330 2.70095087126487e-16
331 239 1.35047543563244e-16
332 332 5.87613139867551e-12
332 333 5.60894169874619e-12
332 241 2.93806569933775e-12
332 242 2.80447084937309e-12
332 331 5.36451271666769e-14
332 240 2.68225635833384e-14
333 333 4.44444444444444e-11
333 334 1.66132805234760e-11
333 242 2.22222222222222e-11
333 243 8.30664026173799e-12
333 332 5.60894169874619e-12
333 241 2.80447084937309e-12
334 334 8.30127574902136e-11
334 335 2.21685770950557e-11
334 243 4.15063787451068e-11
334 244 1.10842885475278e-11
334 333 1.66132805234760e-11
334 242 8.30664026173799e-12
335 335 8.88339475914521e-11
335 336 2.22219619878557e-11
335 244 4.44169737957259e-11
335 245 1.11109809939278e-11
335 334 2.21685770950557e-11
335 243 1.10842885475278e-11
336 336 8.88886223965317e-11
336 337 2.22222209657944e-11
336 245 4.44443111982658e-11
336 246 1.11111104828972e-11
336 335 2.22219619878557e-11
336 244 1.11109809939278e-11
337 337 8.88888876022479e-11
337 338 2.22222222161564e-11
337 246 4.44444438011239e-11
337 247 1.11111111080782e-11
337 336 2.22222209657944e-11
337 245 1.11111104828972e-11
338 338 8.88888888826778e-11
338 339 2.22222222221931e-11
338 247 4.44444444413388e-11
338 248 1.11111111110965e-11
338 337 2.22222222161564e-11
338 246 1.11111111080782e-11
339 339 8.88888888888591e-11
339 340 2.22222222222220e-11
339 248 4.44444444444295e-11
339 249 1.11111111111110e-11
339 338 2.22222222221931e-11
339 247 1.11111111110965e-11
340 340 8.88888888888885e-11
340 341 2.22222222222222e-11
340 249 4.44444444444443e-11
340 250 1.11111111111111e-11
340 339 2.22222222222220e-11
340 248 1.11111111111110e-11
341 341 8.88888888888887e-11
341 342 2.22222222222222e-11
341 250 4.44444444444443e-11
341 251 1.11111111111111e-11
341 340 2.22222222222222e-11
341 249 1.11111111111111e-11
342 342 8.88888888888882e-11
342 343 2.22222222222219e-11
342 251 4.44444444444441e-11
342 252 1.11111111111110e-11
342 341 2.22222222222222e-11
342 250 1.11111111111111e-11
343 343 8.88888888888887e-11
343 344 2.22222222222224e-11
343 252 4.44444444444443e-11
343 253 1.11111111111112e-11
343 342 2.22222222222219e-11
343 251 1.11111111111110e-11
344 344 8.88888888888897e-11
344 345 2.22222222222225e-11
344 253 4.44444444444448e-11
344 254 1.11111111111112e-11
344 343 2.22222222222224e-11
344 252 1.11111111111112e-11
345 345 8.88888888888888e-11
345 346 2.22222222222219e-11
345 254 4.44444444444445e-11
345 255 1.11111111111110e-11
345 344 2.22222222222225e-11
345 253 1.11111111111112e-11
346 346 8.88888888888882e-11
346 347 2.22222222222222e-11
346 255 4.44444444444442e-11
346 256 1.11111111111111e-11
346 345 2.22222222222219e-11
346 254 1.11111111111110e-11
347 347 8.88888888888888e-11
347 348 2.22222222222222e-11
347 256 4.44444444444444e-11
347 257 1.11111111111111e-11
347 346 2.22222222222222e-11
347 255 1.11111111111111e-11
348 348 8.88888888888889e-11
348 349 2.22222222222222e-11
348 257 4.44444444444444e-11
348 258 1.11111111111111e-11
348 347 2.22222222222222e-11
348 256 1.11111111111111e-11
349 349 8.88888888888883e-11
349 350 2.22222222222219e-11
349 258 4.44444444444441e-11
349 259 1.11111111111109e-11
349 348 2.22222222222222e-11
349 257 1.11111111111111e-11
350 350 8.88888888888888e-11
350 351 2.22222222222225e-11
350 259 4.44444444444444e-11
350 260 1.11111111111112e-11
350 349 2.22222222222219e-11
350 258 1.11111111111109e-11
351 351 8.88888888888894e-11
351 352 2.22222222222222e-11
351 260 4.44444444444448e-11
351 261 1.11111111111111e-11
351 350 2.22222222222225e-11
351 259 1.11111111111112e-11
352 352 8.88888888888890e-11
352 353 2.22222222222222e-11
352 261 4.44444444444446e-11
352 262 1.11111111111112e-11
352 351 2.22222222222222e-11
352 260 1.11111111111111e-11
353 353 8.88888888888885e-11
353 354 2.22222222222220e-11
353 262 4.44444444444444e-11
353 263 1.11111111111110e-11
353 352 2.22222222222222e-11
353 261 1.11111111111112e-11
354 354 8.88888888888884e-11
354 355 2.22222222222222e-11
354 263 4.44444444444443e-11
354 264 1.11111111111111e-11
354 353 2.22222222222220e-11
354 262 1.11111111111110e-11
355 355 8.88888888888889e-11
355 356 2.22222222222222e-11
355 264 4.44444444444445e-11
355 265 1.11111111111111e-11
355 354 2.22222222222222e-11
355 263 1.11111111111111e-11
356 356 8.88888888888890e-11
356 357 2.22222222222223e-11
356 265 4.44444444444445e-11
356 266 1.11111111111111e-11
356 355 2.22222222222222e-11
356 264 1.11111111111111e-11
357 357 8.88888888888885e-11
357 358 2.22222222222220e-11
357 266 4.44444444444442e-11
357 267 1.11111111111109e-11
357 356 2.22222222222223e-11
357 265 1.11111111111111e-11
358 358 8.88888888888884e-11
358 359 2.22222222222222e-11
358 267 4.44444444444443e-11
358 268 1.11111111111112e-11
358 357 2.22222222222220e-11
358 266 1.11111111111109e-11
359 359 8.88888888888891e-11
359 360 2.22222222222223e-11
359 268 4.44444444444447e-11
359 269 1.11111111111111e-11
359 358 2.22222222222222e-11
359 267 1.11111111111112e-11
360 360 8.88888888888891e-11
360 361 2.22222222222223e-11
360 269 4.44444444444446e-11
360 270 1.11111111111111e-11
360 359 2.22222222222223e-11
360 268 1.11111111111111e-11
361 361 8.88888888888885e-11
361 362 2.22222222222220e-11
361 270 4.44444444444443e-11
361 271 1.11111111111110e-11
361 360 2.22222222222223e-11
361 269 1.11111111111111e-11
362 362 8.88888888888886e-11
362 363 2.22222222222223e-11
362 271 4.44444444444443e-11
362 272 1.11111111111111e-11
362 361 2.22222222222220e-11
362 270 1.11111111111110e-11
363 363 4.44444444444446e-11
363 272 2.22222222222223e-11
363 362 2.22222222222223e-11
363 271 1.11111111111111e-11
