FiniteElementSpace
FiniteElementCollection: H1_2D_P1
VDim: 1
Ordering: 0

0.3
0.3
0.3
0.3
0.3
0.3
0.3
0.3
0.3
0.3
0.3
0.3
0.3
0.3
0.3
0.3
0.3
0.3
0.3
0.3
0.3
0.3
0.3
0.3
0.3
0.3
0.3
0.3
0.3
0.3
0.3
0.3
0.3
0.3
0.3
0.3
0.3
0.3
0.3
0.3
0.3
0.3
0.3
0.3
0.3
0.3
0.3
0.3
0.3
0.3
0.3
0.3
0.3
0.3
0.3
0.3
0.3
0.3
0.2999943344703938
0.3000000754177776
0.3000000443543437
0.3000000155193099
0.2999999051154003
0.3000000698361074
0.2999998523754748
0.3000004006819973
0.2999990665939248
0.3000011332859691
0.2999978910274019
0.2999998019890145
0.3000005023870702
0.3000000779560055
0.3000000668065719
0.3000000685779404
0.3000000681560671
0.3000000682038245
0.300000068257587
0.3000000681962097
0.3000000682232081
0.3000000682284106
0.3000000682194143
0.3000000682213752
0.3000000682214776
0.3000000682214583
0.3000000682214629
0.3000000682214621
0.3000000682214624
0.3000000682214609
0.3000000682214624
0.3000000682214616
0.3000000682214622
0.3
0.3
0.3
0.3
0.3
0.3
0.3
0.3
0.3
0.3
0.3
0.3
0.3
0.3
0.3
0.3
0.3
0.3
0.3
0.3
0.3
0.3
0.3
0.3
0.3
0.3
0.3
0.3
0.3
0.3
0.3
0.3
0.3
0.3
0.3
0.3
0.3
0.3
0.3
0.3
0.3
0.3
0.3
0.3
0.3
0.3
0.3
0.3
0.3
0.3
0.3
0.3
0.3
0.3
0.3
0.3
0.3
0.3
0.2999943344703925
0.3000000754177783
0.3000000443543441
0.3000000155193102
0.2999999051154006
0.3000000698361071
0.2999998523754751
0.3000004006819967
0.2999990665939241
0.3000011332859697
0.2999978910274025
0.299999801989015
0.3000005023870694
0.3000000779560072
0.3000000668065708
0.3000000685779407
0.3000000681560664
0.3000000682038243
0.3000000682575868
0.3000000681962096
0.3000000682232083
0.3000000682284112
0.3000000682194144
0.3000000682213755
0.3000000682214783
0.300000068221459
0.3000000682214614
0.300000068221462
0.3000000682214616
0.300000068221462
0.3000000682214617
0.3000000682214619
0.3000000682214616
0.3
0.3
0.3
0.3
0.3
0.3
0.3
0.3
0.3
0.3
0.3
0.3
0.3
0.3
0.3
0.3
0.3
0.3
0.3
0.3
0.3
0.3
0.3
0.3
0.3
0.3
0.3
0.3
0.3
0.3
0.3
0.3
0.3
0.3
0.3
0.3
0.3
0.3
0.3
0.3
0.3
0.3
0.3
0.3
0.3
0.3
