FiniteElementSpace
FiniteElementCollection: H1_2D_P1
VDim: 1
Ordering: 0

0.001000000102351552
0.001000000102384261
0.001000000102481644
0.001000000102642588
0.001000000102865684
0.001000000103147661
0.001000000103484251
0.001000000103874364
0.001000000104309727
0.001000000104787428
0.001000000105298748
0.001000000105839856
0.001000000106400819
0.001000000106976593
0.001000000107555643
0.001000000108130428
0.001000000108685628
0.00100000010920835
0.001000000109676793
0.00100000011007283
0.001000000110376162
0.001000000110586173
0.001000000110727368
0.001000000110873543
0.001000000111112051
0.001000000111395241
0.001000000110996331
0.001000000107282923
0.001000000116641095
0.001000000144719949
0.001000000133135072
0.001000000125458593
0.00100000010595307
0.00100000008676963
0.001000000064639832
0.001000000040671144
0.001000000016771969
0.0009999999941746626
0.000999999971462825
0.000999999949812683
0.000999999930235283
0.0009999999115908652
0.0009999998939538132
0.0009999998782349126
0.000999999863804383
0.0009999998503111476
0.0009999998383032212
0.0009999998275516063
0.0009999998177298193
0.0009999998090288729
0.0009999998013410405
0.000999999794542427
0.0009999997886820709
0.0009999997835533512
0.0009999997791949561
0.0009999997757223155
0.0009999997728103538
0.0009999997704874801
0.0009999997690466297
0.0009999997681468839
0.0009999997674573211
0.0009999997672347819
0.0009999997785104062
0.0009999996014421373
0.0009999982120998008
0.0009999962396219117
0.0009999946669712401
0.0009999935040328567
0.0009999914300663874
0.0009999896205325509
0.0009999887824926666
0.0009999868230799484
0.0009999845539781828
0.0009999839388604617
0.0009999824750238841
0.0009999797095943154
0.0009999789641395411
0.0009999783436071398
0.0009999754113669301
0.0009999740866055836
0.0009999743529677586
0.0009999719199759803
0.0009999697944721149
0.0009999705368852476
0.0009999692834216751
0.0009999667088416311
0.0009999672929626321
0.0009999672024090321
0.000999963819517651
0.0009999641015783528
0.0009999663090038936
0.001000000102351553
0.00100000010238426
0.001000000102481644
0.001000000102642588
0.001000000102865685
0.001000000103147662
0.001000000103484249
0.001000000103874364
0.001000000104309726
0.001000000104787428
0.001000000105298747
0.001000000105839857
0.001000000106400819
0.00100000010697659
0.001000000107555644
0.001000000108130429
0.001000000108685628
0.00100000010920835
0.001000000109676793
0.001000000110072834
0.001000000110376163
0.001000000110586172
0.001000000110727368
0.001000000110873541
0.001000000111112049
0.001000000111395244
0.001000000110996329
0.001000000107282924
0.001000000116641094
0.001000000144719947
0.00100000013313507
0.001000000125458594
0.00100000010595307
0.001000000086769629
0.001000000064639831
0.001000000040671145
0.001000000016771967
0.0009999999941746652
0.0009999999714628239
0.0009999999498126839
0.0009999999302352832
0.000999999911590865
0.0009999998939538141
0.0009999998782349109
0.000999999863804384
0.000999999850311145
0.0009999998383032204
0.0009999998275516059
0.0009999998177298173
0.0009999998090288724
0.0009999998013410407
0.0009999997945424278
0.0009999997886820701
0.0009999997835533501
0.0009999997791949569
0.0009999997757223157
0.0009999997728103534
0.0009999997704874804
0.0009999997690466314
0.000999999768146883
0.0009999997674573198
0.000999999767234783
0.0009999997785104049
0.0009999996014421336
0.000999998212099801
0.0009999962396219119
0.0009999946669712403
0.000999993504032858
0.0009999914300663883
0.0009999896205325504
0.0009999887824926655
0.0009999868230799495
0.0009999845539781843
0.0009999839388604608
0.0009999824750238819
0.0009999797095943169
0.000999978964139542
0.0009999783436071389
0.0009999754113669318
0.0009999740866055817
0.0009999743529677588
0.0009999719199759785
0.0009999697944721158
0.0009999705368852476
0.0009999692834216747
0.0009999667088416333
0.0009999672929626331
0.000999967202409031
0.0009999638195176503
0.000999964101578353
0.0009999663090038934
0.001000000102351554
0.001000000102384258
0.001000000102481644
0.001000000102642587
0.001000000102865686
0.001000000103147661
0.001000000103484251
0.001000000103874366
0.001000000104309725
0.001000000104787429
0.001000000105298748
0.001000000105839855
0.001000000106400819
0.00100000010697659
0.001000000107555642
0.00100000010813043
0.001000000108685629
0.001000000109208351
0.001000000109676792
0.001000000110072834
0.001000000110376163
0.00100000011058617
0.001000000110727367
0.001000000110873542
0.00100000011111205
0.001000000111395242
0.00100000011099633
0.001000000107282923
0.001000000116641097
0.001000000144719949
0.00100000013313507
0.001000000125458594
0.001000000105953071
0.001000000086769629
0.001000000064639832
0.001000000040671146
0.00100000001677197
0.0009999999941746646
0.0009999999714628239
0.0009999999498126852
0.0009999999302352845
0.0009999999115908656
0.000999999893953813
0.0009999998782349116
0.0009999998638043827
0.0009999998503111441
0.0009999998383032195
0.0009999998275516053
0.0009999998177298187
0.0009999998090288718
0.0009999998013410407
0.0009999997945424261
0.0009999997886820709
0.0009999997835533504
0.0009999997791949567
0.0009999997757223161
0.0009999997728103532
0.0009999997704874806
0.0009999997690466299
0.0009999997681468832
0.0009999997674573215
0.0009999997672347817
0.0009999997785104075
0.0009999996014421345
0.0009999982120998
0.0009999962396219119
0.0009999946669712386
0.0009999935040328576
0.0009999914300663885
0.0009999896205325504
0.0009999887824926658
0.0009999868230799504
0.0009999845539781828
0.0009999839388604599
0.0009999824750238839
0.0009999797095943158
0.0009999789641395428
0.0009999783436071411
0.0009999754113669296
0.0009999740866055823
0.0009999743529677575
0.0009999719199759779
0.0009999697944721134
0.0009999705368852463
0.0009999692834216725
0.0009999667088416303
0.0009999672929626331
0.0009999672024090312
0.000999963819517651
0.0009999641015783502
0.0009999663090038918
0.001000000102351553
0.001000000102384261
0.001000000102481645
0.001000000102642588
0.001000000102865685
0.001000000103147661
0.00100000010348425
0.001000000103874365
0.001000000104309726
0.001000000104787427
0.001000000105298749
0.001000000105839856
0.001000000106400818
0.001000000106976591
0.001000000107555643
0.00100000010813043
0.001000000108685628
0.00100000010920835
0.001000000109676795
0.001000000110072833
0.001000000110376164
0.00100000011058617
0.001000000110727366
0.001000000110873541
0.00100000011111205
0.001000000111395242
0.001000000110996328
0.001000000107282923
0.001000000116641095
0.001000000144719949
0.00100000013313507
0.001000000125458594
0.00100000010595307
0.001000000086769629
0.001000000064639831
0.001000000040671144
0.00100000001677197
0.0009999999941746633
0.0009999999714628276
0.0009999999498126848
0.0009999999302352852
0.0009999999115908656
0.0009999998939538126
0.0009999998782349135
0.0009999998638043836
0.0009999998503111452
0.0009999998383032208
0.0009999998275516037
0.0009999998177298173
0.0009999998090288735
0.0009999998013410405
0.0009999997945424257
0.0009999997886820709
0.0009999997835533514
0.0009999997791949567
0.000999999775722317
0.0009999997728103534
0.0009999997704874793
0.0009999997690466292
0.0009999997681468839
0.0009999997674573218
0.0009999997672347823
0.0009999997785104049
0.000999999601442139
0.0009999982120998008
0.0009999962396219106
0.0009999946669712392
0.000999993504032855
0.0009999914300663883
0.0009999896205325467
0.0009999887824926668
0.000999986823079949
0.0009999845539781825
0.0009999839388604599
0.0009999824750238832
0.0009999797095943176
0.0009999789641395433
0.0009999783436071394
0.0009999754113669311
0.0009999740866055817
0.0009999743529677597
0.0009999719199759794
0.0009999697944721138
0.0009999705368852461
0.0009999692834216734
0.0009999667088416322
0.0009999672929626325
0.000999967202409031
0.0009999638195176503
0.0009999641015783513
0.0009999663090038929
