-0.0003241418576
-0.0003099031894
-0.0002968794444
-0.000285139283
-0.0002747490937
-0.0002657714957
-0.0002582637437
-0.0002522761123
-0.0002478503483
-0.0002450182939
-0.0002438007793
-0.0002442068707
-0.0002462335367
-0.0002498657601
-0.0002550770867
-0.0002618305645
-0.0002700799976
-0.0002797714214
-0.0002908446963
-0.0003032351236
-0.000316875
-0.0003316950458
-0.0003476256632
-0.000364598001
-0.0003825448185
-0.0004014011565
-0.0004211048305
-0.0004415967672
-0.0004628212086
-0.0004847258081
-0.0005072616396
-0.0005303831409
-0.0005540480088
-0.0005782170592
-0.0006028540658
-0.000627925585
-0.0006534007753
-0.0006792512163
-0.0007054507311
-0.0007319752152
-0.0007588024733
-0.0007859120656
-0.0008132851638
-0.0008409044173
-0.0008687538297
-0.0008968186439
-0.0009250852379
-0.0009535410283
-0.0009821743824
-0.001010974538
-0.001039931529
-0.001069036122
-0.001098279749
-0.001127654459
-0.001157152864
-0.001186768092
-0.001216493746
-0.001246323868
-0.001276252902
-0.001306275661
-0.001336387302
-0.0002953756236
-0.0002805408274
-0.0002669492763
-0.0002546776743
-0.0002438007793
-0.000234389634
-0.0002265096429
-0.0002202185871
-0.0002155646956
-0.0002125849058
-0.0002113034516
-0.0002117308983
-0.0002138637119
-0.0002176844041
-0.0002231622382
-0.000230254431
-0.0002389077448
-0.0002490603392
-0.0002606437439
-0.000273584826
-0.0002878076458
-0.0003032351236
-0.0003197904711
-0.0003373983649
-0.0003559858661
-0.0003754831006
-0.0003958237283
-0.0004169452324
-0.0004387890616
-0.0004613006559
-0.0004844293843
-0.0005081284176
-0.0005323545576
-0.0005570680371
-0.0005822323042
-0.0006078138001
-0.0006337817378
-0.0006601078858
-0.0006867663611
-0.0007137334332
-0.0007409873406
-0.0007685081201
-0.000796277449
-0.0008242785005
-0.0008524958106
-0.0008809151567
-0.0009095234477
-0.000938308623
-0.0009672595615
-0.000996365999
-0.001025618453
-0.001055008153
-0.001084526984
-0.001114167423
-0.001143922495
-0.001173785724
-0.001203751092
-0.001233812999
-0.001263966233
-0.001294205936
-0.001324527575
-0.0002669492763
-0.000251473643
-0.0002372684656
-0.000224419597
-0.0002130114679
-0.000203125
-0.0001948352815
-0.000188209116
-0.0001833025978
-0.0001801588937
-0.0001788064209
-0.0001792575923
-0.0001815082544
-0.0001855378764
-0.0001913104703
-0.0001987761487
-0.0002078731681
-0.0002185302739
-0.0002306691594
-0.0002442068707
-0.0002590580231
-0.0002751367409
-0.0002923582705
-0.000310640257
-0.000329903697
-0.0003500736018
-0.0003710794126
-0.0003928552125
-0.0004153397794
-0.0004384765182
-0.000462213307
-0.000486502284
-0.0005112995985
-0.0005365651413
-0.0005622622692
-0.000588357531
-0.0006148204019
-0.0006416230317
-0.0006687400072
-0.0006961481316
-0.0007238262212
-0.0007517549182
-0.000779916521
-0.0008082948286
-0.000836875
-0.0008656434274
-0.0008945876208
-0.0009236961044
-0.0009529583231
-0.000982364558
-0.00101190585
-0.001041573933
-0.001071361169
-0.001101260494
-0.001131265371
-0.001161369737
-0.00119156797
-0.001221854846
-0.00125222551
-0.00128267544
-0.001313200425
-0.0002389077448
-0.0002227425601
-0.0002078731681
-0.0001943958113
-0.0001824061098
-0.0001719966088
-0.0001632539645
-0.0001562559027
-0.0001510681458
-0.0001477415528
-0.0001463097394
-0.0001467874224
-0.0001491696752
-0.0001534321782
-0.0001595324367
-0.000167411826
-0.0001769982453
-0.000188209116
-0.0002009544677
-0.0002151398862
-0.0002306691594
-0.0002474465203
-0.0002653784431
-0.000284375
-0.0003043508131
-0.0003252256596
-0.0003469247909
-0.000369379029
-0.0003925246964
-0.0004163034272
-0.0004406618996
-0.0004655515202
-0.0004909280847
-0.0005167514305
-0.000542985095
-0.0005695959871
-0.0005965540764
-0.0006238321038
-0.0006514053151
-0.0006792512163
-0.0007073493515
-0.0007356811015
-0.0007642295024
-0.0007929790818
-0.0008219157118
-0.0008510264774
-0.0008802995582
-0.0009097241223
-0.0009392902319
-0.0009689887577
-0.0009988113032
-0.001028750136
-0.001058798127
-0.001088948696
-0.00111919576
-0.00114953369
-0.001179957274
-0.001210461675
-0.001241042404
-0.001271695288
-0.001302416444
-0.0002113034516
-0.0001943958113
-0.0001788064209
-0.000164643283
-0.0001520149601
-0.0001410277089
-0.0001317820768
-0.0001243691107
-0.0001188664305
-0.0001153345
-0.0001138134727
-0.0001143209756
-0.0001168511046
-0.0001213747631
-0.000127841299
-0.0001361812312
-0.0001463097394
-0.0001581305371
-0.0001715397677
-0.0001864296273
-0.0002026915125
-0.0002202185871
-0.0002389077448
-0.000258661002
-0.0002793863946
-0.0003009984646
-0.0003234184286
-0.00034657411
-0.0003703997059
-0.0003948354453
-0.000419827185
-0.0004453259747
-0.0004712876149
-0.000497672226
-0.0005244438356
-0.0005515699939
-0.0005790214172
-0.0006067716635
-0.0006347968364
-0.0006630753203
-0.0006915875406
-0.0007203157507
-0.0007492438406
-0.0007783571672
-0.0008076424028
-0.0008370874002
-0.0008666810726
-0.0008964132875
-0.0009262747711
-0.0009562570241
-0.000986352246
-0.001016553268
-0.001046853494
-0.001077246846
-0.001107727713
-0.001138290916
-0.001168931661
-0.00119964551
-0.001230428348
-0.001261276354
-0.001292185976
-0.0001841977247
-0.0001664904653
-0.0001501197203
-0.0001352067302
-0.000121875
-0.0001102469899
-0.0001004400094
-9.256147804e-05
-8.670386764e-05
-8.293977976e-05
-8.131770363e-05
-8.185899462e-05
-8.455649509e-05
-8.9375e-05
-9.625349812e-05
-0.0001051088668
-0.0001158405244
-0.0001283354849
-0.0001424733052
-0.0001581305371
-0.0001751844465
-0.0001935159049
-0.0002130114679
-0.0002335647315
-0.0002550770867
-0.0002774580083
-0.000300625
-0.0003245033035
-0.0003490254568
-0.0003741307664
-0.0003997647428
-0.0004258785301
-0.000452428354
-0.000479375
-0.0005066833303
-0.0005343218424
-0.0005622622692
-0.0005904792213
-0.0006189498662
-0.0006476536439
-0.0006765720147
-0.000705688236
-0.0007349871645
-0.0007644550827
-0.0007940795446
-0.0008238492402
-0.0008537538752
-0.0008837840657
-0.0009139312435
-0.0009441875738
-0.0009745458812
-0.001004999585
-0.00103554264
-0.001066169485
-0.001096875
-0.001127654459
-0.0011585035
-0.001189418086
-0.00122039448
-0.001251429218
-0.001282519083
-0.0001576624627
-0.0001390942863
-0.000121875
-0.0001061406133
-9.203181346e-05
-7.969021301e-05
-6.925343387e-05
-6.084917643e-05
-5.458865466e-05
-5.05600159e-05
-4.882253886e-05
-4.940243402e-05
-5.229090943e-05
-5.744482488e-05
-6.478982382e-05
-7.422543186e-05
-8.56313532e-05
-9.887413388e-05
-0.0001138134727
-0.0001303076769
-0.0001482180023
-0.000167411826
-0.0001877647436
-0.0002091617651
-0.0002314978072
-0.0002546776743
-0.0002786156917
-0.0003032351236
-0.0003284674733
-0.0003542517361
-0.0003805336524
-0.000407264991
-0.0004344028806
-0.0004619091966
-0.0004897500087
-0.0005178950864
-0.0005463174599
-0.0005749930334
-0.0006039002441
-0.0006330197632
-0.0006623342342
-0.000691828044
-0.0007214871217
-0.0007512987638
-0.0007812514803
-0.0008113348597
-0.0008415394516
-0.0008718566625
-0.0009022786644
-0.0009327983153
-0.0009634090874
-0.0009941050052
-0.00102488059
-0.001055730811
-0.00108665104
-0.001117637017
-0.001148684811
-0.001179790791
-0.0012109516
-0.001242164129
-0.001273425494
-0.0001317820768
-0.0001122879838
-9.414710793e-05
-7.751170851e-05
-6.254208144e-05
-4.940243402e-05
-3.825507941e-05
-2.925303171e-05
-2.253143106e-05
-1.819863131e-05
-1.632811778e-05
-1.69525409e-05
-2.006093773e-05
-2.559967364e-05
-3.347692165e-05
-4.356984241e-05
-5.573324171e-05
-6.980844245e-05
-8.56313532e-05
-0.0001030391032
-0.000121875
-0.0001419918633
-0.0001632539645
-0.0001855378764
-0.0002087325328
-0.0002327387641
-0.0002574685138
-0.000282843891
-0.0003087961633
-0.0003352647609
-0.0003621963323
-0.0003895438745
-0.0004172659474
-0.0004453259747
-0.0004736916263
-0.0005023342782
-0.0005312285414
-0.0005603518522
-0.0005896841171
-0.0006192074056
-0.0006489056831
-0.0006787645808
-0.0007087711951
-0.0007389139143
-0.0007691822676
-0.000799566794
-0.0008300589281
-0.0008606509001
-0.0008913356487
-0.0009221067445
-0.0009529583231
-0.000983885026
-0.001014881949
-0.001045944595
-0.001077068835
-0.001108250872
-0.001139487208
-0.001170774616
-0.001202110117
-0.001233490952
-0.001264914569
-0.0001066557083
-8.616790242e-05
-6.702689107e-05
-4.940243402e-05
-3.347692165e-05
-1.944107417e-05
-7.487254335e-06
2.199705327e-06
9.45374797e-06
1.413982336e-05
1.616537376e-05
1.548902367e-05
1.212468284e-05
6.140151802e-06
-2.349456222e-06
-1.319205872e-05
-2.621070992e-05
-4.121551892e-05
-5.801395038e-05
-7.641876906e-05
-9.625349812e-05
-0.0001173556633
-0.000139578284
-0.0001627901046
-0.000186875
-0.0002117308983
-0.0002372684656
-0.00026340972
-0.0002900866755
-0.0003172400764
-0.0003448182496
-0.0003727760847
-0.0004010741391
-0.0004296778621
-0.0004585569239
-0.00048768464
-0.0005170374772
-0.0005465946309
-0.0005763376631
-0.0006062501929
-0.0006363176312
-0.0006665269529
-0.0006968665014
-0.0007273258204
-0.0007578955088
-0.0007885670951
-0.0008193329289
-0.000850186087
-0.0008811202908
-0.0009121298355
-0.0009432095272
-0.0009743546286
-0.001005560811
-0.001036824111
-0.001068140896
-0.001099507829
-0.00113092184
-0.0011623801
-0.00119388
-0.001225419127
-0.001256995251
-8.2399686e-05
-6.084917643e-05
-4.0625e-05
-2.19151441e-05
-4.926380189e-06
1.011979334e-05
2.299451651e-05
3.347273322e-05
4.134793694e-05
4.644916534e-05
4.865768237e-05
4.791999759e-05
4.425412209e-05
3.774743471e-05
2.854672278e-05
1.684289859e-05
2.853773413e-06
-1.319205872e-05
-3.106826583e-05
-5.05600159e-05
-7.146959937e-05
-9.36191235e-05
-0.0001168511046
-0.0001410277089
-0.0001660292287
-0.0001917522079
-0.0002181074822
-0.0002450182939
-0.000272418561
-0.000300251338
-0.0003284674733
-0.000357024453
-0.000385885415
-0.0004150183122
-0.0004443952055
-0.000473991666
-0.0005037862716
-0.0005337601811
-0.0005638967753
-0.0005941813523
-0.0006246008697
-0.0006551437255
-0.000685799571
-0.0007165591515
-0.0007474141693
-0.0007783571672
-0.0008093814267
-0.0008404808814
-0.0008716500413
-0.0009028839277
-0.0009341780158
-0.0009655281856
-0.0009969306782
-0.001028382058
-0.001059879178
-0.001091419153
-0.001122999331
-0.001154617272
-0.001186270727
-0.001217957619
-0.00124967603
-5.915011348e-05
-3.646931359e-05
-1.507649528e-05
4.822371871e-06
2.299451651e-05
3.918339756e-05
5.311615055e-05
6.451671127e-05
7.3125e-05
7.872077898e-05
8.114845336e-05
8.03372193e-05
7.631096681e-05
6.918488667e-05
5.914984785e-05
4.644916534e-05
3.135366016e-05
1.413982336e-05
-4.926380189e-06
-2.559967364e-05
-4.766052601e-05
-7.091652295e-05
-9.520140904e-05
-0.0001203728638
-0.0001463097394
-0.0001729092101
-0.0002000840792
-0.0002277603632
-0.0002558751888
-0.000284375
-0.0003132140475
-0.0003423531262
-0.0003717585254
-0.0004014011565
-0.0004312558302
-0.0004613006559
-0.0004915165429
-0.0005218867844
-0.0005523967105
-0.0005830333975
-0.0006137854237
-0.0006446426637
-0.0006755961146
-0.0007066377484
-0.000737760387
-0.0007689575947
-0.0008002235868
-0.000831553151
-0.0008629415796
-0.0008943846107
-0.0009258783781
-0.0009574193663
-0.0009890043731
-0.001020630475
-0.001052295
-0.001083995497
-0.001115729719
-0.0011474956
-0.001179291237
-0.001211114876
-0.001242964894
-3.706536814e-05
-1.319205872e-05
9.45374797e-06
3.064995923e-05
5.013763624e-05
6.762167776e-05
8.277702489e-05
9.526303785e-05
0.0001047479011
0.000110942295
0.0001136371745
0.0001127361321
0.0001082717867
0.0001004001338
8.9375e-05
7.55115979e-05
5.914984785e-05
4.0625e-05
2.024836059e-05
-1.702681846e-06
-2.498777157e-05
-4.940243402e-05
-7.477470376e-05
-0.0001009608936
-0.000127841299
-0.0001553162389
-0.0001833025978
-0.0002117308983
-0.0002405428692
-0.0002696894504
-0.0002991291644
-0.0003288267923
-0.0003587522978
-0.000388879952
-0.0004191876207
-0.000449656181
-0.0004802690441
-0.0005110117623
-0.000541871704
-0.0005728377849
-0.0006039002441
-0.0006350504565
-0.0006662807761
-0.0006975844036
-0.0007289552747
-0.0007603879647
-0.0007918776082
-0.0008234198299
-0.000855010685
-0.0008866466086
-0.0009183243715
-0.000950041042
-0.0009817939531
-0.001013580673
-0.001045398982
-0.001077246846
-0.001109122402
-0.001141023938
-0.001172949881
-0.00120489878
-0.001236869294
-1.632811778e-05
8.788818719e-06
3.276503963e-05
5.536662817e-05
7.631096681e-05
9.526303785e-05
0.0001118378474
0.0001256138644
0.0001361624852
0.0001430953105
0.0001461230779
0.0001451099215
0.0001401019855
0.0001313174799
0.000119102798
0.0001038733464
8.605901695e-05
6.6065652e-05
4.425412209e-05
2.093306471e-05
-3.639943308e-06
-2.925303171e-05
-5.573324171e-05
-8.293977976e-05
-0.0001107579938
-0.0001390942863
-0.0001678719519
-0.0001970278304
-0.0002265096429
-0.0002562738793
-0.000286284126
-0.0003165097392
-0.0003469247909
-0.0003775072268
-0.0004082381924
-0.0004391014894
-0.0004700831362
-0.0005011710107
-0.0005323545576
-0.0005636245489
-0.0005949728851
-0.0006263924312
-0.0006578768795
-0.0006894206351
-0.0007210187194
-0.0007526666884
-0.0007843605642
-0.0008160967759
-0.0008478721095
-0.0008796836649
-0.0009115288189
-0.0009434051932
-0.0009753106268
-0.001007243152
-0.001039200973
-0.001071182449
-0.001103186075
-0.001135210473
-0.001167254374
-0.00119931661
-0.001231396105
2.853773413e-06
2.924649786e-05
5.461486861e-05
7.872077898e-05
0.0001012647288
0.000121875
0.0001401019855
0.0001554255781
0.000167286581
0.0001751512319
0.000178604957
0.0001774479226
0.0001717483675
0.0001618238545
0.0001481613222
0.0001313174799
0.0001118378474
9.020943199e-05
6.684277317e-05
4.2072309e-05
1.616537376e-05
-1.066622735e-05
-3.825507941e-05
-6.646861675e-05
-9.520140904e-05
-0.0001243691107
-0.0001539037875
-0.000183750331
-0.0002138637119
-0.0002442068707
-0.0002747490937
-0.0003054647537
-0.0003363323292
-0.0003673336352
-0.0003984532159
-0.0004296778621
-0.0004609962255
-0.0004923985078
-0.0005238762095
-0.0005554219246
-0.0005870291731
-0.0006186922621
-0.0006504061719
-0.0006821664601
-0.000713969182
-0.0007458108233
-0.000777688244
-0.0008095986298
-0.0008415394516
-0.0008735084306
-0.000905503508
-0.0009375228196
-0.0009695646734
-0.00100162753
-0.001033709988
-0.001065810763
-0.001097928685
-0.001130062677
-0.001162211751
-0.001194375
-0.001226551585
2.024836059e-05
4.791999759e-05
7.471415635e-05
0.0001004001338
0.0001246744939
0.0001471401958
0.000167286581
0.000184480659
0.0001979899087
0.0002070631766
0.0002110808026
0.0002097324674
0.000203125
0.0001917438448
0.0001762967099
0.0001575400472
0.0001361624852
0.0001127361321
8.771269351e-05
6.143970342e-05
3.418177289e-05
6.140151802e-06
-2.253143106e-05
-5.171467181e-05
-8.131770363e-05
-0.000111268493
-0.0001415099982
-0.0001719966088
-0.0002026915125
-0.0002335647315
-0.0002645916472
-0.0002957518808
-0.0003270284366
-0.0003584070412
-0.000389875628
-0.0004214239338
-0.0004530431779
-0.0004847258081
-0.000516465295
-0.0005482559668
-0.0005800928743
-0.0006119716805
-0.0006438885697
-0.0006758401721
-0.000707823501
-0.0007398359002
-0.000771875
-0.0008039386798
-0.0008360250362
-0.0008681323565
-0.0009002590951
-0.0009324038539
-0.0009645653653
-0.000996742477
-0.00102893414
-0.001061139396
-0.00109335737
-0.00112558726
-0.001157828328
-0.001190079897
-0.001222341344
3.560392134e-05
6.451671127e-05
9.272605255e-05
0.000120023882
0.0001461230779
0.000170625
0.0001929784228
0.0002124385178
0.0002280548384
0.000238748834
0.0002435470018
0.0002419320441
0.0002340843367
0.0002207934266
0.000203125
0.0001821118939
0.0001586040519
0.0001332451637
0.0001065046654
7.872077898e-05
5.013763624e-05
2.093306471e-05
-8.761765646e-06
-3.884874256e-05
-6.925343387e-05
-9.991858913e-05
-0.0001307995933
-0.0001618612485
-0.0001930754672
-0.000224419597
-0.0002558751888
-0.0002874270795
-0.000319062702
-0.0003507715589
-0.0003825448185
-0.000414375
-0.0004462557276
-0.0004781815353
-0.0005101477115
-0.0005421501743
-0.0005741853704
-0.0006062501929
-0.0006383419134
-0.0006704581269
-0.0007025967052
-0.0007347557584
-0.0007669336027
-0.0007991287333
-0.000831339801
-0.0008635655932
-0.0008958050164
-0.0009280570826
-0.0009603208967
-0.0009925956457
-0.00102488059
-0.001057175055
-0.001089478423
-0.001121790131
-0.001154109659
-0.001186436532
-0.001218770312
4.865768237e-05
7.872077898e-05
0.0001082717867
0.0001371419536
0.0001650866412
0.0001917438448
0.0002165699651
0.000238748834
0.000257094827
0.0002700501813
0.0002759963412
0.0002739845827
0.0002643529753
0.0002484910363
0.0002280548384
0.0002044291868
0.000178604957
0.0001512492341
0.0001228050924
9.356942717e-05
6.374486774e-05
3.347273322e-05
2.853773413e-06
-2.803866048e-05
-5.915011348e-05
-9.043943076e-05
-0.000121875
-0.0001534321782
-0.0001850914966
-0.000216837386
-0.0002486572573
-0.0002805408274
-0.0003124796193
-0.0003444665848
-0.000376495818
-0.0004085623346
-0.0004406618996
-0.0004727908925
-0.0005049462004
-0.0005371251325
-0.0005693253511
-0.0006015448157
-0.0006337817378
-0.0006660345428
-0.0006983018393
-0.0007305823934
-0.0007628751069
-0.0007951789994
-0.0008274931927
-0.0008598168982
-0.0008921494053
-0.0009244900725
-0.0009568383191
-0.0009891936179
-0.001021555489
-0.001053923497
-0.001086297241
-0.001118676356
-0.001151060507
-0.001183449387
-0.001215842712
5.914984785e-05
9.020943199e-05
0.0001209479397
0.0001512492341
0.0001809368499
0.0002097324674
0.0002371797021
0.0002625040761
0.000284375
0.000300625
0.000308412044
0.0003057493004
0.0002933738926
0.0002739845827
0.0002501738467
0.0002236633339
0.0001954692712
0.0001661840911
0.0001361624852
0.000105625
7.471415635e-05
4.352539286e-05
1.212468284e-05
-1.944107417e-05
-5.113770821e-05
-8.293977976e-05
-0.0001148279842
-0.0001467874224
-0.0001788064209
-0.0002108757089
-0.0002429878344
-0.0002751367409
-0.000307317457
-0.0003395258649
-0.0003717585254
-0.0004040125443
-0.0004362854685
-0.0004685752058
-0.0005008799607
-0.0005331981841
-0.0005655285322
-0.0005978698338
-0.0006302210636
-0.00066258132
-0.0006949498073
-0.0007273258204
-0.0007597087324
-0.0007920979839
-0.0008244930746
-0.000856893555
-0.0008892990209
-0.0009217091073
-0.0009541234839
-0.0009865418511
-0.001018963937
-0.001051389493
-0.001083818292
-0.001116250128
-0.001148684811
-0.001181122165
-0.001213562031
6.684277317e-05
9.8678235e-05
0.0001303586887
0.0001618238545
0.0001929784228
0.0002236633339
0.0002535951094
0.0002822272576
0.000308412044
0.0003295989033
0.0003407441558
0.0003368299696
0.0003198800653
0.0002957380521
0.000268125
0.000238748834
0.0002083933205
0.0001774479226
0.0001461230779
0.0001145410001
8.277702489e-05
5.087992441e-05
1.888258317e-05
-1.319205872e-05
-4.532753003e-05
-7.751170851e-05
-0.0001097354801
-0.0001419918633
-0.000174275422
-0.0002065818616
-0.0002389077448
-0.0002712502883
-0.000303607215
-0.0003359766437
-0.0003683570072
-0.0004007469892
-0.0004331454763
-0.0004655515202
-0.0004979643085
-0.0005303831409
-0.0005628074109
-0.0005952365903
-0.0006276702172
-0.0006601078858
-0.0006925492381
-0.0007249939572
-0.0007574417614
-0.0007898923998
-0.0008223456477
-0.0008548013037
-0.0008872591865
-0.0009197191326
-0.0009521809941
-0.0009846446368
-0.001017109939
-0.001049576789
-0.001082045087
-0.001114514739
-0.00114698566
-0.001179457773
-0.001211931005
7.154338873e-05
0.0001038733464
0.0001361624852
0.000168394181
0.0002005414304
0.0002325573386
0.0002643529753
0.0002957380521
0.0003262280304
0.0003542246156
0.0003727497668
0.000365625
0.0003407441558
0.0003111493132
0.0002801160806
0.0002484910363
0.0002165699651
0.000184480659
0.0001522868814
0.000120023882
8.771269351e-05
5.536662817e-05
2.299451651e-05
-9.397555779e-06
-4.180525957e-05
-7.422543186e-05
-0.0001066557083
-0.0001390942863
-0.0001715397677
-0.0002039910512
-0.0002364472581
-0.0002689076783
-0.000301371732
-0.000333838941
-0.0003663089075
-0.0003987812979
-0.0004312558302
-0.0004637322645
-0.0004962103956
-0.0005286900465
-0.0005611710643
-0.0005936533156
-0.0006261366842
-0.0006586210676
-0.0006911063759
-0.0007235925291
-0.0007560794566
-0.0007885670951
-0.0008210553881
-0.000853544285
-0.0008860337404
-0.000918523713
-0.0009510141657
-0.000983505065
-0.00101599638
-0.001048488083
-0.001080980149
-0.001113472554
-0.001145965277
-0.001178458298
-0.0012109516
7.3125e-05
0.000105625
0.000138125
0.000170625
0.000203125
0.000235625
0.000268125
0.000300625
0.000333125
0.000365625
0.000398125
0.000381875
0.000349375
0.000316875
0.000284375
0.000251875
0.000219375
0.000186875
0.000154375
0.000121875
8.9375e-05
5.6875e-05
2.4375e-05
-8.125e-06
-4.0625e-05
-7.3125e-05
-0.000105625
-0.000138125
-0.000170625
-0.000203125
-0.000235625
-0.000268125
-0.000300625
-0.000333125
-0.000365625
-0.000398125
-0.000430625
-0.000463125
-0.000495625
-0.000528125
-0.000560625
-0.000593125
-0.000625625
-0.000658125
-0.000690625
-0.000723125
-0.000755625
-0.000788125
-0.000820625
-0.000853125
-0.000885625
-0.000918125
-0.000950625
-0.000983125
-0.001015625
-0.001048125
-0.001080625
-0.001113125
-0.001145625
-0.001178125
-0.001210625
7.154338873e-05
0.0001038733464
0.0001361624852
0.000168394181
0.0002005414304
0.0002325573386
0.0002643529753
0.0002957380521
0.0003262280304
0.0003542246156
0.0003727497668
0.000365625
0.0003407441558
0.0003111493132
0.0002801160806
0.0002484910363
0.0002165699651
0.000184480659
0.0001522868814
0.000120023882
8.771269351e-05
5.536662817e-05
2.299451651e-05
-9.397555779e-06
-4.180525957e-05
-7.422543186e-05
-0.0001066557083
-0.0001390942863
-0.0001715397677
-0.0002039910512
-0.0002364472581
-0.0002689076783
-0.000301371732
-0.000333838941
-0.0003663089075
-0.0003987812979
-0.0004312558302
-0.0004637322645
-0.0004962103956
-0.0005286900465
-0.0005611710643
-0.0005936533156
-0.0006261366842
-0.0006586210676
-0.0006911063759
-0.0007235925291
-0.0007560794566
-0.0007885670951
-0.0008210553881
-0.000853544285
-0.0008860337404
-0.000918523713
-0.0009510141657
-0.000983505065
-0.00101599638
-0.001048488083
-0.001080980149
-0.001113472554
-0.001145965277
-0.001178458298
-0.0012109516
6.684277317e-05
9.8678235e-05
0.0001303586887
0.0001618238545
0.0001929784228
0.0002236633339
0.0002535951094
0.0002822272576
0.000308412044
0.0003295989033
0.0003407441558
0.0003368299696
0.0003198800653
0.0002957380521
0.000268125
0.000238748834
0.0002083933205
0.0001774479226
0.0001461230779
0.0001145410001
8.277702489e-05
5.087992441e-05
1.888258317e-05
-1.319205872e-05
-4.532753003e-05
-7.751170851e-05
-0.0001097354801
-0.0001419918633
-0.000174275422
-0.0002065818616
-0.0002389077448
-0.0002712502883
-0.000303607215
-0.0003359766437
-0.0003683570072
-0.0004007469892
-0.0004331454763
-0.0004655515202
-0.0004979643085
-0.0005303831409
-0.0005628074109
-0.0005952365903
-0.0006276702172
-0.0006601078858
-0.0006925492381
-0.0007249939572
-0.0007574417614
-0.0007898923998
-0.0008223456477
-0.0008548013037
-0.0008872591865
-0.0009197191326
-0.0009521809941
-0.0009846446368
-0.001017109939
-0.001049576789
-0.001082045087
-0.001114514739
-0.00114698566
-0.001179457773
-0.001211931005
5.914984785e-05
9.020943199e-05
0.0001209479397
0.0001512492341
0.0001809368499
0.0002097324674
0.0002371797021
0.0002625040761
0.000284375
0.000300625
0.000308412044
0.0003057493004
0.0002933738926
0.0002739845827
0.0002501738467
0.0002236633339
0.0001954692712
0.0001661840911
0.0001361624852
0.000105625
7.471415635e-05
4.352539286e-05
1.212468284e-05
-1.944107417e-05
-5.113770821e-05
-8.293977976e-05
-0.0001148279842
-0.0001467874224
-0.0001788064209
-0.0002108757089
-0.0002429878344
-0.0002751367409
-0.000307317457
-0.0003395258649
-0.0003717585254
-0.0004040125443
-0.0004362854685
-0.0004685752058
-0.0005008799607
-0.0005331981841
-0.0005655285322
-0.0005978698338
-0.0006302210636
-0.00066258132
-0.0006949498073
-0.0007273258204
-0.0007597087324
-0.0007920979839
-0.0008244930746
-0.000856893555
-0.0008892990209
-0.0009217091073
-0.0009541234839
-0.0009865418511
-0.001018963937
-0.001051389493
-0.001083818292
-0.001116250128
-0.001148684811
-0.001181122165
-0.001213562031
4.865768237e-05
7.872077898e-05
0.0001082717867
0.0001371419536
0.0001650866412
0.0001917438448
0.0002165699651
0.000238748834
0.000257094827
0.0002700501813
0.0002759963412
0.0002739845827
0.0002643529753
0.0002484910363
0.0002280548384
0.0002044291868
0.000178604957
0.0001512492341
0.0001228050924
9.356942717e-05
6.374486774e-05
3.347273322e-05
2.853773413e-06
-2.803866048e-05
-5.915011348e-05
-9.043943076e-05
-0.000121875
-0.0001534321782
-0.0001850914966
-0.000216837386
-0.0002486572573
-0.0002805408274
-0.0003124796193
-0.0003444665848
-0.000376495818
-0.0004085623346
-0.0004406618996
-0.0004727908925
-0.0005049462004
-0.0005371251325
-0.0005693253511
-0.0006015448157
-0.0006337817378
-0.0006660345428
-0.0006983018393
-0.0007305823934
-0.0007628751069
-0.0007951789994
-0.0008274931927
-0.0008598168982
-0.0008921494053
-0.0009244900725
-0.0009568383191
-0.0009891936179
-0.001021555489
-0.001053923497
-0.001086297241
-0.001118676356
-0.001151060507
-0.001183449387
-0.001215842712
3.560392134e-05
6.451671127e-05
9.272605255e-05
0.000120023882
0.0001461230779
0.000170625
0.0001929784228
0.0002124385178
0.0002280548384
0.000238748834
0.0002435470018
0.0002419320441
0.0002340843367
0.0002207934266
0.000203125
0.0001821118939
0.0001586040519
0.0001332451637
0.0001065046654
7.872077898e-05
5.013763624e-05
2.093306471e-05
-8.761765646e-06
-3.884874256e-05
-6.925343387e-05
-9.991858913e-05
-0.0001307995933
-0.0001618612485
-0.0001930754672
-0.000224419597
-0.0002558751888
-0.0002874270795
-0.000319062702
-0.0003507715589
-0.0003825448185
-0.000414375
-0.0004462557276
-0.0004781815353
-0.0005101477115
-0.0005421501743
-0.0005741853704
-0.0006062501929
-0.0006383419134
-0.0006704581269
-0.0007025967052
-0.0007347557584
-0.0007669336027
-0.0007991287333
-0.000831339801
-0.0008635655932
-0.0008958050164
-0.0009280570826
-0.0009603208967
-0.0009925956457
-0.00102488059
-0.001057175055
-0.001089478423
-0.001121790131
-0.001154109659
-0.001186436532
-0.001218770312
2.024836059e-05
4.791999759e-05
7.471415635e-05
0.0001004001338
0.0001246744939
0.0001471401958
0.000167286581
0.000184480659
0.0001979899087
0.0002070631766
0.0002110808026
0.0002097324674
0.000203125
0.0001917438448
0.0001762967099
0.0001575400472
0.0001361624852
0.0001127361321
8.771269351e-05
6.143970342e-05
3.418177289e-05
6.140151802e-06
-2.253143106e-05
-5.171467181e-05
-8.131770363e-05
-0.000111268493
-0.0001415099982
-0.0001719966088
-0.0002026915125
-0.0002335647315
-0.0002645916472
-0.0002957518808
-0.0003270284366
-0.0003584070412
-0.000389875628
-0.0004214239338
-0.0004530431779
-0.0004847258081
-0.000516465295
-0.0005482559668
-0.0005800928743
-0.0006119716805
-0.0006438885697
-0.0006758401721
-0.000707823501
-0.0007398359002
-0.000771875
-0.0008039386798
-0.0008360250362
-0.0008681323565
-0.0009002590951
-0.0009324038539
-0.0009645653653
-0.000996742477
-0.00102893414
-0.001061139396
-0.00109335737
-0.00112558726
-0.001157828328
-0.001190079897
-0.001222341344
2.853773413e-06
2.924649786e-05
5.461486861e-05
7.872077898e-05
0.0001012647288
0.000121875
0.0001401019855
0.0001554255781
0.000167286581
0.0001751512319
0.000178604957
0.0001774479226
0.0001717483675
0.0001618238545
0.0001481613222
0.0001313174799
0.0001118378474
9.020943199e-05
6.684277317e-05
4.2072309e-05
1.616537376e-05
-1.066622735e-05
-3.825507941e-05
-6.646861675e-05
-9.520140904e-05
-0.0001243691107
-0.0001539037875
-0.000183750331
-0.0002138637119
-0.0002442068707
-0.0002747490937
-0.0003054647537
-0.0003363323292
-0.0003673336352
-0.0003984532159
-0.0004296778621
-0.0004609962255
-0.0004923985078
-0.0005238762095
-0.0005554219246
-0.0005870291731
-0.0006186922621
-0.0006504061719
-0.0006821664601
-0.000713969182
-0.0007458108233
-0.000777688244
-0.0008095986298
-0.0008415394516
-0.0008735084306
-0.000905503508
-0.0009375228196
-0.0009695646734
-0.00100162753
-0.001033709988
-0.001065810763
-0.001097928685
-0.001130062677
-0.001162211751
-0.001194375
-0.001226551585
-1.632811778e-05
8.788818719e-06
3.276503963e-05
5.536662817e-05
7.631096681e-05
9.526303785e-05
0.0001118378474
0.0001256138644
0.0001361624852
0.0001430953105
0.0001461230779
0.0001451099215
0.0001401019855
0.0001313174799
0.000119102798
0.0001038733464
8.605901695e-05
6.6065652e-05
4.425412209e-05
2.093306471e-05
-3.639943308e-06
-2.925303171e-05
-5.573324171e-05
-8.293977976e-05
-0.0001107579938
-0.0001390942863
-0.0001678719519
-0.0001970278304
-0.0002265096429
-0.0002562738793
-0.000286284126
-0.0003165097392
-0.0003469247909
-0.0003775072268
-0.0004082381924
-0.0004391014894
-0.0004700831362
-0.0005011710107
-0.0005323545576
-0.0005636245489
-0.0005949728851
-0.0006263924312
-0.0006578768795
-0.0006894206351
-0.0007210187194
-0.0007526666884
-0.0007843605642
-0.0008160967759
-0.0008478721095
-0.0008796836649
-0.0009115288189
-0.0009434051932
-0.0009753106268
-0.001007243152
-0.001039200973
-0.001071182449
-0.001103186075
-0.001135210473
-0.001167254374
-0.00119931661
-0.001231396105
-3.706536814e-05
-1.319205872e-05
9.45374797e-06
3.064995923e-05
5.013763624e-05
6.762167776e-05
8.277702489e-05
9.526303785e-05
0.0001047479011
0.000110942295
0.0001136371745
0.0001127361321
0.0001082717867
0.0001004001338
8.9375e-05
7.55115979e-05
5.914984785e-05
4.0625e-05
2.024836059e-05
-1.702681846e-06
-2.498777157e-05
-4.940243402e-05
-7.477470376e-05
-0.0001009608936
-0.000127841299
-0.0001553162389
-0.0001833025978
-0.0002117308983
-0.0002405428692
-0.0002696894504
-0.0002991291644
-0.0003288267923
-0.0003587522978
-0.000388879952
-0.0004191876207
-0.000449656181
-0.0004802690441
-0.0005110117623
-0.000541871704
-0.0005728377849
-0.0006039002441
-0.0006350504565
-0.0006662807761
-0.0006975844036
-0.0007289552747
-0.0007603879647
-0.0007918776082
-0.0008234198299
-0.000855010685
-0.0008866466086
-0.0009183243715
-0.000950041042
-0.0009817939531
-0.001013580673
-0.001045398982
-0.001077246846
-0.001109122402
-0.001141023938
-0.001172949881
-0.00120489878
-0.001236869294
-5.915011348e-05
-3.646931359e-05
-1.507649528e-05
4.822371871e-06
2.299451651e-05
3.918339756e-05
5.311615055e-05
6.451671127e-05
7.3125e-05
7.872077898e-05
8.114845336e-05
8.03372193e-05
7.631096681e-05
6.918488667e-05
5.914984785e-05
4.644916534e-05
3.135366016e-05
1.413982336e-05
-4.926380189e-06
-2.559967364e-05
-4.766052601e-05
-7.091652295e-05
-9.520140904e-05
-0.0001203728638
-0.0001463097394
-0.0001729092101
-0.0002000840792
-0.0002277603632
-0.0002558751888
-0.000284375
-0.0003132140475
-0.0003423531262
-0.0003717585254
-0.0004014011565
-0.0004312558302
-0.0004613006559
-0.0004915165429
-0.0005218867844
-0.0005523967105
-0.0005830333975
-0.0006137854237
-0.0006446426637
-0.0006755961146
-0.0007066377484
-0.000737760387
-0.0007689575947
-0.0008002235868
-0.000831553151
-0.0008629415796
-0.0008943846107
-0.0009258783781
-0.0009574193663
-0.0009890043731
-0.001020630475
-0.001052295
-0.001083995497
-0.001115729719
-0.0011474956
-0.001179291237
-0.001211114876
-0.001242964894
-8.2399686e-05
-6.084917643e-05
-4.0625e-05
-2.19151441e-05
-4.926380189e-06
1.011979334e-05
2.299451651e-05
3.347273322e-05
4.134793694e-05
4.644916534e-05
4.865768237e-05
4.791999759e-05
4.425412209e-05
3.774743471e-05
2.854672278e-05
1.684289859e-05
2.853773413e-06
-1.319205872e-05
-3.106826583e-05
-5.05600159e-05
-7.146959937e-05
-9.36191235e-05
-0.0001168511046
-0.0001410277089
-0.0001660292287
-0.0001917522079
-0.0002181074822
-0.0002450182939
-0.000272418561
-0.000300251338
-0.0003284674733
-0.000357024453
-0.000385885415
-0.0004150183122
-0.0004443952055
-0.000473991666
-0.0005037862716
-0.0005337601811
-0.0005638967753
-0.0005941813523
-0.0006246008697
-0.0006551437255
-0.000685799571
-0.0007165591515
-0.0007474141693
-0.0007783571672
-0.0008093814267
-0.0008404808814
-0.0008716500413
-0.0009028839277
-0.0009341780158
-0.0009655281856
-0.0009969306782
-0.001028382058
-0.001059879178
-0.001091419153
-0.001122999331
-0.001154617272
-0.001186270727
-0.001217957619
-0.00124967603
-0.0001066557083
-8.616790242e-05
-6.702689107e-05
-4.940243402e-05
-3.347692165e-05
-1.944107417e-05
-7.487254335e-06
2.199705327e-06
9.45374797e-06
1.413982336e-05
1.616537376e-05
1.548902367e-05
1.212468284e-05
6.140151802e-06
-2.349456222e-06
-1.319205872e-05
-2.621070992e-05
-4.121551892e-05
-5.801395038e-05
-7.641876906e-05
-9.625349812e-05
-0.0001173556633
-0.000139578284
-0.0001627901046
-0.000186875
-0.0002117308983
-0.0002372684656
-0.00026340972
-0.0002900866755
-0.0003172400764
-0.0003448182496
-0.0003727760847
-0.0004010741391
-0.0004296778621
-0.0004585569239
-0.00048768464
-0.0005170374772
-0.0005465946309
-0.0005763376631
-0.0006062501929
-0.0006363176312
-0.0006665269529
-0.0006968665014
-0.0007273258204
-0.0007578955088
-0.0007885670951
-0.0008193329289
-0.000850186087
-0.0008811202908
-0.0009121298355
-0.0009432095272
-0.0009743546286
-0.001005560811
-0.001036824111
-0.001068140896
-0.001099507829
-0.00113092184
-0.0011623801
-0.00119388
-0.001225419127
-0.001256995251
-0.0001317820768
-0.0001122879838
-9.414710793e-05
-7.751170851e-05
-6.254208144e-05
-4.940243402e-05
-3.825507941e-05
-2.925303171e-05
-2.253143106e-05
-1.819863131e-05
-1.632811778e-05
-1.69525409e-05
-2.006093773e-05
-2.559967364e-05
-3.347692165e-05
-4.356984241e-05
-5.573324171e-05
-6.980844245e-05
-8.56313532e-05
-0.0001030391032
-0.000121875
-0.0001419918633
-0.0001632539645
-0.0001855378764
-0.0002087325328
-0.0002327387641
-0.0002574685138
-0.000282843891
-0.0003087961633
-0.0003352647609
-0.0003621963323
-0.0003895438745
-0.0004172659474
-0.0004453259747
-0.0004736916263
-0.0005023342782
-0.0005312285414
-0.0005603518522
-0.0005896841171
-0.0006192074056
-0.0006489056831
-0.0006787645808
-0.0007087711951
-0.0007389139143
-0.0007691822676
-0.000799566794
-0.0008300589281
-0.0008606509001
-0.0008913356487
-0.0009221067445
-0.0009529583231
-0.000983885026
-0.001014881949
-0.001045944595
-0.001077068835
-0.001108250872
-0.001139487208
-0.001170774616
-0.001202110117
-0.001233490952
-0.001264914569
-0.0001576624627
-0.0001390942863
-0.000121875
-0.0001061406133
-9.203181346e-05
-7.969021301e-05
-6.925343387e-05
-6.084917643e-05
-5.458865466e-05
-5.05600159e-05
-4.882253886e-05
-4.940243402e-05
-5.229090943e-05
-5.744482488e-05
-6.478982382e-05
-7.422543186e-05
-8.56313532e-05
-9.887413388e-05
-0.0001138134727
-0.0001303076769
-0.0001482180023
-0.000167411826
-0.0001877647436
-0.0002091617651
-0.0002314978072
-0.0002546776743
-0.0002786156917
-0.0003032351236
-0.0003284674733
-0.0003542517361
-0.0003805336524
-0.000407264991
-0.0004344028806
-0.0004619091966
-0.0004897500087
-0.0005178950864
-0.0005463174599
-0.0005749930334
-0.0006039002441
-0.0006330197632
-0.0006623342342
-0.000691828044
-0.0007214871217
-0.0007512987638
-0.0007812514803
-0.0008113348597
-0.0008415394516
-0.0008718566625
-0.0009022786644
-0.0009327983153
-0.0009634090874
-0.0009941050052
-0.00102488059
-0.001055730811
-0.00108665104
-0.001117637017
-0.001148684811
-0.001179790791
-0.0012109516
-0.001242164129
-0.001273425494
-0.0001841977247
-0.0001664904653
-0.0001501197203
-0.0001352067302
-0.000121875
-0.0001102469899
-0.0001004400094
-9.256147804e-05
-8.670386764e-05
-8.293977976e-05
-8.131770363e-05
-8.185899462e-05
-8.455649509e-05
-8.9375e-05
-9.625349812e-05
-0.0001051088668
-0.0001158405244
-0.0001283354849
-0.0001424733052
-0.0001581305371
-0.0001751844465
-0.0001935159049
-0.0002130114679
-0.0002335647315
-0.0002550770867
-0.0002774580083
-0.000300625
-0.0003245033035
-0.0003490254568
-0.0003741307664
-0.0003997647428
-0.0004258785301
-0.000452428354
-0.000479375
-0.0005066833303
-0.0005343218424
-0.0005622622692
-0.0005904792213
-0.0006189498662
-0.0006476536439
-0.0006765720147
-0.000705688236
-0.0007349871645
-0.0007644550827
-0.0007940795446
-0.0008238492402
-0.0008537538752
-0.0008837840657
-0.0009139312435
-0.0009441875738
-0.0009745458812
-0.001004999585
-0.00103554264
-0.001066169485
-0.001096875
-0.001127654459
-0.0011585035
-0.001189418086
-0.00122039448
-0.001251429218
-0.001282519083
-0.0002113034516
-0.0001943958113
-0.0001788064209
-0.000164643283
-0.0001520149601
-0.0001410277089
-0.0001317820768
-0.0001243691107
-0.0001188664305
-0.0001153345
-0.0001138134727
-0.0001143209756
-0.0001168511046
-0.0001213747631
-0.000127841299
-0.0001361812312
-0.0001463097394
-0.0001581305371
-0.0001715397677
-0.0001864296273
-0.0002026915125
-0.0002202185871
-0.0002389077448
-0.000258661002
-0.0002793863946
-0.0003009984646
-0.0003234184286
-0.00034657411
-0.0003703997059
-0.0003948354453
-0.000419827185
-0.0004453259747
-0.0004712876149
-0.000497672226
-0.0005244438356
-0.0005515699939
-0.0005790214172
-0.0006067716635
-0.0006347968364
-0.0006630753203
-0.0006915875406
-0.0007203157507
-0.0007492438406
-0.0007783571672
-0.0008076424028
-0.0008370874002
-0.0008666810726
-0.0008964132875
-0.0009262747711
-0.0009562570241
-0.000986352246
-0.001016553268
-0.001046853494
-0.001077246846
-0.001107727713
-0.001138290916
-0.001168931661
-0.00119964551
-0.001230428348
-0.001261276354
-0.001292185976
-0.0002389077448
-0.0002227425601
-0.0002078731681
-0.0001943958113
-0.0001824061098
-0.0001719966088
-0.0001632539645
-0.0001562559027
-0.0001510681458
-0.0001477415528
-0.0001463097394
-0.0001467874224
-0.0001491696752
-0.0001534321782
-0.0001595324367
-0.000167411826
-0.0001769982453
-0.000188209116
-0.0002009544677
-0.0002151398862
-0.0002306691594
-0.0002474465203
-0.0002653784431
-0.000284375
-0.0003043508131
-0.0003252256596
-0.0003469247909
-0.000369379029
-0.0003925246964
-0.0004163034272
-0.0004406618996
-0.0004655515202
-0.0004909280847
-0.0005167514305
-0.000542985095
-0.0005695959871
-0.0005965540764
-0.0006238321038
-0.0006514053151
-0.0006792512163
-0.0007073493515
-0.0007356811015
-0.0007642295024
-0.0007929790818
-0.0008219157118
-0.0008510264774
-0.0008802995582
-0.0009097241223
-0.0009392902319
-0.0009689887577
-0.0009988113032
-0.001028750136
-0.001058798127
-0.001088948696
-0.00111919576
-0.00114953369
-0.001179957274
-0.001210461675
-0.001241042404
-0.001271695288
-0.001302416444
-0.0002669492763
-0.000251473643
-0.0002372684656
-0.000224419597
-0.0002130114679
-0.000203125
-0.0001948352815
-0.000188209116
-0.0001833025978
-0.0001801588937
-0.0001788064209
-0.0001792575923
-0.0001815082544
-0.0001855378764
-0.0001913104703
-0.0001987761487
-0.0002078731681
-0.0002185302739
-0.0002306691594
-0.0002442068707
-0.0002590580231
-0.0002751367409
-0.0002923582705
-0.000310640257
-0.000329903697
-0.0003500736018
-0.0003710794126
-0.0003928552125
-0.0004153397794
-0.0004384765182
-0.000462213307
-0.000486502284
-0.0005112995985
-0.0005365651413
-0.0005622622692
-0.000588357531
-0.0006148204019
-0.0006416230317
-0.0006687400072
-0.0006961481316
-0.0007238262212
-0.0007517549182
-0.000779916521
-0.0008082948286
-0.000836875
-0.0008656434274
-0.0008945876208
-0.0009236961044
-0.0009529583231
-0.000982364558
-0.00101190585
-0.001041573933
-0.001071361169
-0.001101260494
-0.001131265371
-0.001161369737
-0.00119156797
-0.001221854846
-0.00125222551
-0.00128267544
-0.001313200425
-0.0002953756236
-0.0002805408274
-0.0002669492763
-0.0002546776743
-0.0002438007793
-0.000234389634
-0.0002265096429
-0.0002202185871
-0.0002155646956
-0.0002125849058
-0.0002113034516
-0.0002117308983
-0.0002138637119
-0.0002176844041
-0.0002231622382
-0.000230254431
-0.0002389077448
-0.0002490603392
-0.0002606437439
-0.000273584826
-0.0002878076458
-0.0003032351236
-0.0003197904711
-0.0003373983649
-0.0003559858661
-0.0003754831006
-0.0003958237283
-0.0004169452324
-0.0004387890616
-0.0004613006559
-0.0004844293843
-0.0005081284176
-0.0005323545576
-0.0005570680371
-0.0005822323042
-0.0006078138001
-0.0006337817378
-0.0006601078858
-0.0006867663611
-0.0007137334332
-0.0007409873406
-0.0007685081201
-0.000796277449
-0.0008242785005
-0.0008524958106
-0.0008809151567
-0.0009095234477
-0.000938308623
-0.0009672595615
-0.000996365999
-0.001025618453
-0.001055008153
-0.001084526984
-0.001114167423
-0.001143922495
-0.001173785724
-0.001203751092
-0.001233812999
-0.001263966233
-0.001294205936
-0.001324527575
-0.0003241418576
-0.0003099031894
-0.0002968794444
-0.000285139283
-0.0002747490937
-0.0002657714957
-0.0002582637437
-0.0002522761123
-0.0002478503483
-0.0002450182939
-0.0002438007793
-0.0002442068707
-0.0002462335367
-0.0002498657601
-0.0002550770867
-0.0002618305645
-0.0002700799976
-0.0002797714214
-0.0002908446963
-0.0003032351236
-0.000316875
-0.0003316950458
-0.0003476256632
-0.000364598001
-0.0003825448185
-0.0004014011565
-0.0004211048305
-0.0004415967672
-0.0004628212086
-0.0004847258081
-0.0005072616396
-0.0005303831409
-0.0005540480088
-0.0005782170592
-0.0006028540658
-0.000627925585
-0.0006534007753
-0.0006792512163
-0.0007054507311
-0.0007319752152
-0.0007588024733
-0.0007859120656
-0.0008132851638
-0.0008409044173
-0.0008687538297
-0.0008968186439
-0.0009250852379
-0.0009535410283
-0.0009821743824
-0.001010974538
-0.001039931529
-0.001069036122
-0.001098279749
-0.001127654459
-0.001157152864
-0.001186768092
-0.001216493746
-0.001246323868
-0.001276252902
-0.001306275661
-0.001336387302
-0.0003241418576
-0.0003099031894
-0.0002968794444
-0.000285139283
-0.0002747490937
-0.0002657714957
-0.0002582637437
-0.0002522761123
-0.0002478503483
-0.0002450182939
-0.0002438007793
-0.0002442068707
-0.0002462335367
-0.0002498657601
-0.0002550770867
-0.0002618305645
-0.0002700799976
-0.0002797714214
-0.0002908446963
-0.0003032351236
-0.000316875
-0.0003316950458
-0.0003476256632
-0.000364598001
-0.0003825448185
-0.0004014011565
-0.0004211048305
-0.0004415967672
-0.0004628212086
-0.0004847258081
-0.0005072616396
-0.0005303831409
-0.0005540480088
-0.0005782170592
-0.0006028540658
-0.000627925585
-0.0006534007753
-0.0006792512163
-0.0007054507311
-0.0007319752152
-0.0007588024733
-0.0007859120656
-0.0008132851638
-0.0008409044173
-0.0008687538297
-0.0008968186439
-0.0009250852379
-0.0009535410283
-0.0009821743824
-0.001010974538
-0.001039931529
-0.001069036122
-0.001098279749
-0.001127654459
-0.001157152864
-0.001186768092
-0.001216493746
-0.001246323868
-0.001276252902
-0.001306275661
-0.001336387302
-0.0002953756236
-0.0002805408274
-0.0002669492763
-0.0002546776743
-0.0002438007793
-0.000234389634
-0.0002265096429
-0.0002202185871
-0.0002155646956
-0.0002125849058
-0.0002113034516
-0.0002117308983
-0.0002138637119
-0.0002176844041
-0.0002231622382
-0.000230254431
-0.0002389077448
-0.0002490603392
-0.0002606437439
-0.000273584826
-0.0002878076458
-0.0003032351236
-0.0003197904711
-0.0003373983649
-0.0003559858661
-0.0003754831006
-0.0003958237283
-0.0004169452324
-0.0004387890616
-0.0004613006559
-0.0004844293843
-0.0005081284176
-0.0005323545576
-0.0005570680371
-0.0005822323042
-0.0006078138001
-0.0006337817378
-0.0006601078858
-0.0006867663611
-0.0007137334332
-0.0007409873406
-0.0007685081201
-0.000796277449
-0.0008242785005
-0.0008524958106
-0.0008809151567
-0.0009095234477
-0.000938308623
-0.0009672595615
-0.000996365999
-0.001025618453
-0.001055008153
-0.001084526984
-0.001114167423
-0.001143922495
-0.001173785724
-0.001203751092
-0.001233812999
-0.001263966233
-0.001294205936
-0.001324527575
-0.0002669492763
-0.000251473643
-0.0002372684656
-0.000224419597
-0.0002130114679
-0.000203125
-0.0001948352815
-0.000188209116
-0.0001833025978
-0.0001801588937
-0.0001788064209
-0.0001792575923
-0.0001815082544
-0.0001855378764
-0.0001913104703
-0.0001987761487
-0.0002078731681
-0.0002185302739
-0.0002306691594
-0.0002442068707
-0.0002590580231
-0.0002751367409
-0.0002923582705
-0.000310640257
-0.000329903697
-0.0003500736018
-0.0003710794126
-0.0003928552125
-0.0004153397794
-0.0004384765182
-0.000462213307
-0.000486502284
-0.0005112995985
-0.0005365651413
-0.0005622622692
-0.000588357531
-0.0006148204019
-0.0006416230317
-0.0006687400072
-0.0006961481316
-0.0007238262212
-0.0007517549182
-0.000779916521
-0.0008082948286
-0.000836875
-0.0008656434274
-0.0008945876208
-0.0009236961044
-0.0009529583231
-0.000982364558
-0.00101190585
-0.001041573933
-0.001071361169
-0.001101260494
-0.001131265371
-0.001161369737
-0.00119156797
-0.001221854846
-0.00125222551
-0.00128267544
-0.001313200425
-0.0002389077448
-0.0002227425601
-0.0002078731681
-0.0001943958113
-0.0001824061098
-0.0001719966088
-0.0001632539645
-0.0001562559027
-0.0001510681458
-0.0001477415528
-0.0001463097394
-0.0001467874224
-0.0001491696752
-0.0001534321782
-0.0001595324367
-0.000167411826
-0.0001769982453
-0.000188209116
-0.0002009544677
-0.0002151398862
-0.0002306691594
-0.0002474465203
-0.0002653784431
-0.000284375
-0.0003043508131
-0.0003252256596
-0.0003469247909
-0.000369379029
-0.0003925246964
-0.0004163034272
-0.0004406618996
-0.0004655515202
-0.0004909280847
-0.0005167514305
-0.000542985095
-0.0005695959871
-0.0005965540764
-0.0006238321038
-0.0006514053151
-0.0006792512163
-0.0007073493515
-0.0007356811015
-0.0007642295024
-0.0007929790818
-0.0008219157118
-0.0008510264774
-0.0008802995582
-0.0009097241223
-0.0009392902319
-0.0009689887577
-0.0009988113032
-0.001028750136
-0.001058798127
-0.001088948696
-0.00111919576
-0.00114953369
-0.001179957274
-0.001210461675
-0.001241042404
-0.001271695288
-0.001302416444
-0.0002113034516
-0.0001943958113
-0.0001788064209
-0.000164643283
-0.0001520149601
-0.0001410277089
-0.0001317820768
-0.0001243691107
-0.0001188664305
-0.0001153345
-0.0001138134727
-0.0001143209756
-0.0001168511046
-0.0001213747631
-0.000127841299
-0.0001361812312
-0.0001463097394
-0.0001581305371
-0.0001715397677
-0.0001864296273
-0.0002026915125
-0.0002202185871
-0.0002389077448
-0.000258661002
-0.0002793863946
-0.0003009984646
-0.0003234184286
-0.00034657411
-0.0003703997059
-0.0003948354453
-0.000419827185
-0.0004453259747
-0.0004712876149
-0.000497672226
-0.0005244438356
-0.0005515699939
-0.0005790214172
-0.0006067716635
-0.0006347968364
-0.0006630753203
-0.0006915875406
-0.0007203157507
-0.0007492438406
-0.0007783571672
-0.0008076424028
-0.0008370874002
-0.0008666810726
-0.0008964132875
-0.0009262747711
-0.0009562570241
-0.000986352246
-0.001016553268
-0.001046853494
-0.001077246846
-0.001107727713
-0.001138290916
-0.001168931661
-0.00119964551
-0.001230428348
-0.001261276354
-0.001292185976
-0.0001841977247
-0.0001664904653
-0.0001501197203
-0.0001352067302
-0.000121875
-0.0001102469899
-0.0001004400094
-9.256147804e-05
-8.670386764e-05
-8.293977976e-05
-8.131770363e-05
-8.185899462e-05
-8.455649509e-05
-8.9375e-05
-9.625349812e-05
-0.0001051088668
-0.0001158405244
-0.0001283354849
-0.0001424733052
-0.0001581305371
-0.0001751844465
-0.0001935159049
-0.0002130114679
-0.0002335647315
-0.0002550770867
-0.0002774580083
-0.000300625
-0.0003245033035
-0.0003490254568
-0.0003741307664
-0.0003997647428
-0.0004258785301
-0.000452428354
-0.000479375
-0.0005066833303
-0.0005343218424
-0.0005622622692
-0.0005904792213
-0.0006189498662
-0.0006476536439
-0.0006765720147
-0.000705688236
-0.0007349871645
-0.0007644550827
-0.0007940795446
-0.0008238492402
-0.0008537538752
-0.0008837840657
-0.0009139312435
-0.0009441875738
-0.0009745458812
-0.001004999585
-0.00103554264
-0.001066169485
-0.001096875
-0.001127654459
-0.0011585035
-0.001189418086
-0.00122039448
-0.001251429218
-0.001282519083
-0.0001576624627
-0.0001390942863
-0.000121875
-0.0001061406133
-9.203181346e-05
-7.969021301e-05
-6.925343387e-05
-6.084917643e-05
-5.458865466e-05
-5.05600159e-05
-4.882253886e-05
-4.940243402e-05
-5.229090943e-05
-5.744482488e-05
-6.478982382e-05
-7.422543186e-05
-8.56313532e-05
-9.887413388e-05
-0.0001138134727
-0.0001303076769
-0.0001482180023
-0.000167411826
-0.0001877647436
-0.0002091617651
-0.0002314978072
-0.0002546776743
-0.0002786156917
-0.0003032351236
-0.0003284674733
-0.0003542517361
-0.0003805336524
-0.000407264991
-0.0004344028806
-0.0004619091966
-0.0004897500087
-0.0005178950864
-0.0005463174599
-0.0005749930334
-0.0006039002441
-0.0006330197632
-0.0006623342342
-0.000691828044
-0.0007214871217
-0.0007512987638
-0.0007812514803
-0.0008113348597
-0.0008415394516
-0.0008718566625
-0.0009022786644
-0.0009327983153
-0.0009634090874
-0.0009941050052
-0.00102488059
-0.001055730811
-0.00108665104
-0.001117637017
-0.001148684811
-0.001179790791
-0.0012109516
-0.001242164129
-0.001273425494
-0.0001317820768
-0.0001122879838
-9.414710793e-05
-7.751170851e-05
-6.254208144e-05
-4.940243402e-05
-3.825507941e-05
-2.925303171e-05
-2.253143106e-05
-1.819863131e-05
-1.632811778e-05
-1.69525409e-05
-2.006093773e-05
-2.559967364e-05
-3.347692165e-05
-4.356984241e-05
-5.573324171e-05
-6.980844245e-05
-8.56313532e-05
-0.0001030391032
-0.000121875
-0.0001419918633
-0.0001632539645
-0.0001855378764
-0.0002087325328
-0.0002327387641
-0.0002574685138
-0.000282843891
-0.0003087961633
-0.0003352647609
-0.0003621963323
-0.0003895438745
-0.0004172659474
-0.0004453259747
-0.0004736916263
-0.0005023342782
-0.0005312285414
-0.0005603518522
-0.0005896841171
-0.0006192074056
-0.0006489056831
-0.0006787645808
-0.0007087711951
-0.0007389139143
-0.0007691822676
-0.000799566794
-0.0008300589281
-0.0008606509001
-0.0008913356487
-0.0009221067445
-0.0009529583231
-0.000983885026
-0.001014881949
-0.001045944595
-0.001077068835
-0.001108250872
-0.001139487208
-0.001170774616
-0.001202110117
-0.001233490952
-0.001264914569
-0.0001066557083
-8.616790242e-05
-6.702689107e-05
-4.940243402e-05
-3.347692165e-05
-1.944107417e-05
-7.487254335e-06
2.199705327e-06
9.45374797e-06
1.413982336e-05
1.616537376e-05
1.548902367e-05
1.212468284e-05
6.140151802e-06
-2.349456222e-06
-1.319205872e-05
-2.621070992e-05
-4.121551892e-05
-5.801395038e-05
-7.641876906e-05
-9.625349812e-05
-0.0001173556633
-0.000139578284
-0.0001627901046
-0.000186875
-0.0002117308983
-0.0002372684656
-0.00026340972
-0.0002900866755
-0.0003172400764
-0.0003448182496
-0.0003727760847
-0.0004010741391
-0.0004296778621
-0.0004585569239
-0.00048768464
-0.0005170374772
-0.0005465946309
-0.0005763376631
-0.0006062501929
-0.0006363176312
-0.0006665269529
-0.0006968665014
-0.0007273258204
-0.0007578955088
-0.0007885670951
-0.0008193329289
-0.000850186087
-0.0008811202908
-0.0009121298355
-0.0009432095272
-0.0009743546286
-0.001005560811
-0.001036824111
-0.001068140896
-0.001099507829
-0.00113092184
-0.0011623801
-0.00119388
-0.001225419127
-0.001256995251
-8.2399686e-05
-6.084917643e-05
-4.0625e-05
-2.19151441e-05
-4.926380189e-06
1.011979334e-05
2.299451651e-05
3.347273322e-05
4.134793694e-05
4.644916534e-05
4.865768237e-05
4.791999759e-05
4.425412209e-05
3.774743471e-05
2.854672278e-05
1.684289859e-05
2.853773413e-06
-1.319205872e-05
-3.106826583e-05
-5.05600159e-05
-7.146959937e-05
-9.36191235e-05
-0.0001168511046
-0.0001410277089
-0.0001660292287
-0.0001917522079
-0.0002181074822
-0.0002450182939
-0.000272418561
-0.000300251338
-0.0003284674733
-0.000357024453
-0.000385885415
-0.0004150183122
-0.0004443952055
-0.000473991666
-0.0005037862716
-0.0005337601811
-0.0005638967753
-0.0005941813523
-0.0006246008697
-0.0006551437255
-0.000685799571
-0.0007165591515
-0.0007474141693
-0.0007783571672
-0.0008093814267
-0.0008404808814
-0.0008716500413
-0.0009028839277
-0.0009341780158
-0.0009655281856
-0.0009969306782
-0.001028382058
-0.001059879178
-0.001091419153
-0.001122999331
-0.001154617272
-0.001186270727
-0.001217957619
-0.00124967603
-5.915011348e-05
-3.646931359e-05
-1.507649528e-05
4.822371871e-06
2.299451651e-05
3.918339756e-05
5.311615055e-05
6.451671127e-05
7.3125e-05
7.872077898e-05
8.114845336e-05
8.03372193e-05
7.631096681e-05
6.918488667e-05
5.914984785e-05
4.644916534e-05
3.135366016e-05
1.413982336e-05
-4.926380189e-06
-2.559967364e-05
-4.766052601e-05
-7.091652295e-05
-9.520140904e-05
-0.0001203728638
-0.0001463097394
-0.0001729092101
-0.0002000840792
-0.0002277603632
-0.0002558751888
-0.000284375
-0.0003132140475
-0.0003423531262
-0.0003717585254
-0.0004014011565
-0.0004312558302
-0.0004613006559
-0.0004915165429
-0.0005218867844
-0.0005523967105
-0.0005830333975
-0.0006137854237
-0.0006446426637
-0.0006755961146
-0.0007066377484
-0.000737760387
-0.0007689575947
-0.0008002235868
-0.000831553151
-0.0008629415796
-0.0008943846107
-0.0009258783781
-0.0009574193663
-0.0009890043731
-0.001020630475
-0.001052295
-0.001083995497
-0.001115729719
-0.0011474956
-0.001179291237
-0.001211114876
-0.001242964894
-3.706536814e-05
-1.319205872e-05
9.45374797e-06
3.064995923e-05
5.013763624e-05
6.762167776e-05
8.277702489e-05
9.526303785e-05
0.0001047479011
0.000110942295
0.0001136371745
0.0001127361321
0.0001082717867
0.0001004001338
8.9375e-05
7.55115979e-05
5.914984785e-05
4.0625e-05
2.024836059e-05
-1.702681846e-06
-2.498777157e-05
-4.940243402e-05
-7.477470376e-05
-0.0001009608936
-0.000127841299
-0.0001553162389
-0.0001833025978
-0.0002117308983
-0.0002405428692
-0.0002696894504
-0.0002991291644
-0.0003288267923
-0.0003587522978
-0.000388879952
-0.0004191876207
-0.000449656181
-0.0004802690441
-0.0005110117623
-0.000541871704
-0.0005728377849
-0.0006039002441
-0.0006350504565
-0.0006662807761
-0.0006975844036
-0.0007289552747
-0.0007603879647
-0.0007918776082
-0.0008234198299
-0.000855010685
-0.0008866466086
-0.0009183243715
-0.000950041042
-0.0009817939531
-0.001013580673
-0.001045398982
-0.001077246846
-0.001109122402
-0.001141023938
-0.001172949881
-0.00120489878
-0.001236869294
-1.632811778e-05
8.788818719e-06
3.276503963e-05
5.536662817e-05
7.631096681e-05
9.526303785e-05
0.0001118378474
0.0001256138644
0.0001361624852
0.0001430953105
0.0001461230779
0.0001451099215
0.0001401019855
0.0001313174799
0.000119102798
0.0001038733464
8.605901695e-05
6.6065652e-05
4.425412209e-05
2.093306471e-05
-3.639943308e-06
-2.925303171e-05
-5.573324171e-05
-8.293977976e-05
-0.0001107579938
-0.0001390942863
-0.0001678719519
-0.0001970278304
-0.0002265096429
-0.0002562738793
-0.000286284126
-0.0003165097392
-0.0003469247909
-0.0003775072268
-0.0004082381924
-0.0004391014894
-0.0004700831362
-0.0005011710107
-0.0005323545576
-0.0005636245489
-0.0005949728851
-0.0006263924312
-0.0006578768795
-0.0006894206351
-0.0007210187194
-0.0007526666884
-0.0007843605642
-0.0008160967759
-0.0008478721095
-0.0008796836649
-0.0009115288189
-0.0009434051932
-0.0009753106268
-0.001007243152
-0.001039200973
-0.001071182449
-0.001103186075
-0.001135210473
-0.001167254374
-0.00119931661
-0.001231396105
2.853773413e-06
2.924649786e-05
5.461486861e-05
7.872077898e-05
0.0001012647288
0.000121875
0.0001401019855
0.0001554255781
0.000167286581
0.0001751512319
0.000178604957
0.0001774479226
0.0001717483675
0.0001618238545
0.0001481613222
0.0001313174799
0.0001118378474
9.020943199e-05
6.684277317e-05
4.2072309e-05
1.616537376e-05
-1.066622735e-05
-3.825507941e-05
-6.646861675e-05
-9.520140904e-05
-0.0001243691107
-0.0001539037875
-0.000183750331
-0.0002138637119
-0.0002442068707
-0.0002747490937
-0.0003054647537
-0.0003363323292
-0.0003673336352
-0.0003984532159
-0.0004296778621
-0.0004609962255
-0.0004923985078
-0.0005238762095
-0.0005554219246
-0.0005870291731
-0.0006186922621
-0.0006504061719
-0.0006821664601
-0.000713969182
-0.0007458108233
-0.000777688244
-0.0008095986298
-0.0008415394516
-0.0008735084306
-0.000905503508
-0.0009375228196
-0.0009695646734
-0.00100162753
-0.001033709988
-0.001065810763
-0.001097928685
-0.001130062677
-0.001162211751
-0.001194375
-0.001226551585
2.024836059e-05
4.791999759e-05
7.471415635e-05
0.0001004001338
0.0001246744939
0.0001471401958
0.000167286581
0.000184480659
0.0001979899087
0.0002070631766
0.0002110808026
0.0002097324674
0.000203125
0.0001917438448
0.0001762967099
0.0001575400472
0.0001361624852
0.0001127361321
8.771269351e-05
6.143970342e-05
3.418177289e-05
6.140151802e-06
-2.253143106e-05
-5.171467181e-05
-8.131770363e-05
-0.000111268493
-0.0001415099982
-0.0001719966088
-0.0002026915125
-0.0002335647315
-0.0002645916472
-0.0002957518808
-0.0003270284366
-0.0003584070412
-0.000389875628
-0.0004214239338
-0.0004530431779
-0.0004847258081
-0.000516465295
-0.0005482559668
-0.0005800928743
-0.0006119716805
-0.0006438885697
-0.0006758401721
-0.000707823501
-0.0007398359002
-0.000771875
-0.0008039386798
-0.0008360250362
-0.0008681323565
-0.0009002590951
-0.0009324038539
-0.0009645653653
-0.000996742477
-0.00102893414
-0.001061139396
-0.00109335737
-0.00112558726
-0.001157828328
-0.001190079897
-0.001222341344
3.560392134e-05
6.451671127e-05
9.272605255e-05
0.000120023882
0.0001461230779
0.000170625
0.0001929784228
0.0002124385178
0.0002280548384
0.000238748834
0.0002435470018
0.0002419320441
0.0002340843367
0.0002207934266
0.000203125
0.0001821118939
0.0001586040519
0.0001332451637
0.0001065046654
7.872077898e-05
5.013763624e-05
2.093306471e-05
-8.761765646e-06
-3.884874256e-05
-6.925343387e-05
-9.991858913e-05
-0.0001307995933
-0.0001618612485
-0.0001930754672
-0.000224419597
-0.0002558751888
-0.0002874270795
-0.000319062702
-0.0003507715589
-0.0003825448185
-0.000414375
-0.0004462557276
-0.0004781815353
-0.0005101477115
-0.0005421501743
-0.0005741853704
-0.0006062501929
-0.0006383419134
-0.0006704581269
-0.0007025967052
-0.0007347557584
-0.0007669336027
-0.0007991287333
-0.000831339801
-0.0008635655932
-0.0008958050164
-0.0009280570826
-0.0009603208967
-0.0009925956457
-0.00102488059
-0.001057175055
-0.001089478423
-0.001121790131
-0.001154109659
-0.001186436532
-0.001218770312
4.865768237e-05
7.872077898e-05
0.0001082717867
0.0001371419536
0.0001650866412
0.0001917438448
0.0002165699651
0.000238748834
0.000257094827
0.0002700501813
0.0002759963412
0.0002739845827
0.0002643529753
0.0002484910363
0.0002280548384
0.0002044291868
0.000178604957
0.0001512492341
0.0001228050924
9.356942717e-05
6.374486774e-05
3.347273322e-05
2.853773413e-06
-2.803866048e-05
-5.915011348e-05
-9.043943076e-05
-0.000121875
-0.0001534321782
-0.0001850914966
-0.000216837386
-0.0002486572573
-0.0002805408274
-0.0003124796193
-0.0003444665848
-0.000376495818
-0.0004085623346
-0.0004406618996
-0.0004727908925
-0.0005049462004
-0.0005371251325
-0.0005693253511
-0.0006015448157
-0.0006337817378
-0.0006660345428
-0.0006983018393
-0.0007305823934
-0.0007628751069
-0.0007951789994
-0.0008274931927
-0.0008598168982
-0.0008921494053
-0.0009244900725
-0.0009568383191
-0.0009891936179
-0.001021555489
-0.001053923497
-0.001086297241
-0.001118676356
-0.001151060507
-0.001183449387
-0.001215842712
5.914984785e-05
9.020943199e-05
0.0001209479397
0.0001512492341
0.0001809368499
0.0002097324674
0.0002371797021
0.0002625040761
0.000284375
0.000300625
0.000308412044
0.0003057493004
0.0002933738926
0.0002739845827
0.0002501738467
0.0002236633339
0.0001954692712
0.0001661840911
0.0001361624852
0.000105625
7.471415635e-05
4.352539286e-05
1.212468284e-05
-1.944107417e-05
-5.113770821e-05
-8.293977976e-05
-0.0001148279842
-0.0001467874224
-0.0001788064209
-0.0002108757089
-0.0002429878344
-0.0002751367409
-0.000307317457
-0.0003395258649
-0.0003717585254
-0.0004040125443
-0.0004362854685
-0.0004685752058
-0.0005008799607
-0.0005331981841
-0.0005655285322
-0.0005978698338
-0.0006302210636
-0.00066258132
-0.0006949498073
-0.0007273258204
-0.0007597087324
-0.0007920979839
-0.0008244930746
-0.000856893555
-0.0008892990209
-0.0009217091073
-0.0009541234839
-0.0009865418511
-0.001018963937
-0.001051389493
-0.001083818292
-0.001116250128
-0.001148684811
-0.001181122165
-0.001213562031
6.684277317e-05
9.8678235e-05
0.0001303586887
0.0001618238545
0.0001929784228
0.0002236633339
0.0002535951094
0.0002822272576
0.000308412044
0.0003295989033
0.0003407441558
0.0003368299696
0.0003198800653
0.0002957380521
0.000268125
0.000238748834
0.0002083933205
0.0001774479226
0.0001461230779
0.0001145410001
8.277702489e-05
5.087992441e-05
1.888258317e-05
-1.319205872e-05
-4.532753003e-05
-7.751170851e-05
-0.0001097354801
-0.0001419918633
-0.000174275422
-0.0002065818616
-0.0002389077448
-0.0002712502883
-0.000303607215
-0.0003359766437
-0.0003683570072
-0.0004007469892
-0.0004331454763
-0.0004655515202
-0.0004979643085
-0.0005303831409
-0.0005628074109
-0.0005952365903
-0.0006276702172
-0.0006601078858
-0.0006925492381
-0.0007249939572
-0.0007574417614
-0.0007898923998
-0.0008223456477
-0.0008548013037
-0.0008872591865
-0.0009197191326
-0.0009521809941
-0.0009846446368
-0.001017109939
-0.001049576789
-0.001082045087
-0.001114514739
-0.00114698566
-0.001179457773
-0.001211931005
7.154338873e-05
0.0001038733464
0.0001361624852
0.000168394181
0.0002005414304
0.0002325573386
0.0002643529753
0.0002957380521
0.0003262280304
0.0003542246156
0.0003727497668
0.000365625
0.0003407441558
0.0003111493132
0.0002801160806
0.0002484910363
0.0002165699651
0.000184480659
0.0001522868814
0.000120023882
8.771269351e-05
5.536662817e-05
2.299451651e-05
-9.397555779e-06
-4.180525957e-05
-7.422543186e-05
-0.0001066557083
-0.0001390942863
-0.0001715397677
-0.0002039910512
-0.0002364472581
-0.0002689076783
-0.000301371732
-0.000333838941
-0.0003663089075
-0.0003987812979
-0.0004312558302
-0.0004637322645
-0.0004962103956
-0.0005286900465
-0.0005611710643
-0.0005936533156
-0.0006261366842
-0.0006586210676
-0.0006911063759
-0.0007235925291
-0.0007560794566
-0.0007885670951
-0.0008210553881
-0.000853544285
-0.0008860337404
-0.000918523713
-0.0009510141657
-0.000983505065
-0.00101599638
-0.001048488083
-0.001080980149
-0.001113472554
-0.001145965277
-0.001178458298
-0.0012109516
7.3125e-05
0.000105625
0.000138125
0.000170625
0.000203125
0.000235625
0.000268125
0.000300625
0.000333125
0.000365625
0.000398125
0.000381875
0.000349375
0.000316875
0.000284375
0.000251875
0.000219375
0.000186875
0.000154375
0.000121875
8.9375e-05
5.6875e-05
2.4375e-05
-8.125e-06
-4.0625e-05
-7.3125e-05
-0.000105625
-0.000138125
-0.000170625
-0.000203125
-0.000235625
-0.000268125
-0.000300625
-0.000333125
-0.000365625
-0.000398125
-0.000430625
-0.000463125
-0.000495625
-0.000528125
-0.000560625
-0.000593125
-0.000625625
-0.000658125
-0.000690625
-0.000723125
-0.000755625
-0.000788125
-0.000820625
-0.000853125
-0.000885625
-0.000918125
-0.000950625
-0.000983125
-0.001015625
-0.001048125
-0.001080625
-0.001113125
-0.001145625
-0.001178125
-0.001210625
7.154338873e-05
0.0001038733464
0.0001361624852
0.000168394181
0.0002005414304
0.0002325573386
0.0002643529753
0.0002957380521
0.0003262280304
0.0003542246156
0.0003727497668
0.000365625
0.0003407441558
0.0003111493132
0.0002801160806
0.0002484910363
0.0002165699651
0.000184480659
0.0001522868814
0.000120023882
8.771269351e-05
5.536662817e-05
2.299451651e-05
-9.397555779e-06
-4.180525957e-05
-7.422543186e-05
-0.0001066557083
-0.0001390942863
-0.0001715397677
-0.0002039910512
-0.0002364472581
-0.0002689076783
-0.000301371732
-0.000333838941
-0.0003663089075
-0.0003987812979
-0.0004312558302
-0.0004637322645
-0.0004962103956
-0.0005286900465
-0.0005611710643
-0.0005936533156
-0.0006261366842
-0.0006586210676
-0.0006911063759
-0.0007235925291
-0.0007560794566
-0.0007885670951
-0.0008210553881
-0.000853544285
-0.0008860337404
-0.000918523713
-0.0009510141657
-0.000983505065
-0.00101599638
-0.001048488083
-0.001080980149
-0.001113472554
-0.001145965277
-0.001178458298
-0.0012109516
6.684277317e-05
9.8678235e-05
0.0001303586887
0.0001618238545
0.0001929784228
0.0002236633339
0.0002535951094
0.0002822272576
0.000308412044
0.0003295989033
0.0003407441558
0.0003368299696
0.0003198800653
0.0002957380521
0.000268125
0.000238748834
0.0002083933205
0.0001774479226
0.0001461230779
0.0001145410001
8.277702489e-05
5.087992441e-05
1.888258317e-05
-1.319205872e-05
-4.532753003e-05
-7.751170851e-05
-0.0001097354801
-0.0001419918633
-0.000174275422
-0.0002065818616
-0.0002389077448
-0.0002712502883
-0.000303607215
-0.0003359766437
-0.0003683570072
-0.0004007469892
-0.0004331454763
-0.0004655515202
-0.0004979643085
-0.0005303831409
-0.0005628074109
-0.0005952365903
-0.0006276702172
-0.0006601078858
-0.0006925492381
-0.0007249939572
-0.0007574417614
-0.0007898923998
-0.0008223456477
-0.0008548013037
-0.0008872591865
-0.0009197191326
-0.0009521809941
-0.0009846446368
-0.001017109939
-0.001049576789
-0.001082045087
-0.001114514739
-0.00114698566
-0.001179457773
-0.001211931005
5.914984785e-05
9.020943199e-05
0.0001209479397
0.0001512492341
0.0001809368499
0.0002097324674
0.0002371797021
0.0002625040761
0.000284375
0.000300625
0.000308412044
0.0003057493004
0.0002933738926
0.0002739845827
0.0002501738467
0.0002236633339
0.0001954692712
0.0001661840911
0.0001361624852
0.000105625
7.471415635e-05
4.352539286e-05
1.212468284e-05
-1.944107417e-05
-5.113770821e-05
-8.293977976e-05
-0.0001148279842
-0.0001467874224
-0.0001788064209
-0.0002108757089
-0.0002429878344
-0.0002751367409
-0.000307317457
-0.0003395258649
-0.0003717585254
-0.0004040125443
-0.0004362854685
-0.0004685752058
-0.0005008799607
-0.0005331981841
-0.0005655285322
-0.0005978698338
-0.0006302210636
-0.00066258132
-0.0006949498073
-0.0007273258204
-0.0007597087324
-0.0007920979839
-0.0008244930746
-0.000856893555
-0.0008892990209
-0.0009217091073
-0.0009541234839
-0.0009865418511
-0.001018963937
-0.001051389493
-0.001083818292
-0.001116250128
-0.001148684811
-0.001181122165
-0.001213562031
4.865768237e-05
7.872077898e-05
0.0001082717867
0.0001371419536
0.0001650866412
0.0001917438448
0.0002165699651
0.000238748834
0.000257094827
0.0002700501813
0.0002759963412
0.0002739845827
0.0002643529753
0.0002484910363
0.0002280548384
0.0002044291868
0.000178604957
0.0001512492341
0.0001228050924
9.356942717e-05
6.374486774e-05
3.347273322e-05
2.853773413e-06
-2.803866048e-05
-5.915011348e-05
-9.043943076e-05
-0.000121875
-0.0001534321782
-0.0001850914966
-0.000216837386
-0.0002486572573
-0.0002805408274
-0.0003124796193
-0.0003444665848
-0.000376495818
-0.0004085623346
-0.0004406618996
-0.0004727908925
-0.0005049462004
-0.0005371251325
-0.0005693253511
-0.0006015448157
-0.0006337817378
-0.0006660345428
-0.0006983018393
-0.0007305823934
-0.0007628751069
-0.0007951789994
-0.0008274931927
-0.0008598168982
-0.0008921494053
-0.0009244900725
-0.0009568383191
-0.0009891936179
-0.001021555489
-0.001053923497
-0.001086297241
-0.001118676356
-0.001151060507
-0.001183449387
-0.001215842712
3.560392134e-05
6.451671127e-05
9.272605255e-05
0.000120023882
0.0001461230779
0.000170625
0.0001929784228
0.0002124385178
0.0002280548384
0.000238748834
0.0002435470018
0.0002419320441
0.0002340843367
0.0002207934266
0.000203125
0.0001821118939
0.0001586040519
0.0001332451637
0.0001065046654
7.872077898e-05
5.013763624e-05
2.093306471e-05
-8.761765646e-06
-3.884874256e-05
-6.925343387e-05
-9.991858913e-05
-0.0001307995933
-0.0001618612485
-0.0001930754672
-0.000224419597
-0.0002558751888
-0.0002874270795
-0.000319062702
-0.0003507715589
-0.0003825448185
-0.000414375
-0.0004462557276
-0.0004781815353
-0.0005101477115
-0.0005421501743
-0.0005741853704
-0.0006062501929
-0.0006383419134
-0.0006704581269
-0.0007025967052
-0.0007347557584
-0.0007669336027
-0.0007991287333
-0.000831339801
-0.0008635655932
-0.0008958050164
-0.0009280570826
-0.0009603208967
-0.0009925956457
-0.00102488059
-0.001057175055
-0.001089478423
-0.001121790131
-0.001154109659
-0.001186436532
-0.001218770312
2.024836059e-05
4.791999759e-05
7.471415635e-05
0.0001004001338
0.0001246744939
0.0001471401958
0.000167286581
0.000184480659
0.0001979899087
0.0002070631766
0.0002110808026
0.0002097324674
0.000203125
0.0001917438448
0.0001762967099
0.0001575400472
0.0001361624852
0.0001127361321
8.771269351e-05
6.143970342e-05
3.418177289e-05
6.140151802e-06
-2.253143106e-05
-5.171467181e-05
-8.131770363e-05
-0.000111268493
-0.0001415099982
-0.0001719966088
-0.0002026915125
-0.0002335647315
-0.0002645916472
-0.0002957518808
-0.0003270284366
-0.0003584070412
-0.000389875628
-0.0004214239338
-0.0004530431779
-0.0004847258081
-0.000516465295
-0.0005482559668
-0.0005800928743
-0.0006119716805
-0.0006438885697
-0.0006758401721
-0.000707823501
-0.0007398359002
-0.000771875
-0.0008039386798
-0.0008360250362
-0.0008681323565
-0.0009002590951
-0.0009324038539
-0.0009645653653
-0.000996742477
-0.00102893414
-0.001061139396
-0.00109335737
-0.00112558726
-0.001157828328
-0.001190079897
-0.001222341344
2.853773413e-06
2.924649786e-05
5.461486861e-05
7.872077898e-05
0.0001012647288
0.000121875
0.0001401019855
0.0001554255781
0.000167286581
0.0001751512319
0.000178604957
0.0001774479226
0.0001717483675
0.0001618238545
0.0001481613222
0.0001313174799
0.0001118378474
9.020943199e-05
6.684277317e-05
4.2072309e-05
1.616537376e-05
-1.066622735e-05
-3.825507941e-05
-6.646861675e-05
-9.520140904e-05
-0.0001243691107
-0.0001539037875
-0.000183750331
-0.0002138637119
-0.0002442068707
-0.0002747490937
-0.0003054647537
-0.0003363323292
-0.0003673336352
-0.0003984532159
-0.0004296778621
-0.0004609962255
-0.0004923985078
-0.0005238762095
-0.0005554219246
-0.0005870291731
-0.0006186922621
-0.0006504061719
-0.0006821664601
-0.000713969182
-0.0007458108233
-0.000777688244
-0.0008095986298
-0.0008415394516
-0.0008735084306
-0.000905503508
-0.0009375228196
-0.0009695646734
-0.00100162753
-0.001033709988
-0.001065810763
-0.001097928685
-0.001130062677
-0.001162211751
-0.001194375
-0.001226551585
-1.632811778e-05
8.788818719e-06
3.276503963e-05
5.536662817e-05
7.631096681e-05
9.526303785e-05
0.0001118378474
0.0001256138644
0.0001361624852
0.0001430953105
0.0001461230779
0.0001451099215
0.0001401019855
0.0001313174799
0.000119102798
0.0001038733464
8.605901695e-05
6.6065652e-05
4.425412209e-05
2.093306471e-05
-3.639943308e-06
-2.925303171e-05
-5.573324171e-05
-8.293977976e-05
-0.0001107579938
-0.0001390942863
-0.0001678719519
-0.0001970278304
-0.0002265096429
-0.0002562738793
-0.000286284126
-0.0003165097392
-0.0003469247909
-0.0003775072268
-0.0004082381924
-0.0004391014894
-0.0004700831362
-0.0005011710107
-0.0005323545576
-0.0005636245489
-0.0005949728851
-0.0006263924312
-0.0006578768795
-0.0006894206351
-0.0007210187194
-0.0007526666884
-0.0007843605642
-0.0008160967759
-0.0008478721095
-0.0008796836649
-0.0009115288189
-0.0009434051932
-0.0009753106268
-0.001007243152
-0.001039200973
-0.001071182449
-0.001103186075
-0.001135210473
-0.001167254374
-0.00119931661
-0.001231396105
-3.706536814e-05
-1.319205872e-05
9.45374797e-06
3.064995923e-05
5.013763624e-05
6.762167776e-05
8.277702489e-05
9.526303785e-05
0.0001047479011
0.000110942295
0.0001136371745
0.0001127361321
0.0001082717867
0.0001004001338
8.9375e-05
7.55115979e-05
5.914984785e-05
4.0625e-05
2.024836059e-05
-1.702681846e-06
-2.498777157e-05
-4.940243402e-05
-7.477470376e-05
-0.0001009608936
-0.000127841299
-0.0001553162389
-0.0001833025978
-0.0002117308983
-0.0002405428692
-0.0002696894504
-0.0002991291644
-0.0003288267923
-0.0003587522978
-0.000388879952
-0.0004191876207
-0.000449656181
-0.0004802690441
-0.0005110117623
-0.000541871704
-0.0005728377849
-0.0006039002441
-0.0006350504565
-0.0006662807761
-0.0006975844036
-0.0007289552747
-0.0007603879647
-0.0007918776082
-0.0008234198299
-0.000855010685
-0.0008866466086
-0.0009183243715
-0.000950041042
-0.0009817939531
-0.001013580673
-0.001045398982
-0.001077246846
-0.001109122402
-0.001141023938
-0.001172949881
-0.00120489878
-0.001236869294
-5.915011348e-05
-3.646931359e-05
-1.507649528e-05
4.822371871e-06
2.299451651e-05
3.918339756e-05
5.311615055e-05
6.451671127e-05
7.3125e-05
7.872077898e-05
8.114845336e-05
8.03372193e-05
7.631096681e-05
6.918488667e-05
5.914984785e-05
4.644916534e-05
3.135366016e-05
1.413982336e-05
-4.926380189e-06
-2.559967364e-05
-4.766052601e-05
-7.091652295e-05
-9.520140904e-05
-0.0001203728638
-0.0001463097394
-0.0001729092101
-0.0002000840792
-0.0002277603632
-0.0002558751888
-0.000284375
-0.0003132140475
-0.0003423531262
-0.0003717585254
-0.0004014011565
-0.0004312558302
-0.0004613006559
-0.0004915165429
-0.0005218867844
-0.0005523967105
-0.0005830333975
-0.0006137854237
-0.0006446426637
-0.0006755961146
-0.0007066377484
-0.000737760387
-0.0007689575947
-0.0008002235868
-0.000831553151
-0.0008629415796
-0.0008943846107
-0.0009258783781
-0.0009574193663
-0.0009890043731
-0.001020630475
-0.001052295
-0.001083995497
-0.001115729719
-0.0011474956
-0.001179291237
-0.001211114876
-0.001242964894
-8.2399686e-05
-6.084917643e-05
-4.0625e-05
-2.19151441e-05
-4.926380189e-06
1.011979334e-05
2.299451651e-05
3.347273322e-05
4.134793694e-05
4.644916534e-05
4.865768237e-05
4.791999759e-05
4.425412209e-05
3.774743471e-05
2.854672278e-05
1.684289859e-05
2.853773413e-06
-1.319205872e-05
-3.106826583e-05
-5.05600159e-05
-7.146959937e-05
-9.36191235e-05
-0.0001168511046
-0.0001410277089
-0.0001660292287
-0.0001917522079
-0.0002181074822
-0.0002450182939
-0.000272418561
-0.000300251338
-0.0003284674733
-0.000357024453
-0.000385885415
-0.0004150183122
-0.0004443952055
-0.000473991666
-0.0005037862716
-0.0005337601811
-0.0005638967753
-0.0005941813523
-0.0006246008697
-0.0006551437255
-0.000685799571
-0.0007165591515
-0.0007474141693
-0.0007783571672
-0.0008093814267
-0.0008404808814
-0.0008716500413
-0.0009028839277
-0.0009341780158
-0.0009655281856
-0.0009969306782
-0.001028382058
-0.001059879178
-0.001091419153
-0.001122999331
-0.001154617272
-0.001186270727
-0.001217957619
-0.00124967603
-0.0001066557083
-8.616790242e-05
-6.702689107e-05
-4.940243402e-05
-3.347692165e-05
-1.944107417e-05
-7.487254335e-06
2.199705327e-06
9.45374797e-06
1.413982336e-05
1.616537376e-05
1.548902367e-05
1.212468284e-05
6.140151802e-06
-2.349456222e-06
-1.319205872e-05
-2.621070992e-05
-4.121551892e-05
-5.801395038e-05
-7.641876906e-05
-9.625349812e-05
-0.0001173556633
-0.000139578284
-0.0001627901046
-0.000186875
-0.0002117308983
-0.0002372684656
-0.00026340972
-0.0002900866755
-0.0003172400764
-0.0003448182496
-0.0003727760847
-0.0004010741391
-0.0004296778621
-0.0004585569239
-0.00048768464
-0.0005170374772
-0.0005465946309
-0.0005763376631
-0.0006062501929
-0.0006363176312
-0.0006665269529
-0.0006968665014
-0.0007273258204
-0.0007578955088
-0.0007885670951
-0.0008193329289
-0.000850186087
-0.0008811202908
-0.0009121298355
-0.0009432095272
-0.0009743546286
-0.001005560811
-0.001036824111
-0.001068140896
-0.001099507829
-0.00113092184
-0.0011623801
-0.00119388
-0.001225419127
-0.001256995251
-0.0001317820768
-0.0001122879838
-9.414710793e-05
-7.751170851e-05
-6.254208144e-05
-4.940243402e-05
-3.825507941e-05
-2.925303171e-05
-2.253143106e-05
-1.819863131e-05
-1.632811778e-05
-1.69525409e-05
-2.006093773e-05
-2.559967364e-05
-3.347692165e-05
-4.356984241e-05
-5.573324171e-05
-6.980844245e-05
-8.56313532e-05
-0.0001030391032
-0.000121875
-0.0001419918633
-0.0001632539645
-0.0001855378764
-0.0002087325328
-0.0002327387641
-0.0002574685138
-0.000282843891
-0.0003087961633
-0.0003352647609
-0.0003621963323
-0.0003895438745
-0.0004172659474
-0.0004453259747
-0.0004736916263
-0.0005023342782
-0.0005312285414
-0.0005603518522
-0.0005896841171
-0.0006192074056
-0.0006489056831
-0.0006787645808
-0.0007087711951
-0.0007389139143
-0.0007691822676
-0.000799566794
-0.0008300589281
-0.0008606509001
-0.0008913356487
-0.0009221067445
-0.0009529583231
-0.000983885026
-0.001014881949
-0.001045944595
-0.001077068835
-0.001108250872
-0.001139487208
-0.001170774616
-0.001202110117
-0.001233490952
-0.001264914569
-0.0001576624627
-0.0001390942863
-0.000121875
-0.0001061406133
-9.203181346e-05
-7.969021301e-05
-6.925343387e-05
-6.084917643e-05
-5.458865466e-05
-5.05600159e-05
-4.882253886e-05
-4.940243402e-05
-5.229090943e-05
-5.744482488e-05
-6.478982382e-05
-7.422543186e-05
-8.56313532e-05
-9.887413388e-05
-0.0001138134727
-0.0001303076769
-0.0001482180023
-0.000167411826
-0.0001877647436
-0.0002091617651
-0.0002314978072
-0.0002546776743
-0.0002786156917
-0.0003032351236
-0.0003284674733
-0.0003542517361
-0.0003805336524
-0.000407264991
-0.0004344028806
-0.0004619091966
-0.0004897500087
-0.0005178950864
-0.0005463174599
-0.0005749930334
-0.0006039002441
-0.0006330197632
-0.0006623342342
-0.000691828044
-0.0007214871217
-0.0007512987638
-0.0007812514803
-0.0008113348597
-0.0008415394516
-0.0008718566625
-0.0009022786644
-0.0009327983153
-0.0009634090874
-0.0009941050052
-0.00102488059
-0.001055730811
-0.00108665104
-0.001117637017
-0.001148684811
-0.001179790791
-0.0012109516
-0.001242164129
-0.001273425494
-0.0001841977247
-0.0001664904653
-0.0001501197203
-0.0001352067302
-0.000121875
-0.0001102469899
-0.0001004400094
-9.256147804e-05
-8.670386764e-05
-8.293977976e-05
-8.131770363e-05
-8.185899462e-05
-8.455649509e-05
-8.9375e-05
-9.625349812e-05
-0.0001051088668
-0.0001158405244
-0.0001283354849
-0.0001424733052
-0.0001581305371
-0.0001751844465
-0.0001935159049
-0.0002130114679
-0.0002335647315
-0.0002550770867
-0.0002774580083
-0.000300625
-0.0003245033035
-0.0003490254568
-0.0003741307664
-0.0003997647428
-0.0004258785301
-0.000452428354
-0.000479375
-0.0005066833303
-0.0005343218424
-0.0005622622692
-0.0005904792213
-0.0006189498662
-0.0006476536439
-0.0006765720147
-0.000705688236
-0.0007349871645
-0.0007644550827
-0.0007940795446
-0.0008238492402
-0.0008537538752
-0.0008837840657
-0.0009139312435
-0.0009441875738
-0.0009745458812
-0.001004999585
-0.00103554264
-0.001066169485
-0.001096875
-0.001127654459
-0.0011585035
-0.001189418086
-0.00122039448
-0.001251429218
-0.001282519083
-0.0002113034516
-0.0001943958113
-0.0001788064209
-0.000164643283
-0.0001520149601
-0.0001410277089
-0.0001317820768
-0.0001243691107
-0.0001188664305
-0.0001153345
-0.0001138134727
-0.0001143209756
-0.0001168511046
-0.0001213747631
-0.000127841299
-0.0001361812312
-0.0001463097394
-0.0001581305371
-0.0001715397677
-0.0001864296273
-0.0002026915125
-0.0002202185871
-0.0002389077448
-0.000258661002
-0.0002793863946
-0.0003009984646
-0.0003234184286
-0.00034657411
-0.0003703997059
-0.0003948354453
-0.000419827185
-0.0004453259747
-0.0004712876149
-0.000497672226
-0.0005244438356
-0.0005515699939
-0.0005790214172
-0.0006067716635
-0.0006347968364
-0.0006630753203
-0.0006915875406
-0.0007203157507
-0.0007492438406
-0.0007783571672
-0.0008076424028
-0.0008370874002
-0.0008666810726
-0.0008964132875
-0.0009262747711
-0.0009562570241
-0.000986352246
-0.001016553268
-0.001046853494
-0.001077246846
-0.001107727713
-0.001138290916
-0.001168931661
-0.00119964551
-0.001230428348
-0.001261276354
-0.001292185976
-0.0002389077448
-0.0002227425601
-0.0002078731681
-0.0001943958113
-0.0001824061098
-0.0001719966088
-0.0001632539645
-0.0001562559027
-0.0001510681458
-0.0001477415528
-0.0001463097394
-0.0001467874224
-0.0001491696752
-0.0001534321782
-0.0001595324367
-0.000167411826
-0.0001769982453
-0.000188209116
-0.0002009544677
-0.0002151398862
-0.0002306691594
-0.0002474465203
-0.0002653784431
-0.000284375
-0.0003043508131
-0.0003252256596
-0.0003469247909
-0.000369379029
-0.0003925246964
-0.0004163034272
-0.0004406618996
-0.0004655515202
-0.0004909280847
-0.0005167514305
-0.000542985095
-0.0005695959871
-0.0005965540764
-0.0006238321038
-0.0006514053151
-0.0006792512163
-0.0007073493515
-0.0007356811015
-0.0007642295024
-0.0007929790818
-0.0008219157118
-0.0008510264774
-0.0008802995582
-0.0009097241223
-0.0009392902319
-0.0009689887577
-0.0009988113032
-0.001028750136
-0.001058798127
-0.001088948696
-0.00111919576
-0.00114953369
-0.001179957274
-0.001210461675
-0.001241042404
-0.001271695288
-0.001302416444
-0.0002669492763
-0.000251473643
-0.0002372684656
-0.000224419597
-0.0002130114679
-0.000203125
-0.0001948352815
-0.000188209116
-0.0001833025978
-0.0001801588937
-0.0001788064209
-0.0001792575923
-0.0001815082544
-0.0001855378764
-0.0001913104703
-0.0001987761487
-0.0002078731681
-0.0002185302739
-0.0002306691594
-0.0002442068707
-0.0002590580231
-0.0002751367409
-0.0002923582705
-0.000310640257
-0.000329903697
-0.0003500736018
-0.0003710794126
-0.0003928552125
-0.0004153397794
-0.0004384765182
-0.000462213307
-0.000486502284
-0.0005112995985
-0.0005365651413
-0.0005622622692
-0.000588357531
-0.0006148204019
-0.0006416230317
-0.0006687400072
-0.0006961481316
-0.0007238262212
-0.0007517549182
-0.000779916521
-0.0008082948286
-0.000836875
-0.0008656434274
-0.0008945876208
-0.0009236961044
-0.0009529583231
-0.000982364558
-0.00101190585
-0.001041573933
-0.001071361169
-0.001101260494
-0.001131265371
-0.001161369737
-0.00119156797
-0.001221854846
-0.00125222551
-0.00128267544
-0.001313200425
-0.0002953756236
-0.0002805408274
-0.0002669492763
-0.0002546776743
-0.0002438007793
-0.000234389634
-0.0002265096429
-0.0002202185871
-0.0002155646956
-0.0002125849058
-0.0002113034516
-0.0002117308983
-0.0002138637119
-0.0002176844041
-0.0002231622382
-0.000230254431
-0.0002389077448
-0.0002490603392
-0.0002606437439
-0.000273584826
-0.0002878076458
-0.0003032351236
-0.0003197904711
-0.0003373983649
-0.0003559858661
-0.0003754831006
-0.0003958237283
-0.0004169452324
-0.0004387890616
-0.0004613006559
-0.0004844293843
-0.0005081284176
-0.0005323545576
-0.0005570680371
-0.0005822323042
-0.0006078138001
-0.0006337817378
-0.0006601078858
-0.0006867663611
-0.0007137334332
-0.0007409873406
-0.0007685081201
-0.000796277449
-0.0008242785005
-0.0008524958106
-0.0008809151567
-0.0009095234477
-0.000938308623
-0.0009672595615
-0.000996365999
-0.001025618453
-0.001055008153
-0.001084526984
-0.001114167423
-0.001143922495
-0.001173785724
-0.001203751092
-0.001233812999
-0.001263966233
-0.001294205936
-0.001324527575
-0.0003241418576
-0.0003099031894
-0.0002968794444
-0.000285139283
-0.0002747490937
-0.0002657714957
-0.0002582637437
-0.0002522761123
-0.0002478503483
-0.0002450182939
-0.0002438007793
-0.0002442068707
-0.0002462335367
-0.0002498657601
-0.0002550770867
-0.0002618305645
-0.0002700799976
-0.0002797714214
-0.0002908446963
-0.0003032351236
-0.000316875
-0.0003316950458
-0.0003476256632
-0.000364598001
-0.0003825448185
-0.0004014011565
-0.0004211048305
-0.0004415967672
-0.0004628212086
-0.0004847258081
-0.0005072616396
-0.0005303831409
-0.0005540480088
-0.0005782170592
-0.0006028540658
-0.000627925585
-0.0006534007753
-0.0006792512163
-0.0007054507311
-0.0007319752152
-0.0007588024733
-0.0007859120656
-0.0008132851638
-0.0008409044173
-0.0008687538297
-0.0008968186439
-0.0009250852379
-0.0009535410283
-0.0009821743824
-0.001010974538
-0.001039931529
-0.001069036122
-0.001098279749
-0.001127654459
-0.001157152864
-0.001186768092
-0.001216493746
-0.001246323868
-0.001276252902
-0.001306275661
-0.001336387302
