-0.001343928562
-0.001313795421
-0.00128375
-0.001253797063
-0.001223941707
-0.001194189393
-0.001164545977
-0.001135017741
-0.001105611435
-0.001076334315
-0.001047194185
-0.001018199455
-0.000989359186
-0.0009606831549
-0.0009321819183
-0.0009038668841
-0.00087575039
-0.0008478457898
-0.0008201675472
-0.0007927313385
-0.0007655541645
-0.000738654472
-0.0007120522847
-0.0006857693451
-0.0006598292653
-0.0006342576886
-0.0006090824579
-0.0005843337925
-0.0005600444686
-0.00053625
-0.0005129888155
-0.0004903024246
-0.0004682355631
-0.0004468363086
-0.0004261561509
-0.00040625
-0.000387176115
-0.0003689959287
-0.0003517737463
-0.0003355762937
-0.0003204720927
-0.0003065306465
-0.0002938214249
-0.0002824126533
-0.0002723699231
-0.0002637546642
-0.0002566225368
-0.0002510218235
-0.0002469919154
-0.0002445619928
-0.00024375
-0.0002445619928
-0.0002469919154
-0.0002510218235
-0.0002566225368
-0.0002637546642
-0.0002723699231
-0.0002824126533
-0.0002938214249
-0.0003065306465
-0.0003204720927
-0.001332120286
-0.001301778835
-0.001271518235
-0.001241342941
-0.001211257728
-0.001181267716
-0.001151378406
-0.001121595706
-0.001091925974
-0.001062376059
-0.001032953339
-0.001003665778
-0.0009745219761
-0.0009455312323
-0.0009167036084
-0.0008880500039
-0.0008595822361
-0.0008313131297
-0.0008032566143
-0.0007754278326
-0.0007478432588
-0.0007205208285
-0.0006934800805
-0.0006667423112
-0.0006403307422
-0.0006142707004
-0.0005885898112
-0.0005633182029
-0.0005384887205
-0.0005141371468
-0.0004903024246
-0.0004670268748
-0.0004443564013
-0.000422340671
-0.0004010332526
-0.0003804916984
-0.0003607775419
-0.0003419561882
-0.0003240966643
-0.000307271198
-0.000291554593
-0.0002770233714
-0.0002637546642
-0.0002518248438
-0.0002413079125
-0.0002322736879
-0.0002247858548
-0.000218899982
-0.0002146616282
-0.0002121046717
-0.00021125
-0.0002121046717
-0.0002146616282
-0.000218899982
-0.0002247858548
-0.0002322736879
-0.0002413079125
-0.0002518248438
-0.0002637546642
-0.0002770233714
-0.000291554593
-0.001320842933
-0.001290299808
-0.00125983073
-0.001229439839
-0.001199131575
-0.001168910706
-0.001138782362
-0.001108752063
-0.001078825756
-0.001049009857
-0.001019311293
-0.0009897375537
-0.0009602967427
-0.0009309976397
-0.0009018497668
-0.0008728634625
-0.000844049964
-0.0008154214984
-0.0007869913838
-0.0007587741414
-0.0007307856195
-0.0007030431308
-0.0006755656035
-0.0006483737481
-0.0006214902396
-0.000594939917
-0.00056875
-0.0005429503213
-0.0005175735762
-0.0004926555846
-0.0004682355631
-0.0004443564013
-0.000421064934
-0.0003984121962
-0.0003764536476
-0.0003552493434
-0.0003348640263
-0.0003153671076
-0.0002968324987
-0.0002793382511
-0.0002629659592
-0.0002477998834
-0.0002339257571
-0.0002214292573
-0.0002103941437
-0.000200900105
-0.0001930203897
-0.0001868193467
-0.000182350034
-0.0001796520823
-0.00017875
-0.0001796520823
-0.000182350034
-0.0001868193467
-0.0001930203897
-0.000200900105
-0.0002103941437
-0.0002214292573
-0.0002339257571
-0.0002477998834
-0.0002629659592
-0.00131010697
-0.001279369322
-0.001248699017
-0.00121809987
-0.001187575979
-0.001157131751
-0.001126771934
-0.001096501643
-0.001066326399
-0.001036252166
-0.001006285398
-0.0009764330801
-0.0009467027893
-0.0009171027496
-0.0008876419004
-0.0008583299698
-0.0008291775576
-0.0008001962276
-0.0007713986106
-0.0007427985194
-0.0007144110772
-0.0006862528604
-0.000658342058
-0.0006306986487
-0.0006033445969
-0.0005763040698
-0.000549603676
-0.000523272727
-0.0004973435203
-0.0004718516456
-0.0004468363086
-0.000422340671
-0.0003984121962
-0.0003751029932
-0.0003524701394
-0.0003305759632
-0.0003094882552
-0.0002892803732
-0.0002700311915
-0.0002518248438
-0.000234750195
-0.000218899982
-0.0002043695624
-0.0001912552301
-0.0001796520823
-0.0001696514673
-0.0001613380989
-0.0001547869863
-0.00015006039
-0.0001472050569
-0.00014625
-0.0001472050569
-0.00015006039
-0.0001547869863
-0.0001613380989
-0.0001696514673
-0.0001796520823
-0.0001912552301
-0.0002043695624
-0.000218899982
-0.000234750195
-0.001299922617
-0.001268998116
-0.001238134383
-0.001207334906
-0.001176603436
-0.001145944012
-0.001115360988
-0.001084859067
-0.001054443329
-0.001024119271
-0.0009938928499
-0.000963770529
-0.0009337593283
-0.0009038668841
-0.0008741015142
-0.0008444722913
-0.0008149891248
-0.0007856628534
-0.0007565053483
-0.0007275296303
-0.00069875
-0.0006701821855
-0.0006418435073
-0.0006137530637
-0.000585931939
-0.0005584034352
-0.0005311933316
-0.0005043301722
-0.0004778455831
-0.0004517746209
-0.0004261561509
-0.0004010332526
-0.0003764536476
-0.0003524701394
-0.0003291410524
-0.0003065306465
-0.0002847094778
-0.0002637546642
-0.00024375
-0.0002247858548
-0.0002069587736
-0.0001903706919
-0.0001751276741
-0.0001613380989
-0.0001491102434
-0.000138549275
-0.0001297537313
-0.0001228116694
-0.0001177967536
-0.0001147646351
-0.00011375
-0.0001147646351
-0.0001177967536
-0.0001228116694
-0.0001297537313
-0.000138549275
-0.0001491102434
-0.0001613380989
-0.0001751276741
-0.0001903706919
-0.0002069587736
-0.001290299808
-0.001259196637
-0.001228147825
-0.00119715653
-0.001166226152
-0.001135360359
-0.001104563109
-0.00107383868
-0.001043191703
-0.001012627197
-0.0009821506086
-0.000951767857
-0.000921485384
-0.0008913102105
-0.00086125
-0.0008313131297
-0.0008015087714
-0.0007718469824
-0.0007423388081
-0.0007129963983
-0.000683833139
-0.0006548638016
-0.0006261047113
-0.0005975739387
-0.0005692915163
-0.0005412796829
-0.0005135631604
-0.0004861694642
-0.0004591292521
-0.0004324767135
-0.00040625
-0.0003804916984
-0.0003552493434
-0.0003305759632
-0.0003065306465
-0.0002831791117
-0.0002605942472
-0.0002388565803
-0.0002180546131
-0.0001982849452
-0.0001796520823
-0.0001622678097
-0.00014625
-0.0001317207241
-0.0001188035687
-0.0001076201198
-9.828567763e-05
-9.090440258e-05
-8.556424339e-05
-8.23321323e-05
-8.125e-05
-8.23321323e-05
-8.556424339e-05
-9.090440258e-05
-9.828567763e-05
-0.0001076201198
-0.0001188035687
-0.0001317207241
-0.00014625
-0.0001622678097
-0.0001796520823
-0.001281248148
-0.001249975
-0.00121875
-0.001187575979
-0.001156455986
-0.001125393317
-0.001094391529
-0.001063454477
-0.001032586335
-0.001001791636
-0.0009710753065
-0.0009404427081
-0.0009098996875
-0.0008794526289
-0.0008491085145
-0.0008188749936
-0.0007887604602
-0.0007587741414
-0.0007289261978
-0.0006992278379
-0.0006696914482
-0.0006403307422
-0.0006111609298
-0.0005821989112
-0.0005534634989
-0.0005249756708
-0.0004967588593
-0.0004688392812
-0.0004412463127
-0.0004140129152
-0.000387176115
-0.0003607775419
-0.0003348640263
-0.0003094882552
-0.0002847094778
-0.0002605942472
-0.0002372171709
-0.0002146616282
-0.0001930203897
-0.000172396049
-0.0001529011424
-0.0001346578018
-0.0001177967536
-0.0001024554649
-8.877525188e-05
-7.689723429e-05
-6.69571428e-05
-5.907918456e-05
-5.336940777e-05
-4.990923755e-05
-4.875e-05
-4.990923755e-05
-5.336940777e-05
-5.907918456e-05
-6.69571428e-05
-7.689723429e-05
-8.877525188e-05
-0.0001024554649
-0.0001177967536
-0.0001346578018
-0.0001529011424
-0.001272776876
-0.001241342941
-0.001209951179
-0.001178604094
-0.001147304392
-0.001116054996
-0.001084859067
-0.001053720034
-0.001022641616
-0.0009916278559
-0.0009606831549
-0.0009298123114
-0.0008990205658
-0.0008683136508
-0.0008376978486
-0.0008071800557
-0.000776767857
-0.0007464696103
-0.0007162945425
-0.0006862528604
-0.0006563558771
-0.0006266161578
-0.0005970476876
-0.0005676660641
-0.0005384887205
-0.0005095351822
-0.0004808273642
-0.0004523899129
-0.000424250602
-0.0003964407873
-0.0003689959287
-0.0003419561882
-0.0003153671076
-0.0002892803732
-0.0002637546642
-0.0002388565803
-0.0002146616282
-0.0001912552301
-0.0001687336954
-0.0001472050569
-0.0001267896327
-0.0001076201198
-8.984096948e-05
-7.360674946e-05
-5.907918456e-05
-4.642261901e-05
-3.579779153e-05
-2.735408208e-05
-2.122075923e-05
-1.749815634e-05
-1.625e-05
-1.749815634e-05
-2.122075923e-05
-2.735408208e-05
-3.579779153e-05
-4.642261901e-05
-5.907918456e-05
-7.360674946e-05
-8.984096948e-05
-0.0001076201198
-0.0001267896327
-0.001264894817
-0.001233309773
-0.001201761194
-0.001170251269
-0.001138782362
-0.001107357033
-0.001075978053
-0.001044648429
-0.001013371428
-0.0009821506086
-0.0009509898462
-0.0009198933746
-0.0008888658249
-0.000857912272
-0.0008270382875
-0.00079625
-0.0007655541645
-0.0007349582413
-0.0007044704869
-0.000674100059
-0.0006438571374
-0.0006137530637
-0.0005838005038
-0.0005540136357
-0.0005244083691
-0.0004950026006
-0.0004658165112
-0.0004368729151
-0.0004081976656
-0.0003798201305
-0.0003517737463
-0.0003240966643
-0.0002968324987
-0.0002700311915
-0.00024375
-0.0002180546131
-0.0001930203897
-0.0001687336954
-0.0001452932893
-0.0001228116694
-0.0001014162289
-8.125e-05
-6.247166581e-05
-4.525442966e-05
-2.978325561e-05
-1.625e-05
-4.846095822e-06
4.247201502e-06
1.087043553e-05
1.489817619e-05
1.625e-05
1.489817619e-05
1.087043553e-05
4.247201502e-06
-4.846095822e-06
-1.625e-05
-2.978325561e-05
-4.525442966e-05
-6.247166581e-05
-8.125e-05
-0.0001014162289
-0.001257610346
-0.001225884339
-0.001194189393
-0.00116252739
-0.001130900367
-0.001099310527
-0.001067760261
-0.001036252166
-0.001004789067
-0.000973374043
-0.0009420104533
-0.0009107019733
-0.0008794526289
-0.0008482668393
-0.0008171494646
-0.0007861058613
-0.000755141945
-0.0007242642635
-0.0006934800805
-0.0006627974732
-0.0006322254451
-0.0006017740573
-0.0005714545822
-0.0005412796829
-0.0005112636239
-0.0004814225184
-0.0004517746209
-0.000422340671
-0.000393144302
-0.0003642125234
-0.0003355762937
-0.000307271198
-0.0002793382511
-0.0002518248438
-0.0002247858548
-0.0001982849452
-0.000172396049
-0.0001472050569
-0.0001228116694
-9.933134855e-05
-7.689723429e-05
-5.566178812e-05
-3.579779153e-05
-1.749815634e-05
-9.738327996e-07
1.355100586e-05
2.58472529e-05
3.569298684e-05
4.288895366e-05
4.727576694e-05
4.875e-05
4.727576694e-05
4.288895366e-05
3.569298684e-05
2.58472529e-05
1.355100586e-05
-9.738327996e-07
-1.749815634e-05
-3.579779153e-05
-5.566178812e-05
-7.689723429e-05
-0.001250931342
-0.001219074968
-0.001187244587
-0.001155441791
-0.001123668298
-0.001091925974
-0.001060216842
-0.001028543104
-0.0009969071544
-0.00096531161
-0.0009337593283
-0.000902253439
-0.0008707973758
-0.0008393949133
-0.00080805021
-0.000776767857
-0.0007455529345
-0.0007144110772
-0.0006833485499
-0.0006523723359
-0.0006214902396
-0.0005907110073
-0.0005600444686
-0.0005295017032
-0.000499095238
-0.0004688392812
-0.00043875
-0.0004088458533
-0.0003791479883
-0.0003496807177
-0.0003204720927
-0.000291554593
-0.0002629659592
-0.000234750195
-0.0002069587736
-0.0001796520823
-0.0001529011424
-0.0001267896327
-0.0001014162289
-7.689723429e-05
-5.336940777e-05
-3.099278153e-05
-9.953075433e-06
9.536942489e-06
2.723812684e-05
4.288895366e-05
5.621428754e-05
6.694003846e-05
7.481373162e-05
7.962904231e-05
8.125e-05
7.962904231e-05
7.481373162e-05
6.694003846e-05
5.621428754e-05
4.288895366e-05
2.723812684e-05
9.536942489e-06
-9.953075433e-06
-3.099278153e-05
-5.336940777e-05
-0.001244865153
-0.001212889432
-0.001180935008
-0.001149003195
-0.001117095414
-0.001085213208
-0.001053358252
-0.001021532371
-0.0009897375537
-0.000957975971
-0.00092625
-0.0008945622463
-0.0008629155723
-0.0008313131297
-0.0007997583955
-0.000768255215
-0.0007368078507
-0.0007054210395
-0.000674100059
-0.0006428508055
-0.0006116798846
-0.0005805947193
-0.000549603676
-0.0005187162156
-0.000487943072
-0.0004572964666
-0.0004267903652
-0.0003964407873
-0.0003662661811
-0.0003362878778
-0.0003065306465
-0.0002770233714
-0.0002477998834
-0.000218899982
-0.0001903706919
-0.0001622678097
-0.0001346578018
-0.0001076201198
-8.125e-05
-5.566178812e-05
-3.099278153e-05
-7.407466994e-06
1.489817619e-05
3.569298684e-05
5.470875064e-05
7.164202042e-05
8.616212144e-05
9.792792813e-05
0.0001066148051
0.000111949983
0.00011375
0.000111949983
0.0001066148051
9.792792813e-05
8.616212144e-05
7.164202042e-05
5.470875064e-05
3.569298684e-05
1.489817619e-05
-7.407466994e-06
-3.099278153e-05
-0.001239418557
-0.001207334906
-0.001175268258
-0.001143219667
-0.001111190279
-0.001079181335
-0.001047194185
-0.001015230302
-0.0009832912912
-0.0009513789073
-0.0009194950735
-0.0008876419004
-0.0008558217095
-0.00082403706
-0.0007922907794
-0.0007605859996
-0.0007289261978
-0.000697315245
-0.0006657574627
-0.0006342576886
-0.0006028213553
-0.0005714545822
-0.0005401642856
-0.0005089583096
-0.0004778455831
-0.0004468363086
-0.0004159421916
-0.000385176718
-0.0003545554942
-0.0003240966643
-0.0002938214249
-0.0002637546642
-0.0002339257571
-0.0002043695624
-0.0001751276741
-0.00014625
-0.0001177967536
-8.984096948e-05
-6.247166581e-05
-3.579779153e-05
-9.953075433e-06
1.489817619e-05
3.855447378e-05
6.077026109e-05
8.125e-05
9.964561321e-05
0.0001155611629
0.0001285698783
0.0001382481343
0.0001442266232
0.00014625
0.0001442266232
0.0001382481343
0.0001285698783
0.0001155611629
9.964561321e-05
8.125e-05
6.077026109e-05
3.855447378e-05
1.489817619e-05
-9.953075433e-06
-0.001234597723
-0.001202417927
-0.001170251269
-0.001138098568
-0.001105960716
-0.00107383868
-0.001041733512
-0.001009646359
-0.0009775784756
-0.0009455312323
-0.0009135061328
-0.0008815048292
-0.0008495291406
-0.0008175810749
-0.0007856628534
-0.0007537769393
-0.0007219260723
-0.0006901133066
-0.000658342058
-0.0006266161578
-0.000594939917
-0.0005633182029
-0.0005317565298
-0.0005002611693
-0.0004688392812
-0.0004374990741
-0.00040625
-0.0003751029932
-0.0003440707647
-0.0003131681677
-0.0002824126533
-0.0002518248438
-0.0002214292573
-0.0001912552301
-0.0001613380989
-0.0001317207241
-0.0001024554649
-7.360674946e-05
-4.525442966e-05
-1.749815634e-05
9.536942489e-06
3.569298684e-05
6.077026109e-05
8.451641456e-05
0.0001066148051
0.0001266744288
0.0001442266232
0.0001587373741
0.0001696464286
0.0001764402961
0.00017875
0.0001764402961
0.0001696464286
0.0001587373741
0.0001442266232
0.0001266744288
0.0001066148051
8.451641456e-05
6.077026109e-05
3.569298684e-05
9.536942489e-06
-0.001230408181
-0.001198144356
-0.001165890261
-0.001133646506
-0.001101413756
-0.00106919273
-0.001036984215
-0.001004789067
-0.0009726082233
-0.0009404427081
-0.0009082936471
-0.0008761622777
-0.000844049964
-0.0008119582129
-0.0007798886934
-0.0007478432588
-0.0007158239726
-0.000683833139
-0.0006518733387
-0.0006199474713
-0.0005880588052
-0.0005562110382
-0.0005244083691
-0.0004926555846
-0.0004609581642
-0.0004293224086
-0.000397755597
-0.0003662661811
-0.0003348640263
-0.0003035607142
-0.0002723699231
-0.0002413079125
-0.0002103941437
-0.0001796520823
-0.0001491102434
-0.0001188035687
-8.877525188e-05
-5.907918456e-05
-2.978325561e-05
-9.738327996e-07
2.723812684e-05
5.470875064e-05
8.125e-05
0.0001066148051
0.0001304783553
0.0001524168855
0.0001718891671
0.0001882333722
0.0002007019521
0.0002085602178
0.00021125
0.0002085602178
0.0002007019521
0.0001882333722
0.0001718891671
0.0001524168855
0.0001304783553
0.0001066148051
8.125e-05
5.470875064e-05
2.723812684e-05
-0.001226854788
-0.001194519346
-0.001162190707
-0.001129869299
-0.001097555589
-0.001065250085
-0.001032953339
-0.001000665953
-0.0009683885889
-0.0009361219678
-0.0009038668841
-0.0008716242113
-0.0008393949133
-0.0008071800557
-0.00077498082
-0.0007427985194
-0.000710634618
-0.0006784907524
-0.0006463687581
-0.0006142707004
-0.0005821989112
-0.000550156033
-0.0005181450725
-0.0004861694642
-0.0004542331492
-0.000422340671
-0.0003904972937
-0.0003587091492
-0.0003269834212
-0.0002953285772
-0.0002637546642
-0.0002322736879
-0.000200900105
-0.0001696514673
-0.000138549275
-0.0001076201198
-7.689723429e-05
-4.642261901e-05
-1.625e-05
1.355100586e-05
4.288895366e-05
7.164202042e-05
9.964561321e-05
0.0001266744288
0.0001524168855
0.0001764402961
0.0001981484623
0.0002167440634
0.0002312321438
0.0002405318658
0.00024375
0.0002405318658
0.0002312321438
0.0002167440634
0.0001981484623
0.0001764402961
0.0001524168855
0.0001266744288
9.964561321e-05
7.164202042e-05
4.288895366e-05
-0.001223941707
-0.001191547312
-0.001159157295
-0.001126771934
-0.001094391529
-0.00106201641
-0.001029646932
-0.0009972834873
-0.0009649265021
-0.0009325764451
-0.0009002338307
-0.000867899226
-0.0008355732563
-0.0008032566143
-0.000770950068
-0.000738654472
-0.00070637078
-0.000674100059
-0.0006418435073
-0.0006096024745
-0.0005773784868
-0.0005451732759
-0.0005129888155
-0.0004808273642
-0.0004486915185
-0.0004165842786
-0.0003845091289
-0.0003524701394
-0.0003204720927
-0.0002885206456
-0.0002566225368
-0.0002247858548
-0.0001930203897
-0.0001613380989
-0.0001297537313
-9.828567763e-05
-6.69571428e-05
-3.579779153e-05
-4.846095822e-06
2.58472529e-05
5.621428754e-05
8.616212144e-05
0.0001155611629
0.0001442266232
0.0001718891671
0.0001981484623
0.0002224022369
0.00024375
0.0002609055815
0.0002722490672
0.00027625
0.0002722490672
0.0002609055815
0.00024375
0.0002224022369
0.0001981484623
0.0001718891671
0.0001442266232
0.0001155611629
8.616212144e-05
5.621428754e-05
-0.001221672372
-0.001189231902
-0.001156793905
-0.001124358539
-0.001091925974
-0.001059496397
-0.00102707001
-0.000994647034
-0.0009622277126
-0.0009298123114
-0.0008974011228
-0.000864994469
-0.0008325927059
-0.0008001962276
-0.0007678054714
-0.0007354209246
-0.0007030431308
-0.0006706726992
-0.0006383103142
-0.0006059567477
-0.0005736128731
-0.0005412796829
-0.0005089583096
-0.000476650051
-0.0004443564013
-0.0004120790903
-0.0003798201305
-0.0003475818778
-0.0003153671076
-0.0002831791117
-0.0002510218235
-0.000218899982
-0.0001868193467
-0.0001547869863
-0.0001228116694
-9.090440258e-05
-5.907918456e-05
-2.735408208e-05
4.247201502e-06
3.569298684e-05
6.694003846e-05
9.792792813e-05
0.0001285698783
0.0001587373741
0.0001882333722
0.0002167440634
0.00024375
0.0002683641777
0.0002890695835
0.000303475976
0.00030875
0.000303475976
0.0002890695835
0.0002683641777
0.00024375
0.0002167440634
0.0001882333722
0.0001587373741
0.0001285698783
9.792792813e-05
6.694003846e-05
-0.00122004948
-0.001187575979
-0.001155103579
-0.001122632353
-0.001090162376
-0.001057693732
-0.00102522651
-0.0009927608113
-0.0009602967427
-0.0009278344239
-0.0008953739856
-0.0008629155723
-0.0008304593434
-0.0007980054754
-0.0007655541645
-0.0007331056293
-0.0007006601138
-0.0006682178916
-0.0006357792702
-0.0006033445969
-0.0005709142646
-0.0005384887205
-0.0005060684751
-0.0004736541141
-0.0004412463127
-0.0004088458533
-0.0003764536476
-0.0003440707647
-0.0003116984661
-0.0002793382511
-0.0002469919154
-0.0002146616282
-0.000182350034
-0.00015006039
-0.0001177967536
-8.556424339e-05
-5.336940777e-05
-2.122075923e-05
1.087043553e-05
4.288895366e-05
7.481373162e-05
0.0001066148051
0.0001382481343
0.0001696464286
0.0002007019521
0.0002312321438
0.0002609055815
0.0002890695835
0.0003143261184
0.0003335777907
0.00034125
0.0003335777907
0.0003143261184
0.0002890695835
0.0002609055815
0.0002312321438
0.0002007019521
0.0001696464286
0.0001382481343
0.0001066148051
7.481373162e-05
-0.001219074968
-0.001186581598
-0.001154088505
-0.001121595706
-0.001089103219
-0.001056611067
-0.001024119271
-0.0009916278559
-0.0009591368499
-0.0009266462825
-0.0008941561865
-0.0008616665982
-0.0008291775576
-0.000796689109
-0.0007642013018
-0.000731714191
-0.0006992278379
-0.0006667423112
-0.0006342576886
-0.0006017740573
-0.0005692915163
-0.0005368101784
-0.0005043301722
-0.0004718516456
-0.000439374769
-0.0004068997402
-0.0003744267897
-0.0003419561882
-0.0003094882552
-0.0002770233714
-0.0002445619928
-0.0002121046717
-0.0001796520823
-0.0001472050569
-0.0001147646351
-8.23321323e-05
-4.990923755e-05
-1.749815634e-05
1.489817619e-05
4.727576694e-05
7.962904231e-05
0.000111949983
0.0001442266232
0.0001764402961
0.0002085602178
0.0002405318658
0.0002722490672
0.000303475976
0.0003335777907
0.0003602880592
0.00037375
0.0003602880592
0.0003335777907
0.000303475976
0.0002722490672
0.0002405318658
0.0002085602178
0.0001764402961
0.0001442266232
0.000111949983
7.962904231e-05
-0.00121875
-0.00118625
-0.00115375
-0.00112125
-0.00108875
-0.00105625
-0.00102375
-0.00099125
-0.00095875
-0.00092625
-0.00089375
-0.00086125
-0.00082875
-0.00079625
-0.00076375
-0.00073125
-0.00069875
-0.00066625
-0.00063375
-0.00060125
-0.00056875
-0.00053625
-0.00050375
-0.00047125
-0.00043875
-0.00040625
-0.00037375
-0.00034125
-0.00030875
-0.00027625
-0.00024375
-0.00021125
-0.00017875
-0.00014625
-0.00011375
-8.125e-05
-4.875e-05
-1.625e-05
1.625e-05
4.875e-05
8.125e-05
0.00011375
0.00014625
0.00017875
0.00021125
0.00024375
0.00027625
0.00030875
0.00034125
0.00037375
0.00040625
0.00037375
0.00034125
0.00030875
0.00027625
0.00024375
0.00021125
0.00017875
0.00014625
0.00011375
8.125e-05
-0.001219074968
-0.001186581598
-0.001154088505
-0.001121595706
-0.001089103219
-0.001056611067
-0.001024119271
-0.0009916278559
-0.0009591368499
-0.0009266462825
-0.0008941561865
-0.0008616665982
-0.0008291775576
-0.000796689109
-0.0007642013018
-0.000731714191
-0.0006992278379
-0.0006667423112
-0.0006342576886
-0.0006017740573
-0.0005692915163
-0.0005368101784
-0.0005043301722
-0.0004718516456
-0.000439374769
-0.0004068997402
-0.0003744267897
-0.0003419561882
-0.0003094882552
-0.0002770233714
-0.0002445619928
-0.0002121046717
-0.0001796520823
-0.0001472050569
-0.0001147646351
-8.23321323e-05
-4.990923755e-05
-1.749815634e-05
1.489817619e-05
4.727576694e-05
7.962904231e-05
0.000111949983
0.0001442266232
0.0001764402961
0.0002085602178
0.0002405318658
0.0002722490672
0.000303475976
0.0003335777907
0.0003602880592
0.00037375
0.0003602880592
0.0003335777907
0.000303475976
0.0002722490672
0.0002405318658
0.0002085602178
0.0001764402961
0.0001442266232
0.000111949983
7.962904231e-05
-0.00122004948
-0.001187575979
-0.001155103579
-0.001122632353
-0.001090162376
-0.001057693732
-0.00102522651
-0.0009927608113
-0.0009602967427
-0.0009278344239
-0.0008953739856
-0.0008629155723
-0.0008304593434
-0.0007980054754
-0.0007655541645
-0.0007331056293
-0.0007006601138
-0.0006682178916
-0.0006357792702
-0.0006033445969
-0.0005709142646
-0.0005384887205
-0.0005060684751
-0.0004736541141
-0.0004412463127
-0.0004088458533
-0.0003764536476
-0.0003440707647
-0.0003116984661
-0.0002793382511
-0.0002469919154
-0.0002146616282
-0.000182350034
-0.00015006039
-0.0001177967536
-8.556424339e-05
-5.336940777e-05
-2.122075923e-05
1.087043553e-05
4.288895366e-05
7.481373162e-05
0.0001066148051
0.0001382481343
0.0001696464286
0.0002007019521
0.0002312321438
0.0002609055815
0.0002890695835
0.0003143261184
0.0003335777907
0.00034125
0.0003335777907
0.0003143261184
0.0002890695835
0.0002609055815
0.0002312321438
0.0002007019521
0.0001696464286
0.0001382481343
0.0001066148051
7.481373162e-05
-0.001221672372
-0.001189231902
-0.001156793905
-0.001124358539
-0.001091925974
-0.001059496397
-0.00102707001
-0.000994647034
-0.0009622277126
-0.0009298123114
-0.0008974011228
-0.000864994469
-0.0008325927059
-0.0008001962276
-0.0007678054714
-0.0007354209246
-0.0007030431308
-0.0006706726992
-0.0006383103142
-0.0006059567477
-0.0005736128731
-0.0005412796829
-0.0005089583096
-0.000476650051
-0.0004443564013
-0.0004120790903
-0.0003798201305
-0.0003475818778
-0.0003153671076
-0.0002831791117
-0.0002510218235
-0.000218899982
-0.0001868193467
-0.0001547869863
-0.0001228116694
-9.090440258e-05
-5.907918456e-05
-2.735408208e-05
4.247201502e-06
3.569298684e-05
6.694003846e-05
9.792792813e-05
0.0001285698783
0.0001587373741
0.0001882333722
0.0002167440634
0.00024375
0.0002683641777
0.0002890695835
0.000303475976
0.00030875
0.000303475976
0.0002890695835
0.0002683641777
0.00024375
0.0002167440634
0.0001882333722
0.0001587373741
0.0001285698783
9.792792813e-05
6.694003846e-05
-0.001223941707
-0.001191547312
-0.001159157295
-0.001126771934
-0.001094391529
-0.00106201641
-0.001029646932
-0.0009972834873
-0.0009649265021
-0.0009325764451
-0.0009002338307
-0.000867899226
-0.0008355732563
-0.0008032566143
-0.000770950068
-0.000738654472
-0.00070637078
-0.000674100059
-0.0006418435073
-0.0006096024745
-0.0005773784868
-0.0005451732759
-0.0005129888155
-0.0004808273642
-0.0004486915185
-0.0004165842786
-0.0003845091289
-0.0003524701394
-0.0003204720927
-0.0002885206456
-0.0002566225368
-0.0002247858548
-0.0001930203897
-0.0001613380989
-0.0001297537313
-9.828567763e-05
-6.69571428e-05
-3.579779153e-05
-4.846095822e-06
2.58472529e-05
5.621428754e-05
8.616212144e-05
0.0001155611629
0.0001442266232
0.0001718891671
0.0001981484623
0.0002224022369
0.00024375
0.0002609055815
0.0002722490672
0.00027625
0.0002722490672
0.0002609055815
0.00024375
0.0002224022369
0.0001981484623
0.0001718891671
0.0001442266232
0.0001155611629
8.616212144e-05
5.621428754e-05
-0.001226854788
-0.001194519346
-0.001162190707
-0.001129869299
-0.001097555589
-0.001065250085
-0.001032953339
-0.001000665953
-0.0009683885889
-0.0009361219678
-0.0009038668841
-0.0008716242113
-0.0008393949133
-0.0008071800557
-0.00077498082
-0.0007427985194
-0.000710634618
-0.0006784907524
-0.0006463687581
-0.0006142707004
-0.0005821989112
-0.000550156033
-0.0005181450725
-0.0004861694642
-0.0004542331492
-0.000422340671
-0.0003904972937
-0.0003587091492
-0.0003269834212
-0.0002953285772
-0.0002637546642
-0.0002322736879
-0.000200900105
-0.0001696514673
-0.000138549275
-0.0001076201198
-7.689723429e-05
-4.642261901e-05
-1.625e-05
1.355100586e-05
4.288895366e-05
7.164202042e-05
9.964561321e-05
0.0001266744288
0.0001524168855
0.0001764402961
0.0001981484623
0.0002167440634
0.0002312321438
0.0002405318658
0.00024375
0.0002405318658
0.0002312321438
0.0002167440634
0.0001981484623
0.0001764402961
0.0001524168855
0.0001266744288
9.964561321e-05
7.164202042e-05
4.288895366e-05
-0.001230408181
-0.001198144356
-0.001165890261
-0.001133646506
-0.001101413756
-0.00106919273
-0.001036984215
-0.001004789067
-0.0009726082233
-0.0009404427081
-0.0009082936471
-0.0008761622777
-0.000844049964
-0.0008119582129
-0.0007798886934
-0.0007478432588
-0.0007158239726
-0.000683833139
-0.0006518733387
-0.0006199474713
-0.0005880588052
-0.0005562110382
-0.0005244083691
-0.0004926555846
-0.0004609581642
-0.0004293224086
-0.000397755597
-0.0003662661811
-0.0003348640263
-0.0003035607142
-0.0002723699231
-0.0002413079125
-0.0002103941437
-0.0001796520823
-0.0001491102434
-0.0001188035687
-8.877525188e-05
-5.907918456e-05
-2.978325561e-05
-9.738327996e-07
2.723812684e-05
5.470875064e-05
8.125e-05
0.0001066148051
0.0001304783553
0.0001524168855
0.0001718891671
0.0001882333722
0.0002007019521
0.0002085602178
0.00021125
0.0002085602178
0.0002007019521
0.0001882333722
0.0001718891671
0.0001524168855
0.0001304783553
0.0001066148051
8.125e-05
5.470875064e-05
2.723812684e-05
-0.001234597723
-0.001202417927
-0.001170251269
-0.001138098568
-0.001105960716
-0.00107383868
-0.001041733512
-0.001009646359
-0.0009775784756
-0.0009455312323
-0.0009135061328
-0.0008815048292
-0.0008495291406
-0.0008175810749
-0.0007856628534
-0.0007537769393
-0.0007219260723
-0.0006901133066
-0.000658342058
-0.0006266161578
-0.000594939917
-0.0005633182029
-0.0005317565298
-0.0005002611693
-0.0004688392812
-0.0004374990741
-0.00040625
-0.0003751029932
-0.0003440707647
-0.0003131681677
-0.0002824126533
-0.0002518248438
-0.0002214292573
-0.0001912552301
-0.0001613380989
-0.0001317207241
-0.0001024554649
-7.360674946e-05
-4.525442966e-05
-1.749815634e-05
9.536942489e-06
3.569298684e-05
6.077026109e-05
8.451641456e-05
0.0001066148051
0.0001266744288
0.0001442266232
0.0001587373741
0.0001696464286
0.0001764402961
0.00017875
0.0001764402961
0.0001696464286
0.0001587373741
0.0001442266232
0.0001266744288
0.0001066148051
8.451641456e-05
6.077026109e-05
3.569298684e-05
9.536942489e-06
-0.001239418557
-0.001207334906
-0.001175268258
-0.001143219667
-0.001111190279
-0.001079181335
-0.001047194185
-0.001015230302
-0.0009832912912
-0.0009513789073
-0.0009194950735
-0.0008876419004
-0.0008558217095
-0.00082403706
-0.0007922907794
-0.0007605859996
-0.0007289261978
-0.000697315245
-0.0006657574627
-0.0006342576886
-0.0006028213553
-0.0005714545822
-0.0005401642856
-0.0005089583096
-0.0004778455831
-0.0004468363086
-0.0004159421916
-0.000385176718
-0.0003545554942
-0.0003240966643
-0.0002938214249
-0.0002637546642
-0.0002339257571
-0.0002043695624
-0.0001751276741
-0.00014625
-0.0001177967536
-8.984096948e-05
-6.247166581e-05
-3.579779153e-05
-9.953075433e-06
1.489817619e-05
3.855447378e-05
6.077026109e-05
8.125e-05
9.964561321e-05
0.0001155611629
0.0001285698783
0.0001382481343
0.0001442266232
0.00014625
0.0001442266232
0.0001382481343
0.0001285698783
0.0001155611629
9.964561321e-05
8.125e-05
6.077026109e-05
3.855447378e-05
1.489817619e-05
-9.953075433e-06
-0.001244865153
-0.001212889432
-0.001180935008
-0.001149003195
-0.001117095414
-0.001085213208
-0.001053358252
-0.001021532371
-0.0009897375537
-0.000957975971
-0.00092625
-0.0008945622463
-0.0008629155723
-0.0008313131297
-0.0007997583955
-0.000768255215
-0.0007368078507
-0.0007054210395
-0.000674100059
-0.0006428508055
-0.0006116798846
-0.0005805947193
-0.000549603676
-0.0005187162156
-0.000487943072
-0.0004572964666
-0.0004267903652
-0.0003964407873
-0.0003662661811
-0.0003362878778
-0.0003065306465
-0.0002770233714
-0.0002477998834
-0.000218899982
-0.0001903706919
-0.0001622678097
-0.0001346578018
-0.0001076201198
-8.125e-05
-5.566178812e-05
-3.099278153e-05
-7.407466994e-06
1.489817619e-05
3.569298684e-05
5.470875064e-05
7.164202042e-05
8.616212144e-05
9.792792813e-05
0.0001066148051
0.000111949983
0.00011375
0.000111949983
0.0001066148051
9.792792813e-05
8.616212144e-05
7.164202042e-05
5.470875064e-05
3.569298684e-05
1.489817619e-05
-7.407466994e-06
-3.099278153e-05
-0.001250931342
-0.001219074968
-0.001187244587
-0.001155441791
-0.001123668298
-0.001091925974
-0.001060216842
-0.001028543104
-0.0009969071544
-0.00096531161
-0.0009337593283
-0.000902253439
-0.0008707973758
-0.0008393949133
-0.00080805021
-0.000776767857
-0.0007455529345
-0.0007144110772
-0.0006833485499
-0.0006523723359
-0.0006214902396
-0.0005907110073
-0.0005600444686
-0.0005295017032
-0.000499095238
-0.0004688392812
-0.00043875
-0.0004088458533
-0.0003791479883
-0.0003496807177
-0.0003204720927
-0.000291554593
-0.0002629659592
-0.000234750195
-0.0002069587736
-0.0001796520823
-0.0001529011424
-0.0001267896327
-0.0001014162289
-7.689723429e-05
-5.336940777e-05
-3.099278153e-05
-9.953075433e-06
9.536942489e-06
2.723812684e-05
4.288895366e-05
5.621428754e-05
6.694003846e-05
7.481373162e-05
7.962904231e-05
8.125e-05
7.962904231e-05
7.481373162e-05
6.694003846e-05
5.621428754e-05
4.288895366e-05
2.723812684e-05
9.536942489e-06
-9.953075433e-06
-3.099278153e-05
-5.336940777e-05
-0.001257610346
-0.001225884339
-0.001194189393
-0.00116252739
-0.001130900367
-0.001099310527
-0.001067760261
-0.001036252166
-0.001004789067
-0.000973374043
-0.0009420104533
-0.0009107019733
-0.0008794526289
-0.0008482668393
-0.0008171494646
-0.0007861058613
-0.000755141945
-0.0007242642635
-0.0006934800805
-0.0006627974732
-0.0006322254451
-0.0006017740573
-0.0005714545822
-0.0005412796829
-0.0005112636239
-0.0004814225184
-0.0004517746209
-0.000422340671
-0.000393144302
-0.0003642125234
-0.0003355762937
-0.000307271198
-0.0002793382511
-0.0002518248438
-0.0002247858548
-0.0001982849452
-0.000172396049
-0.0001472050569
-0.0001228116694
-9.933134855e-05
-7.689723429e-05
-5.566178812e-05
-3.579779153e-05
-1.749815634e-05
-9.738327996e-07
1.355100586e-05
2.58472529e-05
3.569298684e-05
4.288895366e-05
4.727576694e-05
4.875e-05
4.727576694e-05
4.288895366e-05
3.569298684e-05
2.58472529e-05
1.355100586e-05
-9.738327996e-07
-1.749815634e-05
-3.579779153e-05
-5.566178812e-05
-7.689723429e-05
-0.001264894817
-0.001233309773
-0.001201761194
-0.001170251269
-0.001138782362
-0.001107357033
-0.001075978053
-0.001044648429
-0.001013371428
-0.0009821506086
-0.0009509898462
-0.0009198933746
-0.0008888658249
-0.000857912272
-0.0008270382875
-0.00079625
-0.0007655541645
-0.0007349582413
-0.0007044704869
-0.000674100059
-0.0006438571374
-0.0006137530637
-0.0005838005038
-0.0005540136357
-0.0005244083691
-0.0004950026006
-0.0004658165112
-0.0004368729151
-0.0004081976656
-0.0003798201305
-0.0003517737463
-0.0003240966643
-0.0002968324987
-0.0002700311915
-0.00024375
-0.0002180546131
-0.0001930203897
-0.0001687336954
-0.0001452932893
-0.0001228116694
-0.0001014162289
-8.125e-05
-6.247166581e-05
-4.525442966e-05
-2.978325561e-05
-1.625e-05
-4.846095822e-06
4.247201502e-06
1.087043553e-05
1.489817619e-05
1.625e-05
1.489817619e-05
1.087043553e-05
4.247201502e-06
-4.846095822e-06
-1.625e-05
-2.978325561e-05
-4.525442966e-05
-6.247166581e-05
-8.125e-05
-0.0001014162289
-0.001272776876
-0.001241342941
-0.001209951179
-0.001178604094
-0.001147304392
-0.001116054996
-0.001084859067
-0.001053720034
-0.001022641616
-0.0009916278559
-0.0009606831549
-0.0009298123114
-0.0008990205658
-0.0008683136508
-0.0008376978486
-0.0008071800557
-0.000776767857
-0.0007464696103
-0.0007162945425
-0.0006862528604
-0.0006563558771
-0.0006266161578
-0.0005970476876
-0.0005676660641
-0.0005384887205
-0.0005095351822
-0.0004808273642
-0.0004523899129
-0.000424250602
-0.0003964407873
-0.0003689959287
-0.0003419561882
-0.0003153671076
-0.0002892803732
-0.0002637546642
-0.0002388565803
-0.0002146616282
-0.0001912552301
-0.0001687336954
-0.0001472050569
-0.0001267896327
-0.0001076201198
-8.984096948e-05
-7.360674946e-05
-5.907918456e-05
-4.642261901e-05
-3.579779153e-05
-2.735408208e-05
-2.122075923e-05
-1.749815634e-05
-1.625e-05
-1.749815634e-05
-2.122075923e-05
-2.735408208e-05
-3.579779153e-05
-4.642261901e-05
-5.907918456e-05
-7.360674946e-05
-8.984096948e-05
-0.0001076201198
-0.0001267896327
-0.001281248148
-0.001249975
-0.00121875
-0.001187575979
-0.001156455986
-0.001125393317
-0.001094391529
-0.001063454477
-0.001032586335
-0.001001791636
-0.0009710753065
-0.0009404427081
-0.0009098996875
-0.0008794526289
-0.0008491085145
-0.0008188749936
-0.0007887604602
-0.0007587741414
-0.0007289261978
-0.0006992278379
-0.0006696914482
-0.0006403307422
-0.0006111609298
-0.0005821989112
-0.0005534634989
-0.0005249756708
-0.0004967588593
-0.0004688392812
-0.0004412463127
-0.0004140129152
-0.000387176115
-0.0003607775419
-0.0003348640263
-0.0003094882552
-0.0002847094778
-0.0002605942472
-0.0002372171709
-0.0002146616282
-0.0001930203897
-0.000172396049
-0.0001529011424
-0.0001346578018
-0.0001177967536
-0.0001024554649
-8.877525188e-05
-7.689723429e-05
-6.69571428e-05
-5.907918456e-05
-5.336940777e-05
-4.990923755e-05
-4.875e-05
-4.990923755e-05
-5.336940777e-05
-5.907918456e-05
-6.69571428e-05
-7.689723429e-05
-8.877525188e-05
-0.0001024554649
-0.0001177967536
-0.0001346578018
-0.0001529011424
-0.001290299808
-0.001259196637
-0.001228147825
-0.00119715653
-0.001166226152
-0.001135360359
-0.001104563109
-0.00107383868
-0.001043191703
-0.001012627197
-0.0009821506086
-0.000951767857
-0.000921485384
-0.0008913102105
-0.00086125
-0.0008313131297
-0.0008015087714
-0.0007718469824
-0.0007423388081
-0.0007129963983
-0.000683833139
-0.0006548638016
-0.0006261047113
-0.0005975739387
-0.0005692915163
-0.0005412796829
-0.0005135631604
-0.0004861694642
-0.0004591292521
-0.0004324767135
-0.00040625
-0.0003804916984
-0.0003552493434
-0.0003305759632
-0.0003065306465
-0.0002831791117
-0.0002605942472
-0.0002388565803
-0.0002180546131
-0.0001982849452
-0.0001796520823
-0.0001622678097
-0.00014625
-0.0001317207241
-0.0001188035687
-0.0001076201198
-9.828567763e-05
-9.090440258e-05
-8.556424339e-05
-8.23321323e-05
-8.125e-05
-8.23321323e-05
-8.556424339e-05
-9.090440258e-05
-9.828567763e-05
-0.0001076201198
-0.0001188035687
-0.0001317207241
-0.00014625
-0.0001622678097
-0.0001796520823
-0.001299922617
-0.001268998116
-0.001238134383
-0.001207334906
-0.001176603436
-0.001145944012
-0.001115360988
-0.001084859067
-0.001054443329
-0.001024119271
-0.0009938928499
-0.000963770529
-0.0009337593283
-0.0009038668841
-0.0008741015142
-0.0008444722913
-0.0008149891248
-0.0007856628534
-0.0007565053483
-0.0007275296303
-0.00069875
-0.0006701821855
-0.0006418435073
-0.0006137530637
-0.000585931939
-0.0005584034352
-0.0005311933316
-0.0005043301722
-0.0004778455831
-0.0004517746209
-0.0004261561509
-0.0004010332526
-0.0003764536476
-0.0003524701394
-0.0003291410524
-0.0003065306465
-0.0002847094778
-0.0002637546642
-0.00024375
-0.0002247858548
-0.0002069587736
-0.0001903706919
-0.0001751276741
-0.0001613380989
-0.0001491102434
-0.000138549275
-0.0001297537313
-0.0001228116694
-0.0001177967536
-0.0001147646351
-0.00011375
-0.0001147646351
-0.0001177967536
-0.0001228116694
-0.0001297537313
-0.000138549275
-0.0001491102434
-0.0001613380989
-0.0001751276741
-0.0001903706919
-0.0002069587736
-0.00131010697
-0.001279369322
-0.001248699017
-0.00121809987
-0.001187575979
-0.001157131751
-0.001126771934
-0.001096501643
-0.001066326399
-0.001036252166
-0.001006285398
-0.0009764330801
-0.0009467027893
-0.0009171027496
-0.0008876419004
-0.0008583299698
-0.0008291775576
-0.0008001962276
-0.0007713986106
-0.0007427985194
-0.0007144110772
-0.0006862528604
-0.000658342058
-0.0006306986487
-0.0006033445969
-0.0005763040698
-0.000549603676
-0.000523272727
-0.0004973435203
-0.0004718516456
-0.0004468363086
-0.000422340671
-0.0003984121962
-0.0003751029932
-0.0003524701394
-0.0003305759632
-0.0003094882552
-0.0002892803732
-0.0002700311915
-0.0002518248438
-0.000234750195
-0.000218899982
-0.0002043695624
-0.0001912552301
-0.0001796520823
-0.0001696514673
-0.0001613380989
-0.0001547869863
-0.00015006039
-0.0001472050569
-0.00014625
-0.0001472050569
-0.00015006039
-0.0001547869863
-0.0001613380989
-0.0001696514673
-0.0001796520823
-0.0001912552301
-0.0002043695624
-0.000218899982
-0.000234750195
-0.001320842933
-0.001290299808
-0.00125983073
-0.001229439839
-0.001199131575
-0.001168910706
-0.001138782362
-0.001108752063
-0.001078825756
-0.001049009857
-0.001019311293
-0.0009897375537
-0.0009602967427
-0.0009309976397
-0.0009018497668
-0.0008728634625
-0.000844049964
-0.0008154214984
-0.0007869913838
-0.0007587741414
-0.0007307856195
-0.0007030431308
-0.0006755656035
-0.0006483737481
-0.0006214902396
-0.000594939917
-0.00056875
-0.0005429503213
-0.0005175735762
-0.0004926555846
-0.0004682355631
-0.0004443564013
-0.000421064934
-0.0003984121962
-0.0003764536476
-0.0003552493434
-0.0003348640263
-0.0003153671076
-0.0002968324987
-0.0002793382511
-0.0002629659592
-0.0002477998834
-0.0002339257571
-0.0002214292573
-0.0002103941437
-0.000200900105
-0.0001930203897
-0.0001868193467
-0.000182350034
-0.0001796520823
-0.00017875
-0.0001796520823
-0.000182350034
-0.0001868193467
-0.0001930203897
-0.000200900105
-0.0002103941437
-0.0002214292573
-0.0002339257571
-0.0002477998834
-0.0002629659592
-0.001332120286
-0.001301778835
-0.001271518235
-0.001241342941
-0.001211257728
-0.001181267716
-0.001151378406
-0.001121595706
-0.001091925974
-0.001062376059
-0.001032953339
-0.001003665778
-0.0009745219761
-0.0009455312323
-0.0009167036084
-0.0008880500039
-0.0008595822361
-0.0008313131297
-0.0008032566143
-0.0007754278326
-0.0007478432588
-0.0007205208285
-0.0006934800805
-0.0006667423112
-0.0006403307422
-0.0006142707004
-0.0005885898112
-0.0005633182029
-0.0005384887205
-0.0005141371468
-0.0004903024246
-0.0004670268748
-0.0004443564013
-0.000422340671
-0.0004010332526
-0.0003804916984
-0.0003607775419
-0.0003419561882
-0.0003240966643
-0.000307271198
-0.000291554593
-0.0002770233714
-0.0002637546642
-0.0002518248438
-0.0002413079125
-0.0002322736879
-0.0002247858548
-0.000218899982
-0.0002146616282
-0.0002121046717
-0.00021125
-0.0002121046717
-0.0002146616282
-0.000218899982
-0.0002247858548
-0.0002322736879
-0.0002413079125
-0.0002518248438
-0.0002637546642
-0.0002770233714
-0.000291554593
-0.001343928562
-0.001313795421
-0.00128375
-0.001253797063
-0.001223941707
-0.001194189393
-0.001164545977
-0.001135017741
-0.001105611435
-0.001076334315
-0.001047194185
-0.001018199455
-0.000989359186
-0.0009606831549
-0.0009321819183
-0.0009038668841
-0.00087575039
-0.0008478457898
-0.0008201675472
-0.0007927313385
-0.0007655541645
-0.000738654472
-0.0007120522847
-0.0006857693451
-0.0006598292653
-0.0006342576886
-0.0006090824579
-0.0005843337925
-0.0005600444686
-0.00053625
-0.0005129888155
-0.0004903024246
-0.0004682355631
-0.0004468363086
-0.0004261561509
-0.00040625
-0.000387176115
-0.0003689959287
-0.0003517737463
-0.0003355762937
-0.0003204720927
-0.0003065306465
-0.0002938214249
-0.0002824126533
-0.0002723699231
-0.0002637546642
-0.0002566225368
-0.0002510218235
-0.0002469919154
-0.0002445619928
-0.00024375
-0.0002445619928
-0.0002469919154
-0.0002510218235
-0.0002566225368
-0.0002637546642
-0.0002723699231
-0.0002824126533
-0.0002938214249
-0.0003065306465
-0.0003204720927
-0.001343928562
-0.001313795421
-0.00128375
-0.001253797063
-0.001223941707
-0.001194189393
-0.001164545977
-0.001135017741
-0.001105611435
-0.001076334315
-0.001047194185
-0.001018199455
-0.000989359186
-0.0009606831549
-0.0009321819183
-0.0009038668841
-0.00087575039
-0.0008478457898
-0.0008201675472
-0.0007927313385
-0.0007655541645
-0.000738654472
-0.0007120522847
-0.0006857693451
-0.0006598292653
-0.0006342576886
-0.0006090824579
-0.0005843337925
-0.0005600444686
-0.00053625
-0.0005129888155
-0.0004903024246
-0.0004682355631
-0.0004468363086
-0.0004261561509
-0.00040625
-0.000387176115
-0.0003689959287
-0.0003517737463
-0.0003355762937
-0.0003204720927
-0.0003065306465
-0.0002938214249
-0.0002824126533
-0.0002723699231
-0.0002637546642
-0.0002566225368
-0.0002510218235
-0.0002469919154
-0.0002445619928
-0.00024375
-0.0002445619928
-0.0002469919154
-0.0002510218235
-0.0002566225368
-0.0002637546642
-0.0002723699231
-0.0002824126533
-0.0002938214249
-0.0003065306465
-0.0003204720927
-0.001332120286
-0.001301778835
-0.001271518235
-0.001241342941
-0.001211257728
-0.001181267716
-0.001151378406
-0.001121595706
-0.001091925974
-0.001062376059
-0.001032953339
-0.001003665778
-0.0009745219761
-0.0009455312323
-0.0009167036084
-0.0008880500039
-0.0008595822361
-0.0008313131297
-0.0008032566143
-0.0007754278326
-0.0007478432588
-0.0007205208285
-0.0006934800805
-0.0006667423112
-0.0006403307422
-0.0006142707004
-0.0005885898112
-0.0005633182029
-0.0005384887205
-0.0005141371468
-0.0004903024246
-0.0004670268748
-0.0004443564013
-0.000422340671
-0.0004010332526
-0.0003804916984
-0.0003607775419
-0.0003419561882
-0.0003240966643
-0.000307271198
-0.000291554593
-0.0002770233714
-0.0002637546642
-0.0002518248438
-0.0002413079125
-0.0002322736879
-0.0002247858548
-0.000218899982
-0.0002146616282
-0.0002121046717
-0.00021125
-0.0002121046717
-0.0002146616282
-0.000218899982
-0.0002247858548
-0.0002322736879
-0.0002413079125
-0.0002518248438
-0.0002637546642
-0.0002770233714
-0.000291554593
-0.001320842933
-0.001290299808
-0.00125983073
-0.001229439839
-0.001199131575
-0.001168910706
-0.001138782362
-0.001108752063
-0.001078825756
-0.001049009857
-0.001019311293
-0.0009897375537
-0.0009602967427
-0.0009309976397
-0.0009018497668
-0.0008728634625
-0.000844049964
-0.0008154214984
-0.0007869913838
-0.0007587741414
-0.0007307856195
-0.0007030431308
-0.0006755656035
-0.0006483737481
-0.0006214902396
-0.000594939917
-0.00056875
-0.0005429503213
-0.0005175735762
-0.0004926555846
-0.0004682355631
-0.0004443564013
-0.000421064934
-0.0003984121962
-0.0003764536476
-0.0003552493434
-0.0003348640263
-0.0003153671076
-0.0002968324987
-0.0002793382511
-0.0002629659592
-0.0002477998834
-0.0002339257571
-0.0002214292573
-0.0002103941437
-0.000200900105
-0.0001930203897
-0.0001868193467
-0.000182350034
-0.0001796520823
-0.00017875
-0.0001796520823
-0.000182350034
-0.0001868193467
-0.0001930203897
-0.000200900105
-0.0002103941437
-0.0002214292573
-0.0002339257571
-0.0002477998834
-0.0002629659592
-0.00131010697
-0.001279369322
-0.001248699017
-0.00121809987
-0.001187575979
-0.001157131751
-0.001126771934
-0.001096501643
-0.001066326399
-0.001036252166
-0.001006285398
-0.0009764330801
-0.0009467027893
-0.0009171027496
-0.0008876419004
-0.0008583299698
-0.0008291775576
-0.0008001962276
-0.0007713986106
-0.0007427985194
-0.0007144110772
-0.0006862528604
-0.000658342058
-0.0006306986487
-0.0006033445969
-0.0005763040698
-0.000549603676
-0.000523272727
-0.0004973435203
-0.0004718516456
-0.0004468363086
-0.000422340671
-0.0003984121962
-0.0003751029932
-0.0003524701394
-0.0003305759632
-0.0003094882552
-0.0002892803732
-0.0002700311915
-0.0002518248438
-0.000234750195
-0.000218899982
-0.0002043695624
-0.0001912552301
-0.0001796520823
-0.0001696514673
-0.0001613380989
-0.0001547869863
-0.00015006039
-0.0001472050569
-0.00014625
-0.0001472050569
-0.00015006039
-0.0001547869863
-0.0001613380989
-0.0001696514673
-0.0001796520823
-0.0001912552301
-0.0002043695624
-0.000218899982
-0.000234750195
-0.001299922617
-0.001268998116
-0.001238134383
-0.001207334906
-0.001176603436
-0.001145944012
-0.001115360988
-0.001084859067
-0.001054443329
-0.001024119271
-0.0009938928499
-0.000963770529
-0.0009337593283
-0.0009038668841
-0.0008741015142
-0.0008444722913
-0.0008149891248
-0.0007856628534
-0.0007565053483
-0.0007275296303
-0.00069875
-0.0006701821855
-0.0006418435073
-0.0006137530637
-0.000585931939
-0.0005584034352
-0.0005311933316
-0.0005043301722
-0.0004778455831
-0.0004517746209
-0.0004261561509
-0.0004010332526
-0.0003764536476
-0.0003524701394
-0.0003291410524
-0.0003065306465
-0.0002847094778
-0.0002637546642
-0.00024375
-0.0002247858548
-0.0002069587736
-0.0001903706919
-0.0001751276741
-0.0001613380989
-0.0001491102434
-0.000138549275
-0.0001297537313
-0.0001228116694
-0.0001177967536
-0.0001147646351
-0.00011375
-0.0001147646351
-0.0001177967536
-0.0001228116694
-0.0001297537313
-0.000138549275
-0.0001491102434
-0.0001613380989
-0.0001751276741
-0.0001903706919
-0.0002069587736
-0.001290299808
-0.001259196637
-0.001228147825
-0.00119715653
-0.001166226152
-0.001135360359
-0.001104563109
-0.00107383868
-0.001043191703
-0.001012627197
-0.0009821506086
-0.000951767857
-0.000921485384
-0.0008913102105
-0.00086125
-0.0008313131297
-0.0008015087714
-0.0007718469824
-0.0007423388081
-0.0007129963983
-0.000683833139
-0.0006548638016
-0.0006261047113
-0.0005975739387
-0.0005692915163
-0.0005412796829
-0.0005135631604
-0.0004861694642
-0.0004591292521
-0.0004324767135
-0.00040625
-0.0003804916984
-0.0003552493434
-0.0003305759632
-0.0003065306465
-0.0002831791117
-0.0002605942472
-0.0002388565803
-0.0002180546131
-0.0001982849452
-0.0001796520823
-0.0001622678097
-0.00014625
-0.0001317207241
-0.0001188035687
-0.0001076201198
-9.828567763e-05
-9.090440258e-05
-8.556424339e-05
-8.23321323e-05
-8.125e-05
-8.23321323e-05
-8.556424339e-05
-9.090440258e-05
-9.828567763e-05
-0.0001076201198
-0.0001188035687
-0.0001317207241
-0.00014625
-0.0001622678097
-0.0001796520823
-0.001281248148
-0.001249975
-0.00121875
-0.001187575979
-0.001156455986
-0.001125393317
-0.001094391529
-0.001063454477
-0.001032586335
-0.001001791636
-0.0009710753065
-0.0009404427081
-0.0009098996875
-0.0008794526289
-0.0008491085145
-0.0008188749936
-0.0007887604602
-0.0007587741414
-0.0007289261978
-0.0006992278379
-0.0006696914482
-0.0006403307422
-0.0006111609298
-0.0005821989112
-0.0005534634989
-0.0005249756708
-0.0004967588593
-0.0004688392812
-0.0004412463127
-0.0004140129152
-0.000387176115
-0.0003607775419
-0.0003348640263
-0.0003094882552
-0.0002847094778
-0.0002605942472
-0.0002372171709
-0.0002146616282
-0.0001930203897
-0.000172396049
-0.0001529011424
-0.0001346578018
-0.0001177967536
-0.0001024554649
-8.877525188e-05
-7.689723429e-05
-6.69571428e-05
-5.907918456e-05
-5.336940777e-05
-4.990923755e-05
-4.875e-05
-4.990923755e-05
-5.336940777e-05
-5.907918456e-05
-6.69571428e-05
-7.689723429e-05
-8.877525188e-05
-0.0001024554649
-0.0001177967536
-0.0001346578018
-0.0001529011424
-0.001272776876
-0.001241342941
-0.001209951179
-0.001178604094
-0.001147304392
-0.001116054996
-0.001084859067
-0.001053720034
-0.001022641616
-0.0009916278559
-0.0009606831549
-0.0009298123114
-0.0008990205658
-0.0008683136508
-0.0008376978486
-0.0008071800557
-0.000776767857
-0.0007464696103
-0.0007162945425
-0.0006862528604
-0.0006563558771
-0.0006266161578
-0.0005970476876
-0.0005676660641
-0.0005384887205
-0.0005095351822
-0.0004808273642
-0.0004523899129
-0.000424250602
-0.0003964407873
-0.0003689959287
-0.0003419561882
-0.0003153671076
-0.0002892803732
-0.0002637546642
-0.0002388565803
-0.0002146616282
-0.0001912552301
-0.0001687336954
-0.0001472050569
-0.0001267896327
-0.0001076201198
-8.984096948e-05
-7.360674946e-05
-5.907918456e-05
-4.642261901e-05
-3.579779153e-05
-2.735408208e-05
-2.122075923e-05
-1.749815634e-05
-1.625e-05
-1.749815634e-05
-2.122075923e-05
-2.735408208e-05
-3.579779153e-05
-4.642261901e-05
-5.907918456e-05
-7.360674946e-05
-8.984096948e-05
-0.0001076201198
-0.0001267896327
-0.001264894817
-0.001233309773
-0.001201761194
-0.001170251269
-0.001138782362
-0.001107357033
-0.001075978053
-0.001044648429
-0.001013371428
-0.0009821506086
-0.0009509898462
-0.0009198933746
-0.0008888658249
-0.000857912272
-0.0008270382875
-0.00079625
-0.0007655541645
-0.0007349582413
-0.0007044704869
-0.000674100059
-0.0006438571374
-0.0006137530637
-0.0005838005038
-0.0005540136357
-0.0005244083691
-0.0004950026006
-0.0004658165112
-0.0004368729151
-0.0004081976656
-0.0003798201305
-0.0003517737463
-0.0003240966643
-0.0002968324987
-0.0002700311915
-0.00024375
-0.0002180546131
-0.0001930203897
-0.0001687336954
-0.0001452932893
-0.0001228116694
-0.0001014162289
-8.125e-05
-6.247166581e-05
-4.525442966e-05
-2.978325561e-05
-1.625e-05
-4.846095822e-06
4.247201502e-06
1.087043553e-05
1.489817619e-05
1.625e-05
1.489817619e-05
1.087043553e-05
4.247201502e-06
-4.846095822e-06
-1.625e-05
-2.978325561e-05
-4.525442966e-05
-6.247166581e-05
-8.125e-05
-0.0001014162289
-0.001257610346
-0.001225884339
-0.001194189393
-0.00116252739
-0.001130900367
-0.001099310527
-0.001067760261
-0.001036252166
-0.001004789067
-0.000973374043
-0.0009420104533
-0.0009107019733
-0.0008794526289
-0.0008482668393
-0.0008171494646
-0.0007861058613
-0.000755141945
-0.0007242642635
-0.0006934800805
-0.0006627974732
-0.0006322254451
-0.0006017740573
-0.0005714545822
-0.0005412796829
-0.0005112636239
-0.0004814225184
-0.0004517746209
-0.000422340671
-0.000393144302
-0.0003642125234
-0.0003355762937
-0.000307271198
-0.0002793382511
-0.0002518248438
-0.0002247858548
-0.0001982849452
-0.000172396049
-0.0001472050569
-0.0001228116694
-9.933134855e-05
-7.689723429e-05
-5.566178812e-05
-3.579779153e-05
-1.749815634e-05
-9.738327996e-07
1.355100586e-05
2.58472529e-05
3.569298684e-05
4.288895366e-05
4.727576694e-05
4.875e-05
4.727576694e-05
4.288895366e-05
3.569298684e-05
2.58472529e-05
1.355100586e-05
-9.738327996e-07
-1.749815634e-05
-3.579779153e-05
-5.566178812e-05
-7.689723429e-05
-0.001250931342
-0.001219074968
-0.001187244587
-0.001155441791
-0.001123668298
-0.001091925974
-0.001060216842
-0.001028543104
-0.0009969071544
-0.00096531161
-0.0009337593283
-0.000902253439
-0.0008707973758
-0.0008393949133
-0.00080805021
-0.000776767857
-0.0007455529345
-0.0007144110772
-0.0006833485499
-0.0006523723359
-0.0006214902396
-0.0005907110073
-0.0005600444686
-0.0005295017032
-0.000499095238
-0.0004688392812
-0.00043875
-0.0004088458533
-0.0003791479883
-0.0003496807177
-0.0003204720927
-0.000291554593
-0.0002629659592
-0.000234750195
-0.0002069587736
-0.0001796520823
-0.0001529011424
-0.0001267896327
-0.0001014162289
-7.689723429e-05
-5.336940777e-05
-3.099278153e-05
-9.953075433e-06
9.536942489e-06
2.723812684e-05
4.288895366e-05
5.621428754e-05
6.694003846e-05
7.481373162e-05
7.962904231e-05
8.125e-05
7.962904231e-05
7.481373162e-05
6.694003846e-05
5.621428754e-05
4.288895366e-05
2.723812684e-05
9.536942489e-06
-9.953075433e-06
-3.099278153e-05
-5.336940777e-05
-0.001244865153
-0.001212889432
-0.001180935008
-0.001149003195
-0.001117095414
-0.001085213208
-0.001053358252
-0.001021532371
-0.0009897375537
-0.000957975971
-0.00092625
-0.0008945622463
-0.0008629155723
-0.0008313131297
-0.0007997583955
-0.000768255215
-0.0007368078507
-0.0007054210395
-0.000674100059
-0.0006428508055
-0.0006116798846
-0.0005805947193
-0.000549603676
-0.0005187162156
-0.000487943072
-0.0004572964666
-0.0004267903652
-0.0003964407873
-0.0003662661811
-0.0003362878778
-0.0003065306465
-0.0002770233714
-0.0002477998834
-0.000218899982
-0.0001903706919
-0.0001622678097
-0.0001346578018
-0.0001076201198
-8.125e-05
-5.566178812e-05
-3.099278153e-05
-7.407466994e-06
1.489817619e-05
3.569298684e-05
5.470875064e-05
7.164202042e-05
8.616212144e-05
9.792792813e-05
0.0001066148051
0.000111949983
0.00011375
0.000111949983
0.0001066148051
9.792792813e-05
8.616212144e-05
7.164202042e-05
5.470875064e-05
3.569298684e-05
1.489817619e-05
-7.407466994e-06
-3.099278153e-05
-0.001239418557
-0.001207334906
-0.001175268258
-0.001143219667
-0.001111190279
-0.001079181335
-0.001047194185
-0.001015230302
-0.0009832912912
-0.0009513789073
-0.0009194950735
-0.0008876419004
-0.0008558217095
-0.00082403706
-0.0007922907794
-0.0007605859996
-0.0007289261978
-0.000697315245
-0.0006657574627
-0.0006342576886
-0.0006028213553
-0.0005714545822
-0.0005401642856
-0.0005089583096
-0.0004778455831
-0.0004468363086
-0.0004159421916
-0.000385176718
-0.0003545554942
-0.0003240966643
-0.0002938214249
-0.0002637546642
-0.0002339257571
-0.0002043695624
-0.0001751276741
-0.00014625
-0.0001177967536
-8.984096948e-05
-6.247166581e-05
-3.579779153e-05
-9.953075433e-06
1.489817619e-05
3.855447378e-05
6.077026109e-05
8.125e-05
9.964561321e-05
0.0001155611629
0.0001285698783
0.0001382481343
0.0001442266232
0.00014625
0.0001442266232
0.0001382481343
0.0001285698783
0.0001155611629
9.964561321e-05
8.125e-05
6.077026109e-05
3.855447378e-05
1.489817619e-05
-9.953075433e-06
-0.001234597723
-0.001202417927
-0.001170251269
-0.001138098568
-0.001105960716
-0.00107383868
-0.001041733512
-0.001009646359
-0.0009775784756
-0.0009455312323
-0.0009135061328
-0.0008815048292
-0.0008495291406
-0.0008175810749
-0.0007856628534
-0.0007537769393
-0.0007219260723
-0.0006901133066
-0.000658342058
-0.0006266161578
-0.000594939917
-0.0005633182029
-0.0005317565298
-0.0005002611693
-0.0004688392812
-0.0004374990741
-0.00040625
-0.0003751029932
-0.0003440707647
-0.0003131681677
-0.0002824126533
-0.0002518248438
-0.0002214292573
-0.0001912552301
-0.0001613380989
-0.0001317207241
-0.0001024554649
-7.360674946e-05
-4.525442966e-05
-1.749815634e-05
9.536942489e-06
3.569298684e-05
6.077026109e-05
8.451641456e-05
0.0001066148051
0.0001266744288
0.0001442266232
0.0001587373741
0.0001696464286
0.0001764402961
0.00017875
0.0001764402961
0.0001696464286
0.0001587373741
0.0001442266232
0.0001266744288
0.0001066148051
8.451641456e-05
6.077026109e-05
3.569298684e-05
9.536942489e-06
-0.001230408181
-0.001198144356
-0.001165890261
-0.001133646506
-0.001101413756
-0.00106919273
-0.001036984215
-0.001004789067
-0.0009726082233
-0.0009404427081
-0.0009082936471
-0.0008761622777
-0.000844049964
-0.0008119582129
-0.0007798886934
-0.0007478432588
-0.0007158239726
-0.000683833139
-0.0006518733387
-0.0006199474713
-0.0005880588052
-0.0005562110382
-0.0005244083691
-0.0004926555846
-0.0004609581642
-0.0004293224086
-0.000397755597
-0.0003662661811
-0.0003348640263
-0.0003035607142
-0.0002723699231
-0.0002413079125
-0.0002103941437
-0.0001796520823
-0.0001491102434
-0.0001188035687
-8.877525188e-05
-5.907918456e-05
-2.978325561e-05
-9.738327996e-07
2.723812684e-05
5.470875064e-05
8.125e-05
0.0001066148051
0.0001304783553
0.0001524168855
0.0001718891671
0.0001882333722
0.0002007019521
0.0002085602178
0.00021125
0.0002085602178
0.0002007019521
0.0001882333722
0.0001718891671
0.0001524168855
0.0001304783553
0.0001066148051
8.125e-05
5.470875064e-05
2.723812684e-05
-0.001226854788
-0.001194519346
-0.001162190707
-0.001129869299
-0.001097555589
-0.001065250085
-0.001032953339
-0.001000665953
-0.0009683885889
-0.0009361219678
-0.0009038668841
-0.0008716242113
-0.0008393949133
-0.0008071800557
-0.00077498082
-0.0007427985194
-0.000710634618
-0.0006784907524
-0.0006463687581
-0.0006142707004
-0.0005821989112
-0.000550156033
-0.0005181450725
-0.0004861694642
-0.0004542331492
-0.000422340671
-0.0003904972937
-0.0003587091492
-0.0003269834212
-0.0002953285772
-0.0002637546642
-0.0002322736879
-0.000200900105
-0.0001696514673
-0.000138549275
-0.0001076201198
-7.689723429e-05
-4.642261901e-05
-1.625e-05
1.355100586e-05
4.288895366e-05
7.164202042e-05
9.964561321e-05
0.0001266744288
0.0001524168855
0.0001764402961
0.0001981484623
0.0002167440634
0.0002312321438
0.0002405318658
0.00024375
0.0002405318658
0.0002312321438
0.0002167440634
0.0001981484623
0.0001764402961
0.0001524168855
0.0001266744288
9.964561321e-05
7.164202042e-05
4.288895366e-05
-0.001223941707
-0.001191547312
-0.001159157295
-0.001126771934
-0.001094391529
-0.00106201641
-0.001029646932
-0.0009972834873
-0.0009649265021
-0.0009325764451
-0.0009002338307
-0.000867899226
-0.0008355732563
-0.0008032566143
-0.000770950068
-0.000738654472
-0.00070637078
-0.000674100059
-0.0006418435073
-0.0006096024745
-0.0005773784868
-0.0005451732759
-0.0005129888155
-0.0004808273642
-0.0004486915185
-0.0004165842786
-0.0003845091289
-0.0003524701394
-0.0003204720927
-0.0002885206456
-0.0002566225368
-0.0002247858548
-0.0001930203897
-0.0001613380989
-0.0001297537313
-9.828567763e-05
-6.69571428e-05
-3.579779153e-05
-4.846095822e-06
2.58472529e-05
5.621428754e-05
8.616212144e-05
0.0001155611629
0.0001442266232
0.0001718891671
0.0001981484623
0.0002224022369
0.00024375
0.0002609055815
0.0002722490672
0.00027625
0.0002722490672
0.0002609055815
0.00024375
0.0002224022369
0.0001981484623
0.0001718891671
0.0001442266232
0.0001155611629
8.616212144e-05
5.621428754e-05
-0.001221672372
-0.001189231902
-0.001156793905
-0.001124358539
-0.001091925974
-0.001059496397
-0.00102707001
-0.000994647034
-0.0009622277126
-0.0009298123114
-0.0008974011228
-0.000864994469
-0.0008325927059
-0.0008001962276
-0.0007678054714
-0.0007354209246
-0.0007030431308
-0.0006706726992
-0.0006383103142
-0.0006059567477
-0.0005736128731
-0.0005412796829
-0.0005089583096
-0.000476650051
-0.0004443564013
-0.0004120790903
-0.0003798201305
-0.0003475818778
-0.0003153671076
-0.0002831791117
-0.0002510218235
-0.000218899982
-0.0001868193467
-0.0001547869863
-0.0001228116694
-9.090440258e-05
-5.907918456e-05
-2.735408208e-05
4.247201502e-06
3.569298684e-05
6.694003846e-05
9.792792813e-05
0.0001285698783
0.0001587373741
0.0001882333722
0.0002167440634
0.00024375
0.0002683641777
0.0002890695835
0.000303475976
0.00030875
0.000303475976
0.0002890695835
0.0002683641777
0.00024375
0.0002167440634
0.0001882333722
0.0001587373741
0.0001285698783
9.792792813e-05
6.694003846e-05
-0.00122004948
-0.001187575979
-0.001155103579
-0.001122632353
-0.001090162376
-0.001057693732
-0.00102522651
-0.0009927608113
-0.0009602967427
-0.0009278344239
-0.0008953739856
-0.0008629155723
-0.0008304593434
-0.0007980054754
-0.0007655541645
-0.0007331056293
-0.0007006601138
-0.0006682178916
-0.0006357792702
-0.0006033445969
-0.0005709142646
-0.0005384887205
-0.0005060684751
-0.0004736541141
-0.0004412463127
-0.0004088458533
-0.0003764536476
-0.0003440707647
-0.0003116984661
-0.0002793382511
-0.0002469919154
-0.0002146616282
-0.000182350034
-0.00015006039
-0.0001177967536
-8.556424339e-05
-5.336940777e-05
-2.122075923e-05
1.087043553e-05
4.288895366e-05
7.481373162e-05
0.0001066148051
0.0001382481343
0.0001696464286
0.0002007019521
0.0002312321438
0.0002609055815
0.0002890695835
0.0003143261184
0.0003335777907
0.00034125
0.0003335777907
0.0003143261184
0.0002890695835
0.0002609055815
0.0002312321438
0.0002007019521
0.0001696464286
0.0001382481343
0.0001066148051
7.481373162e-05
-0.001219074968
-0.001186581598
-0.001154088505
-0.001121595706
-0.001089103219
-0.001056611067
-0.001024119271
-0.0009916278559
-0.0009591368499
-0.0009266462825
-0.0008941561865
-0.0008616665982
-0.0008291775576
-0.000796689109
-0.0007642013018
-0.000731714191
-0.0006992278379
-0.0006667423112
-0.0006342576886
-0.0006017740573
-0.0005692915163
-0.0005368101784
-0.0005043301722
-0.0004718516456
-0.000439374769
-0.0004068997402
-0.0003744267897
-0.0003419561882
-0.0003094882552
-0.0002770233714
-0.0002445619928
-0.0002121046717
-0.0001796520823
-0.0001472050569
-0.0001147646351
-8.23321323e-05
-4.990923755e-05
-1.749815634e-05
1.489817619e-05
4.727576694e-05
7.962904231e-05
0.000111949983
0.0001442266232
0.0001764402961
0.0002085602178
0.0002405318658
0.0002722490672
0.000303475976
0.0003335777907
0.0003602880592
0.00037375
0.0003602880592
0.0003335777907
0.000303475976
0.0002722490672
0.0002405318658
0.0002085602178
0.0001764402961
0.0001442266232
0.000111949983
7.962904231e-05
-0.00121875
-0.00118625
-0.00115375
-0.00112125
-0.00108875
-0.00105625
-0.00102375
-0.00099125
-0.00095875
-0.00092625
-0.00089375
-0.00086125
-0.00082875
-0.00079625
-0.00076375
-0.00073125
-0.00069875
-0.00066625
-0.00063375
-0.00060125
-0.00056875
-0.00053625
-0.00050375
-0.00047125
-0.00043875
-0.00040625
-0.00037375
-0.00034125
-0.00030875
-0.00027625
-0.00024375
-0.00021125
-0.00017875
-0.00014625
-0.00011375
-8.125e-05
-4.875e-05
-1.625e-05
1.625e-05
4.875e-05
8.125e-05
0.00011375
0.00014625
0.00017875
0.00021125
0.00024375
0.00027625
0.00030875
0.00034125
0.00037375
0.00040625
0.00037375
0.00034125
0.00030875
0.00027625
0.00024375
0.00021125
0.00017875
0.00014625
0.00011375
8.125e-05
-0.001219074968
-0.001186581598
-0.001154088505
-0.001121595706
-0.001089103219
-0.001056611067
-0.001024119271
-0.0009916278559
-0.0009591368499
-0.0009266462825
-0.0008941561865
-0.0008616665982
-0.0008291775576
-0.000796689109
-0.0007642013018
-0.000731714191
-0.0006992278379
-0.0006667423112
-0.0006342576886
-0.0006017740573
-0.0005692915163
-0.0005368101784
-0.0005043301722
-0.0004718516456
-0.000439374769
-0.0004068997402
-0.0003744267897
-0.0003419561882
-0.0003094882552
-0.0002770233714
-0.0002445619928
-0.0002121046717
-0.0001796520823
-0.0001472050569
-0.0001147646351
-8.23321323e-05
-4.990923755e-05
-1.749815634e-05
1.489817619e-05
4.727576694e-05
7.962904231e-05
0.000111949983
0.0001442266232
0.0001764402961
0.0002085602178
0.0002405318658
0.0002722490672
0.000303475976
0.0003335777907
0.0003602880592
0.00037375
0.0003602880592
0.0003335777907
0.000303475976
0.0002722490672
0.0002405318658
0.0002085602178
0.0001764402961
0.0001442266232
0.000111949983
7.962904231e-05
-0.00122004948
-0.001187575979
-0.001155103579
-0.001122632353
-0.001090162376
-0.001057693732
-0.00102522651
-0.0009927608113
-0.0009602967427
-0.0009278344239
-0.0008953739856
-0.0008629155723
-0.0008304593434
-0.0007980054754
-0.0007655541645
-0.0007331056293
-0.0007006601138
-0.0006682178916
-0.0006357792702
-0.0006033445969
-0.0005709142646
-0.0005384887205
-0.0005060684751
-0.0004736541141
-0.0004412463127
-0.0004088458533
-0.0003764536476
-0.0003440707647
-0.0003116984661
-0.0002793382511
-0.0002469919154
-0.0002146616282
-0.000182350034
-0.00015006039
-0.0001177967536
-8.556424339e-05
-5.336940777e-05
-2.122075923e-05
1.087043553e-05
4.288895366e-05
7.481373162e-05
0.0001066148051
0.0001382481343
0.0001696464286
0.0002007019521
0.0002312321438
0.0002609055815
0.0002890695835
0.0003143261184
0.0003335777907
0.00034125
0.0003335777907
0.0003143261184
0.0002890695835
0.0002609055815
0.0002312321438
0.0002007019521
0.0001696464286
0.0001382481343
0.0001066148051
7.481373162e-05
-0.001221672372
-0.001189231902
-0.001156793905
-0.001124358539
-0.001091925974
-0.001059496397
-0.00102707001
-0.000994647034
-0.0009622277126
-0.0009298123114
-0.0008974011228
-0.000864994469
-0.0008325927059
-0.0008001962276
-0.0007678054714
-0.0007354209246
-0.0007030431308
-0.0006706726992
-0.0006383103142
-0.0006059567477
-0.0005736128731
-0.0005412796829
-0.0005089583096
-0.000476650051
-0.0004443564013
-0.0004120790903
-0.0003798201305
-0.0003475818778
-0.0003153671076
-0.0002831791117
-0.0002510218235
-0.000218899982
-0.0001868193467
-0.0001547869863
-0.0001228116694
-9.090440258e-05
-5.907918456e-05
-2.735408208e-05
4.247201502e-06
3.569298684e-05
6.694003846e-05
9.792792813e-05
0.0001285698783
0.0001587373741
0.0001882333722
0.0002167440634
0.00024375
0.0002683641777
0.0002890695835
0.000303475976
0.00030875
0.000303475976
0.0002890695835
0.0002683641777
0.00024375
0.0002167440634
0.0001882333722
0.0001587373741
0.0001285698783
9.792792813e-05
6.694003846e-05
-0.001223941707
-0.001191547312
-0.001159157295
-0.001126771934
-0.001094391529
-0.00106201641
-0.001029646932
-0.0009972834873
-0.0009649265021
-0.0009325764451
-0.0009002338307
-0.000867899226
-0.0008355732563
-0.0008032566143
-0.000770950068
-0.000738654472
-0.00070637078
-0.000674100059
-0.0006418435073
-0.0006096024745
-0.0005773784868
-0.0005451732759
-0.0005129888155
-0.0004808273642
-0.0004486915185
-0.0004165842786
-0.0003845091289
-0.0003524701394
-0.0003204720927
-0.0002885206456
-0.0002566225368
-0.0002247858548
-0.0001930203897
-0.0001613380989
-0.0001297537313
-9.828567763e-05
-6.69571428e-05
-3.579779153e-05
-4.846095822e-06
2.58472529e-05
5.621428754e-05
8.616212144e-05
0.0001155611629
0.0001442266232
0.0001718891671
0.0001981484623
0.0002224022369
0.00024375
0.0002609055815
0.0002722490672
0.00027625
0.0002722490672
0.0002609055815
0.00024375
0.0002224022369
0.0001981484623
0.0001718891671
0.0001442266232
0.0001155611629
8.616212144e-05
5.621428754e-05
-0.001226854788
-0.001194519346
-0.001162190707
-0.001129869299
-0.001097555589
-0.001065250085
-0.001032953339
-0.001000665953
-0.0009683885889
-0.0009361219678
-0.0009038668841
-0.0008716242113
-0.0008393949133
-0.0008071800557
-0.00077498082
-0.0007427985194
-0.000710634618
-0.0006784907524
-0.0006463687581
-0.0006142707004
-0.0005821989112
-0.000550156033
-0.0005181450725
-0.0004861694642
-0.0004542331492
-0.000422340671
-0.0003904972937
-0.0003587091492
-0.0003269834212
-0.0002953285772
-0.0002637546642
-0.0002322736879
-0.000200900105
-0.0001696514673
-0.000138549275
-0.0001076201198
-7.689723429e-05
-4.642261901e-05
-1.625e-05
1.355100586e-05
4.288895366e-05
7.164202042e-05
9.964561321e-05
0.0001266744288
0.0001524168855
0.0001764402961
0.0001981484623
0.0002167440634
0.0002312321438
0.0002405318658
0.00024375
0.0002405318658
0.0002312321438
0.0002167440634
0.0001981484623
0.0001764402961
0.0001524168855
0.0001266744288
9.964561321e-05
7.164202042e-05
4.288895366e-05
-0.001230408181
-0.001198144356
-0.001165890261
-0.001133646506
-0.001101413756
-0.00106919273
-0.001036984215
-0.001004789067
-0.0009726082233
-0.0009404427081
-0.0009082936471
-0.0008761622777
-0.000844049964
-0.0008119582129
-0.0007798886934
-0.0007478432588
-0.0007158239726
-0.000683833139
-0.0006518733387
-0.0006199474713
-0.0005880588052
-0.0005562110382
-0.0005244083691
-0.0004926555846
-0.0004609581642
-0.0004293224086
-0.000397755597
-0.0003662661811
-0.0003348640263
-0.0003035607142
-0.0002723699231
-0.0002413079125
-0.0002103941437
-0.0001796520823
-0.0001491102434
-0.0001188035687
-8.877525188e-05
-5.907918456e-05
-2.978325561e-05
-9.738327996e-07
2.723812684e-05
5.470875064e-05
8.125e-05
0.0001066148051
0.0001304783553
0.0001524168855
0.0001718891671
0.0001882333722
0.0002007019521
0.0002085602178
0.00021125
0.0002085602178
0.0002007019521
0.0001882333722
0.0001718891671
0.0001524168855
0.0001304783553
0.0001066148051
8.125e-05
5.470875064e-05
2.723812684e-05
-0.001234597723
-0.001202417927
-0.001170251269
-0.001138098568
-0.001105960716
-0.00107383868
-0.001041733512
-0.001009646359
-0.0009775784756
-0.0009455312323
-0.0009135061328
-0.0008815048292
-0.0008495291406
-0.0008175810749
-0.0007856628534
-0.0007537769393
-0.0007219260723
-0.0006901133066
-0.000658342058
-0.0006266161578
-0.000594939917
-0.0005633182029
-0.0005317565298
-0.0005002611693
-0.0004688392812
-0.0004374990741
-0.00040625
-0.0003751029932
-0.0003440707647
-0.0003131681677
-0.0002824126533
-0.0002518248438
-0.0002214292573
-0.0001912552301
-0.0001613380989
-0.0001317207241
-0.0001024554649
-7.360674946e-05
-4.525442966e-05
-1.749815634e-05
9.536942489e-06
3.569298684e-05
6.077026109e-05
8.451641456e-05
0.0001066148051
0.0001266744288
0.0001442266232
0.0001587373741
0.0001696464286
0.0001764402961
0.00017875
0.0001764402961
0.0001696464286
0.0001587373741
0.0001442266232
0.0001266744288
0.0001066148051
8.451641456e-05
6.077026109e-05
3.569298684e-05
9.536942489e-06
-0.001239418557
-0.001207334906
-0.001175268258
-0.001143219667
-0.001111190279
-0.001079181335
-0.001047194185
-0.001015230302
-0.0009832912912
-0.0009513789073
-0.0009194950735
-0.0008876419004
-0.0008558217095
-0.00082403706
-0.0007922907794
-0.0007605859996
-0.0007289261978
-0.000697315245
-0.0006657574627
-0.0006342576886
-0.0006028213553
-0.0005714545822
-0.0005401642856
-0.0005089583096
-0.0004778455831
-0.0004468363086
-0.0004159421916
-0.000385176718
-0.0003545554942
-0.0003240966643
-0.0002938214249
-0.0002637546642
-0.0002339257571
-0.0002043695624
-0.0001751276741
-0.00014625
-0.0001177967536
-8.984096948e-05
-6.247166581e-05
-3.579779153e-05
-9.953075433e-06
1.489817619e-05
3.855447378e-05
6.077026109e-05
8.125e-05
9.964561321e-05
0.0001155611629
0.0001285698783
0.0001382481343
0.0001442266232
0.00014625
0.0001442266232
0.0001382481343
0.0001285698783
0.0001155611629
9.964561321e-05
8.125e-05
6.077026109e-05
3.855447378e-05
1.489817619e-05
-9.953075433e-06
-0.001244865153
-0.001212889432
-0.001180935008
-0.001149003195
-0.001117095414
-0.001085213208
-0.001053358252
-0.001021532371
-0.0009897375537
-0.000957975971
-0.00092625
-0.0008945622463
-0.0008629155723
-0.0008313131297
-0.0007997583955
-0.000768255215
-0.0007368078507
-0.0007054210395
-0.000674100059
-0.0006428508055
-0.0006116798846
-0.0005805947193
-0.000549603676
-0.0005187162156
-0.000487943072
-0.0004572964666
-0.0004267903652
-0.0003964407873
-0.0003662661811
-0.0003362878778
-0.0003065306465
-0.0002770233714
-0.0002477998834
-0.000218899982
-0.0001903706919
-0.0001622678097
-0.0001346578018
-0.0001076201198
-8.125e-05
-5.566178812e-05
-3.099278153e-05
-7.407466994e-06
1.489817619e-05
3.569298684e-05
5.470875064e-05
7.164202042e-05
8.616212144e-05
9.792792813e-05
0.0001066148051
0.000111949983
0.00011375
0.000111949983
0.0001066148051
9.792792813e-05
8.616212144e-05
7.164202042e-05
5.470875064e-05
3.569298684e-05
1.489817619e-05
-7.407466994e-06
-3.099278153e-05
-0.001250931342
-0.001219074968
-0.001187244587
-0.001155441791
-0.001123668298
-0.001091925974
-0.001060216842
-0.001028543104
-0.0009969071544
-0.00096531161
-0.0009337593283
-0.000902253439
-0.0008707973758
-0.0008393949133
-0.00080805021
-0.000776767857
-0.0007455529345
-0.0007144110772
-0.0006833485499
-0.0006523723359
-0.0006214902396
-0.0005907110073
-0.0005600444686
-0.0005295017032
-0.000499095238
-0.0004688392812
-0.00043875
-0.0004088458533
-0.0003791479883
-0.0003496807177
-0.0003204720927
-0.000291554593
-0.0002629659592
-0.000234750195
-0.0002069587736
-0.0001796520823
-0.0001529011424
-0.0001267896327
-0.0001014162289
-7.689723429e-05
-5.336940777e-05
-3.099278153e-05
-9.953075433e-06
9.536942489e-06
2.723812684e-05
4.288895366e-05
5.621428754e-05
6.694003846e-05
7.481373162e-05
7.962904231e-05
8.125e-05
7.962904231e-05
7.481373162e-05
6.694003846e-05
5.621428754e-05
4.288895366e-05
2.723812684e-05
9.536942489e-06
-9.953075433e-06
-3.099278153e-05
-5.336940777e-05
-0.001257610346
-0.001225884339
-0.001194189393
-0.00116252739
-0.001130900367
-0.001099310527
-0.001067760261
-0.001036252166
-0.001004789067
-0.000973374043
-0.0009420104533
-0.0009107019733
-0.0008794526289
-0.0008482668393
-0.0008171494646
-0.0007861058613
-0.000755141945
-0.0007242642635
-0.0006934800805
-0.0006627974732
-0.0006322254451
-0.0006017740573
-0.0005714545822
-0.0005412796829
-0.0005112636239
-0.0004814225184
-0.0004517746209
-0.000422340671
-0.000393144302
-0.0003642125234
-0.0003355762937
-0.000307271198
-0.0002793382511
-0.0002518248438
-0.0002247858548
-0.0001982849452
-0.000172396049
-0.0001472050569
-0.0001228116694
-9.933134855e-05
-7.689723429e-05
-5.566178812e-05
-3.579779153e-05
-1.749815634e-05
-9.738327996e-07
1.355100586e-05
2.58472529e-05
3.569298684e-05
4.288895366e-05
4.727576694e-05
4.875e-05
4.727576694e-05
4.288895366e-05
3.569298684e-05
2.58472529e-05
1.355100586e-05
-9.738327996e-07
-1.749815634e-05
-3.579779153e-05
-5.566178812e-05
-7.689723429e-05
-0.001264894817
-0.001233309773
-0.001201761194
-0.001170251269
-0.001138782362
-0.001107357033
-0.001075978053
-0.001044648429
-0.001013371428
-0.0009821506086
-0.0009509898462
-0.0009198933746
-0.0008888658249
-0.000857912272
-0.0008270382875
-0.00079625
-0.0007655541645
-0.0007349582413
-0.0007044704869
-0.000674100059
-0.0006438571374
-0.0006137530637
-0.0005838005038
-0.0005540136357
-0.0005244083691
-0.0004950026006
-0.0004658165112
-0.0004368729151
-0.0004081976656
-0.0003798201305
-0.0003517737463
-0.0003240966643
-0.0002968324987
-0.0002700311915
-0.00024375
-0.0002180546131
-0.0001930203897
-0.0001687336954
-0.0001452932893
-0.0001228116694
-0.0001014162289
-8.125e-05
-6.247166581e-05
-4.525442966e-05
-2.978325561e-05
-1.625e-05
-4.846095822e-06
4.247201502e-06
1.087043553e-05
1.489817619e-05
1.625e-05
1.489817619e-05
1.087043553e-05
4.247201502e-06
-4.846095822e-06
-1.625e-05
-2.978325561e-05
-4.525442966e-05
-6.247166581e-05
-8.125e-05
-0.0001014162289
-0.001272776876
-0.001241342941
-0.001209951179
-0.001178604094
-0.001147304392
-0.001116054996
-0.001084859067
-0.001053720034
-0.001022641616
-0.0009916278559
-0.0009606831549
-0.0009298123114
-0.0008990205658
-0.0008683136508
-0.0008376978486
-0.0008071800557
-0.000776767857
-0.0007464696103
-0.0007162945425
-0.0006862528604
-0.0006563558771
-0.0006266161578
-0.0005970476876
-0.0005676660641
-0.0005384887205
-0.0005095351822
-0.0004808273642
-0.0004523899129
-0.000424250602
-0.0003964407873
-0.0003689959287
-0.0003419561882
-0.0003153671076
-0.0002892803732
-0.0002637546642
-0.0002388565803
-0.0002146616282
-0.0001912552301
-0.0001687336954
-0.0001472050569
-0.0001267896327
-0.0001076201198
-8.984096948e-05
-7.360674946e-05
-5.907918456e-05
-4.642261901e-05
-3.579779153e-05
-2.735408208e-05
-2.122075923e-05
-1.749815634e-05
-1.625e-05
-1.749815634e-05
-2.122075923e-05
-2.735408208e-05
-3.579779153e-05
-4.642261901e-05
-5.907918456e-05
-7.360674946e-05
-8.984096948e-05
-0.0001076201198
-0.0001267896327
-0.001281248148
-0.001249975
-0.00121875
-0.001187575979
-0.001156455986
-0.001125393317
-0.001094391529
-0.001063454477
-0.001032586335
-0.001001791636
-0.0009710753065
-0.0009404427081
-0.0009098996875
-0.0008794526289
-0.0008491085145
-0.0008188749936
-0.0007887604602
-0.0007587741414
-0.0007289261978
-0.0006992278379
-0.0006696914482
-0.0006403307422
-0.0006111609298
-0.0005821989112
-0.0005534634989
-0.0005249756708
-0.0004967588593
-0.0004688392812
-0.0004412463127
-0.0004140129152
-0.000387176115
-0.0003607775419
-0.0003348640263
-0.0003094882552
-0.0002847094778
-0.0002605942472
-0.0002372171709
-0.0002146616282
-0.0001930203897
-0.000172396049
-0.0001529011424
-0.0001346578018
-0.0001177967536
-0.0001024554649
-8.877525188e-05
-7.689723429e-05
-6.69571428e-05
-5.907918456e-05
-5.336940777e-05
-4.990923755e-05
-4.875e-05
-4.990923755e-05
-5.336940777e-05
-5.907918456e-05
-6.69571428e-05
-7.689723429e-05
-8.877525188e-05
-0.0001024554649
-0.0001177967536
-0.0001346578018
-0.0001529011424
-0.001290299808
-0.001259196637
-0.001228147825
-0.00119715653
-0.001166226152
-0.001135360359
-0.001104563109
-0.00107383868
-0.001043191703
-0.001012627197
-0.0009821506086
-0.000951767857
-0.000921485384
-0.0008913102105
-0.00086125
-0.0008313131297
-0.0008015087714
-0.0007718469824
-0.0007423388081
-0.0007129963983
-0.000683833139
-0.0006548638016
-0.0006261047113
-0.0005975739387
-0.0005692915163
-0.0005412796829
-0.0005135631604
-0.0004861694642
-0.0004591292521
-0.0004324767135
-0.00040625
-0.0003804916984
-0.0003552493434
-0.0003305759632
-0.0003065306465
-0.0002831791117
-0.0002605942472
-0.0002388565803
-0.0002180546131
-0.0001982849452
-0.0001796520823
-0.0001622678097
-0.00014625
-0.0001317207241
-0.0001188035687
-0.0001076201198
-9.828567763e-05
-9.090440258e-05
-8.556424339e-05
-8.23321323e-05
-8.125e-05
-8.23321323e-05
-8.556424339e-05
-9.090440258e-05
-9.828567763e-05
-0.0001076201198
-0.0001188035687
-0.0001317207241
-0.00014625
-0.0001622678097
-0.0001796520823
-0.001299922617
-0.001268998116
-0.001238134383
-0.001207334906
-0.001176603436
-0.001145944012
-0.001115360988
-0.001084859067
-0.001054443329
-0.001024119271
-0.0009938928499
-0.000963770529
-0.0009337593283
-0.0009038668841
-0.0008741015142
-0.0008444722913
-0.0008149891248
-0.0007856628534
-0.0007565053483
-0.0007275296303
-0.00069875
-0.0006701821855
-0.0006418435073
-0.0006137530637
-0.000585931939
-0.0005584034352
-0.0005311933316
-0.0005043301722
-0.0004778455831
-0.0004517746209
-0.0004261561509
-0.0004010332526
-0.0003764536476
-0.0003524701394
-0.0003291410524
-0.0003065306465
-0.0002847094778
-0.0002637546642
-0.00024375
-0.0002247858548
-0.0002069587736
-0.0001903706919
-0.0001751276741
-0.0001613380989
-0.0001491102434
-0.000138549275
-0.0001297537313
-0.0001228116694
-0.0001177967536
-0.0001147646351
-0.00011375
-0.0001147646351
-0.0001177967536
-0.0001228116694
-0.0001297537313
-0.000138549275
-0.0001491102434
-0.0001613380989
-0.0001751276741
-0.0001903706919
-0.0002069587736
-0.00131010697
-0.001279369322
-0.001248699017
-0.00121809987
-0.001187575979
-0.001157131751
-0.001126771934
-0.001096501643
-0.001066326399
-0.001036252166
-0.001006285398
-0.0009764330801
-0.0009467027893
-0.0009171027496
-0.0008876419004
-0.0008583299698
-0.0008291775576
-0.0008001962276
-0.0007713986106
-0.0007427985194
-0.0007144110772
-0.0006862528604
-0.000658342058
-0.0006306986487
-0.0006033445969
-0.0005763040698
-0.000549603676
-0.000523272727
-0.0004973435203
-0.0004718516456
-0.0004468363086
-0.000422340671
-0.0003984121962
-0.0003751029932
-0.0003524701394
-0.0003305759632
-0.0003094882552
-0.0002892803732
-0.0002700311915
-0.0002518248438
-0.000234750195
-0.000218899982
-0.0002043695624
-0.0001912552301
-0.0001796520823
-0.0001696514673
-0.0001613380989
-0.0001547869863
-0.00015006039
-0.0001472050569
-0.00014625
-0.0001472050569
-0.00015006039
-0.0001547869863
-0.0001613380989
-0.0001696514673
-0.0001796520823
-0.0001912552301
-0.0002043695624
-0.000218899982
-0.000234750195
-0.001320842933
-0.001290299808
-0.00125983073
-0.001229439839
-0.001199131575
-0.001168910706
-0.001138782362
-0.001108752063
-0.001078825756
-0.001049009857
-0.001019311293
-0.0009897375537
-0.0009602967427
-0.0009309976397
-0.0009018497668
-0.0008728634625
-0.000844049964
-0.0008154214984
-0.0007869913838
-0.0007587741414
-0.0007307856195
-0.0007030431308
-0.0006755656035
-0.0006483737481
-0.0006214902396
-0.000594939917
-0.00056875
-0.0005429503213
-0.0005175735762
-0.0004926555846
-0.0004682355631
-0.0004443564013
-0.000421064934
-0.0003984121962
-0.0003764536476
-0.0003552493434
-0.0003348640263
-0.0003153671076
-0.0002968324987
-0.0002793382511
-0.0002629659592
-0.0002477998834
-0.0002339257571
-0.0002214292573
-0.0002103941437
-0.000200900105
-0.0001930203897
-0.0001868193467
-0.000182350034
-0.0001796520823
-0.00017875
-0.0001796520823
-0.000182350034
-0.0001868193467
-0.0001930203897
-0.000200900105
-0.0002103941437
-0.0002214292573
-0.0002339257571
-0.0002477998834
-0.0002629659592
-0.001332120286
-0.001301778835
-0.001271518235
-0.001241342941
-0.001211257728
-0.001181267716
-0.001151378406
-0.001121595706
-0.001091925974
-0.001062376059
-0.001032953339
-0.001003665778
-0.0009745219761
-0.0009455312323
-0.0009167036084
-0.0008880500039
-0.0008595822361
-0.0008313131297
-0.0008032566143
-0.0007754278326
-0.0007478432588
-0.0007205208285
-0.0006934800805
-0.0006667423112
-0.0006403307422
-0.0006142707004
-0.0005885898112
-0.0005633182029
-0.0005384887205
-0.0005141371468
-0.0004903024246
-0.0004670268748
-0.0004443564013
-0.000422340671
-0.0004010332526
-0.0003804916984
-0.0003607775419
-0.0003419561882
-0.0003240966643
-0.000307271198
-0.000291554593
-0.0002770233714
-0.0002637546642
-0.0002518248438
-0.0002413079125
-0.0002322736879
-0.0002247858548
-0.000218899982
-0.0002146616282
-0.0002121046717
-0.00021125
-0.0002121046717
-0.0002146616282
-0.000218899982
-0.0002247858548
-0.0002322736879
-0.0002413079125
-0.0002518248438
-0.0002637546642
-0.0002770233714
-0.000291554593
-0.001343928562
-0.001313795421
-0.00128375
-0.001253797063
-0.001223941707
-0.001194189393
-0.001164545977
-0.001135017741
-0.001105611435
-0.001076334315
-0.001047194185
-0.001018199455
-0.000989359186
-0.0009606831549
-0.0009321819183
-0.0009038668841
-0.00087575039
-0.0008478457898
-0.0008201675472
-0.0007927313385
-0.0007655541645
-0.000738654472
-0.0007120522847
-0.0006857693451
-0.0006598292653
-0.0006342576886
-0.0006090824579
-0.0005843337925
-0.0005600444686
-0.00053625
-0.0005129888155
-0.0004903024246
-0.0004682355631
-0.0004468363086
-0.0004261561509
-0.00040625
-0.000387176115
-0.0003689959287
-0.0003517737463
-0.0003355762937
-0.0003204720927
-0.0003065306465
-0.0002938214249
-0.0002824126533
-0.0002723699231
-0.0002637546642
-0.0002566225368
-0.0002510218235
-0.0002469919154
-0.0002445619928
-0.00024375
-0.0002445619928
-0.0002469919154
-0.0002510218235
-0.0002566225368
-0.0002637546642
-0.0002723699231
-0.0002824126533
-0.0002938214249
-0.0003065306465
-0.0003204720927
