-0.0012000
-0.0011800
-0.0011600
-0.0011400
-0.0011200
-0.0011000
-0.0010800
-0.0010600
-0.0010400
-0.0010200
-0.0010000
-0.0009800
-0.0009600
-0.0009400
-0.0009200
-0.0009000
-0.0008800
-0.0008600
-0.0008400
-0.0008200
-0.0008000
-0.0007800
-0.0007600
-0.0007400
-0.0007200
-0.0007000
-0.0006800
-0.0006600
-0.0006400
-0.0006200
-0.0006000
-0.0005800
-0.0005600
-0.0005400
-0.0005200
-0.0005000
-0.0004800
-0.0004600
-0.0004400
-0.0004200
-0.0004000
-0.0003800
-0.0003600
-0.0003400
-0.0003200
-0.0003000
-0.0002800
-0.0002600
-0.0002400
-0.0002200
-0.0002000
-0.0001800
-0.0001600
-0.0001400
-0.0001200
-0.0001000
-0.0000800
-0.0000600
-0.0000400
-0.0000200
0.0000000
0.0000200
0.0000400
0.0000600
0.0000800
0.0001000
0.0001200
0.0001400
0.0001600
0.0001800
0.0002000
0.0002200
0.0002400
0.0002600
0.0002800
0.0003000
0.0003200
0.0003400
0.0003600
0.0003800
0.0004000
0.0004200
0.0004400
0.0004600
0.0004800
0.0005000
0.0005200
0.0005400
0.0005600
0.0005800
0.0006000
-0.0012000
-0.0011800
-0.0011600
-0.0011400
-0.0011200
-0.0011000
-0.0010800
-0.0010600
-0.0010400
-0.0010200
-0.0010000
-0.0009800
-0.0009600
-0.0009400
-0.0009200
-0.0009000
-0.0008800
-0.0008600
-0.0008400
-0.0008200
-0.0008000
-0.0007800
-0.0007600
-0.0007400
-0.0007200
-0.0007000
-0.0006800
-0.0006600
-0.0006400
-0.0006200
-0.0006000
-0.0005800
-0.0005600
-0.0005400
-0.0005200
-0.0005000
-0.0004800
-0.0004600
-0.0004400
-0.0004200
-0.0004000
-0.0003800
-0.0003600
-0.0003400
-0.0003200
-0.0003000
-0.0002800
-0.0002600
-0.0002400
-0.0002200
-0.0002000
-0.0001800
-0.0001600
-0.0001400
-0.0001200
-0.0001000
-0.0000800
-0.0000600
-0.0000400
-0.0000200
0.0000000
0.0000200
0.0000400
0.0000600
0.0000800
0.0001000
0.0001200
0.0001400
0.0001600
0.0001800
0.0002000
0.0002200
0.0002400
0.0002600
0.0002800
0.0003000
0.0003200
0.0003400
0.0003600
0.0003800
0.0004000
0.0004200
0.0004400
0.0004600
0.0004800
0.0005000
0.0005200
0.0005400
0.0005600
0.0005800
0.0006000
-0.0012000
-0.0011800
-0.0011600
-0.0011400
-0.0011200
-0.0011000
-0.0010800
-0.0010600
-0.0010400
-0.0010200
-0.0010000
-0.0009800
-0.0009600
-0.0009400
-0.0009200
-0.0009000
-0.0008800
-0.0008600
-0.0008400
-0.0008200
-0.0008000
-0.0007800
-0.0007600
-0.0007400
-0.0007200
-0.0007000
-0.0006800
-0.0006600
-0.0006400
-0.0006200
-0.0006000
-0.0005800
-0.0005600
-0.0005400
-0.0005200
-0.0005000
-0.0004800
-0.0004600
-0.0004400
-0.0004200
-0.0004000
-0.0003800
-0.0003600
-0.0003400
-0.0003200
-0.0003000
-0.0002800
-0.0002600
-0.0002400
-0.0002200
-0.0002000
-0.0001800
-0.0001600
-0.0001400
-0.0001200
-0.0001000
-0.0000800
-0.0000600
-0.0000400
-0.0000200
0.0000000
0.0000200
0.0000400
0.0000600
0.0000800
0.0001000
0.0001200
0.0001400
0.0001600
0.0001800
0.0002000
0.0002200
0.0002400
0.0002600
0.0002800
0.0003000
0.0003200
0.0003400
0.0003600
0.0003800
0.0004000
0.0004200
0.0004400
0.0004600
0.0004800
0.0005000
0.0005200
0.0005400
0.0005600
0.0005800
0.0006000
-0.0012000
-0.0011800
-0.0011600
-0.0011400
-0.0011200
-0.0011000
-0.0010800
-0.0010600
-0.0010400
-0.0010200
-0.0010000
-0.0009800
-0.0009600
-0.0009400
-0.0009200
-0.0009000
-0.0008800
-0.0008600
-0.0008400
-0.0008200
-0.0008000
-0.0007800
-0.0007600
-0.0007400
-0.0007200
-0.0007000
-0.0006800
-0.0006600
-0.0006400
-0.0006200
-0.0006000
-0.0005800
-0.0005600
-0.0005400
-0.0005200
-0.0005000
-0.0004800
-0.0004600
-0.0004400
-0.0004200
-0.0004000
-0.0003800
-0.0003600
-0.0003400
-0.0003200
-0.0003000
-0.0002800
-0.0002600
-0.0002400
-0.0002200
-0.0002000
-0.0001800
-0.0001600
-0.0001400
-0.0001200
-0.0001000
-0.0000800
-0.0000600
-0.0000400
-0.0000200
0.0000000
0.0000200
0.0000400
0.0000600
0.0000800
0.0001000
0.0001200
0.0001400
0.0001600
0.0001800
0.0002000
0.0002200
0.0002400
0.0002600
0.0002800
0.0003000
0.0003200
0.0003400
0.0003600
0.0003800
0.0004000
0.0004200
0.0004400
0.0004600
0.0004800
0.0005000
0.0005200
0.0005400
0.0005600
0.0005800
0.0006000
