-0.0003134
-0.0003000
-0.0002880
-0.0002772
-0.0002679
-0.0002600
-0.0002536
-0.0002488
-0.0002456
-0.0002440
-0.0002440
-0.0002456
-0.0002488
-0.0002536
-0.0002600
-0.0002679
-0.0002772
-0.0002880
-0.0003000
-0.0003134
-0.0003279
-0.0003435
-0.0003603
-0.0003780
-0.0003966
-0.0004161
-0.0004364
-0.0004574
-0.0004792
-0.0005016
-0.0005246
-0.0005481
-0.0005721
-0.0005967
-0.0006216
-0.0006470
-0.0006728
-0.0006989
-0.0007253
-0.0007521
-0.0007791
-0.0008064
-0.0008340
-0.0008618
-0.0008898
-0.0009180
-0.0009464
-0.0009750
-0.0010038
-0.0010327
-0.0010617
-0.0010910
-0.0011203
-0.0011498
-0.0011794
-0.0012091
-0.0012389
-0.0012688
-0.0012988
-0.0013289
-0.0013590
-0.0002841
-0.0002702
-0.0002576
-0.0002464
-0.0002366
-0.0002283
-0.0002216
-0.0002166
-0.0002132
-0.0002115
-0.0002115
-0.0002132
-0.0002166
-0.0002216
-0.0002283
-0.0002366
-0.0002464
-0.0002576
-0.0002702
-0.0002841
-0.0002993
-0.0003156
-0.0003329
-0.0003513
-0.0003705
-0.0003907
-0.0004116
-0.0004333
-0.0004556
-0.0004786
-0.0005022
-0.0005263
-0.0005508
-0.0005759
-0.0006014
-0.0006273
-0.0006535
-0.0006801
-0.0007070
-0.0007341
-0.0007616
-0.0007893
-0.0008173
-0.0008454
-0.0008738
-0.0009024
-0.0009311
-0.0009600
-0.0009891
-0.0010183
-0.0010476
-0.0010771
-0.0011067
-0.0011365
-0.0011663
-0.0011963
-0.0012263
-0.0012564
-0.0012866
-0.0013169
-0.0013473
-0.0002552
-0.0002407
-0.0002275
-0.0002157
-0.0002054
-0.0001968
-0.0001897
-0.0001844
-0.0001808
-0.0001790
-0.0001790
-0.0001808
-0.0001844
-0.0001897
-0.0001968
-0.0002054
-0.0002157
-0.0002275
-0.0002407
-0.0002552
-0.0002710
-0.0002880
-0.0003060
-0.0003250
-0.0003450
-0.0003658
-0.0003873
-0.0004097
-0.0004326
-0.0004562
-0.0004804
-0.0005051
-0.0005302
-0.0005558
-0.0005818
-0.0006082
-0.0006349
-0.0006619
-0.0006893
-0.0007169
-0.0007448
-0.0007729
-0.0008012
-0.0008297
-0.0008584
-0.0008873
-0.0009164
-0.0009456
-0.0009750
-0.0010045
-0.0010341
-0.0010639
-0.0010938
-0.0011238
-0.0011538
-0.0011840
-0.0012143
-0.0012446
-0.0012751
-0.0013056
-0.0013361
-0.0002267
-0.0002115
-0.0001976
-0.0001853
-0.0001744
-0.0001653
-0.0001578
-0.0001522
-0.0001484
-0.0001465
-0.0001465
-0.0001484
-0.0001522
-0.0001578
-0.0001653
-0.0001744
-0.0001853
-0.0001976
-0.0002115
-0.0002267
-0.0002431
-0.0002608
-0.0002795
-0.0002993
-0.0003199
-0.0003414
-0.0003637
-0.0003867
-0.0004103
-0.0004345
-0.0004593
-0.0004845
-0.0005103
-0.0005364
-0.0005629
-0.0005898
-0.0006170
-0.0006445
-0.0006723
-0.0007003
-0.0007286
-0.0007571
-0.0007858
-0.0008147
-0.0008437
-0.0008730
-0.0009024
-0.0009319
-0.0009616
-0.0009913
-0.0010213
-0.0010513
-0.0010814
-0.0011116
-0.0011419
-0.0011723
-0.0012028
-0.0012334
-0.0012640
-0.0012947
-0.0013255
-0.0001985
-0.0001826
-0.0001680
-0.0001550
-0.0001436
-0.0001339
-0.0001260
-0.0001201
-0.0001160
-0.0001140
-0.0001140
-0.0001160
-0.0001201
-0.0001260
-0.0001339
-0.0001436
-0.0001550
-0.0001680
-0.0001826
-0.0001985
-0.0002157
-0.0002341
-0.0002536
-0.0002741
-0.0002955
-0.0003177
-0.0003407
-0.0003644
-0.0003887
-0.0004135
-0.0004389
-0.0004648
-0.0004910
-0.0005177
-0.0005448
-0.0005721
-0.0005998
-0.0006278
-0.0006560
-0.0006844
-0.0007131
-0.0007420
-0.0007711
-0.0008003
-0.0008297
-0.0008593
-0.0008890
-0.0009188
-0.0009488
-0.0009788
-0.0010090
-0.0010393
-0.0010696
-0.0011001
-0.0011306
-0.0011613
-0.0011920
-0.0012227
-0.0012536
-0.0012845
-0.0013154
-0.0001708
-0.0001541
-0.0001388
-0.0001251
-0.0001130
-0.0001027
-0.0000943
-0.0000880
-0.0000837
-0.0000815
-0.0000815
-0.0000837
-0.0000880
-0.0000943
-0.0001027
-0.0001130
-0.0001251
-0.0001388
-0.0001541
-0.0001708
-0.0001888
-0.0002080
-0.0002283
-0.0002496
-0.0002718
-0.0002948
-0.0003185
-0.0003428
-0.0003678
-0.0003933
-0.0004193
-0.0004458
-0.0004726
-0.0004998
-0.0005274
-0.0005553
-0.0005834
-0.0006118
-0.0006405
-0.0006693
-0.0006984
-0.0007276
-0.0007571
-0.0007867
-0.0008164
-0.0008463
-0.0008763
-0.0009064
-0.0009366
-0.0009669
-0.0009974
-0.0010279
-0.0010585
-0.0010892
-0.0011200
-0.0011508
-0.0011817
-0.0012126
-0.0012437
-0.0012747
-0.0013059
-0.0001436
-0.0001260
-0.0001099
-0.0000954
-0.0000826
-0.0000717
-0.0000628
-0.0000559
-0.0000514
-0.0000490
-0.0000490
-0.0000514
-0.0000559
-0.0000628
-0.0000717
-0.0000826
-0.0000954
-0.0001099
-0.0001260
-0.0001436
-0.0001625
-0.0001826
-0.0002037
-0.0002258
-0.0002488
-0.0002726
-0.0002970
-0.0003221
-0.0003478
-0.0003739
-0.0004005
-0.0004276
-0.0004550
-0.0004828
-0.0005108
-0.0005392
-0.0005678
-0.0005967
-0.0006257
-0.0006550
-0.0006844
-0.0007141
-0.0007438
-0.0007738
-0.0008038
-0.0008340
-0.0008643
-0.0008947
-0.0009252
-0.0009557
-0.0009864
-0.0010172
-0.0010480
-0.0010789
-0.0011099
-0.0011409
-0.0011720
-0.0012032
-0.0012344
-0.0012656
-0.0012969
-0.0001170
-0.0000985
-0.0000815
-0.0000661
-0.0000525
-0.0000408
-0.0000313
-0.0000240
-0.0000191
-0.0000166
-0.0000166
-0.0000191
-0.0000240
-0.0000313
-0.0000408
-0.0000525
-0.0000661
-0.0000815
-0.0000985
-0.0001170
-0.0001369
-0.0001578
-0.0001799
-0.0002029
-0.0002267
-0.0002512
-0.0002764
-0.0003023
-0.0003286
-0.0003554
-0.0003827
-0.0004103
-0.0004383
-0.0004666
-0.0004951
-0.0005240
-0.0005531
-0.0005823
-0.0006118
-0.0006415
-0.0006713
-0.0007013
-0.0007314
-0.0007616
-0.0007920
-0.0008224
-0.0008530
-0.0008837
-0.0009144
-0.0009452
-0.0009761
-0.0010071
-0.0010382
-0.0010693
-0.0011005
-0.0011317
-0.0011629
-0.0011943
-0.0012256
-0.0012571
-0.0012885
-0.0000912
-0.0000717
-0.0000537
-0.0000373
-0.0000228
-0.0000103
0.0000000
0.0000079
0.0000132
0.0000159
0.0000159
0.0000132
0.0000079
0.0000000
-0.0000103
-0.0000228
-0.0000373
-0.0000537
-0.0000717
-0.0000912
-0.0001120
-0.0001339
-0.0001569
-0.0001808
-0.0002054
-0.0002308
-0.0002568
-0.0002834
-0.0003104
-0.0003379
-0.0003658
-0.0003940
-0.0004225
-0.0004513
-0.0004804
-0.0005097
-0.0005392
-0.0005689
-0.0005988
-0.0006288
-0.0006590
-0.0006893
-0.0007197
-0.0007502
-0.0007809
-0.0008116
-0.0008425
-0.0008734
-0.0009044
-0.0009354
-0.0009666
-0.0009978
-0.0010290
-0.0010603
-0.0010917
-0.0011231
-0.0011545
-0.0011860
-0.0012175
-0.0012491
-0.0012807
-0.0000661
-0.0000455
-0.0000264
-0.0000090
0.0000066
0.0000200
0.0000311
0.0000396
0.0000454
0.0000484
0.0000484
0.0000454
0.0000396
0.0000311
0.0000200
0.0000066
-0.0000090
-0.0000264
-0.0000455
-0.0000661
-0.0000880
-0.0001109
-0.0001349
-0.0001597
-0.0001853
-0.0002115
-0.0002382
-0.0002655
-0.0002933
-0.0003214
-0.0003499
-0.0003786
-0.0004077
-0.0004370
-0.0004666
-0.0004963
-0.0005263
-0.0005563
-0.0005866
-0.0006170
-0.0006475
-0.0006781
-0.0007089
-0.0007397
-0.0007706
-0.0008016
-0.0008327
-0.0008639
-0.0008951
-0.0009263
-0.0009577
-0.0009891
-0.0010205
-0.0010520
-0.0010835
-0.0011151
-0.0011467
-0.0011784
-0.0012100
-0.0012417
-0.0012735
-0.0000420
-0.0000203
0.0000000
0.0000186
0.0000353
0.0000499
0.0000619
0.0000712
0.0000776
0.0000808
0.0000808
0.0000776
0.0000712
0.0000619
0.0000499
0.0000353
0.0000186
0.0000000
-0.0000203
-0.0000420
-0.0000650
-0.0000890
-0.0001140
-0.0001398
-0.0001662
-0.0001932
-0.0002208
-0.0002488
-0.0002772
-0.0003060
-0.0003350
-0.0003644
-0.0003940
-0.0004238
-0.0004538
-0.0004839
-0.0005143
-0.0005448
-0.0005754
-0.0006061
-0.0006369
-0.0006678
-0.0006989
-0.0007300
-0.0007612
-0.0007924
-0.0008237
-0.0008551
-0.0008865
-0.0009180
-0.0009495
-0.0009811
-0.0010127
-0.0010444
-0.0010761
-0.0011078
-0.0011396
-0.0011713
-0.0012032
-0.0012350
-0.0012669
-0.0000191
0.0000039
0.0000255
0.0000454
0.0000635
0.0000792
0.0000924
0.0001027
0.0001097
0.0001133
0.0001133
0.0001097
0.0001027
0.0000924
0.0000792
0.0000635
0.0000454
0.0000255
0.0000039
-0.0000191
-0.0000432
-0.0000684
-0.0000943
-0.0001211
-0.0001484
-0.0001763
-0.0002046
-0.0002333
-0.0002624
-0.0002917
-0.0003214
-0.0003513
-0.0003813
-0.0004116
-0.0004420
-0.0004726
-0.0005033
-0.0005341
-0.0005651
-0.0005961
-0.0006273
-0.0006585
-0.0006898
-0.0007211
-0.0007525
-0.0007840
-0.0008155
-0.0008471
-0.0008787
-0.0009104
-0.0009421
-0.0009739
-0.0010056
-0.0010374
-0.0010693
-0.0011012
-0.0011330
-0.0011650
-0.0011969
-0.0012289
-0.0012609
0.0000026
0.0000269
0.0000499
0.0000712
0.0000907
0.0001079
0.0001225
0.0001339
0.0001417
0.0001457
0.0001457
0.0001417
0.0001339
0.0001225
0.0001079
0.0000907
0.0000712
0.0000499
0.0000269
0.0000026
-0.0000228
-0.0000490
-0.0000761
-0.0001038
-0.0001320
-0.0001606
-0.0001897
-0.0002191
-0.0002488
-0.0002788
-0.0003089
-0.0003393
-0.0003698
-0.0004005
-0.0004314
-0.0004623
-0.0004934
-0.0005246
-0.0005558
-0.0005871
-0.0006185
-0.0006500
-0.0006815
-0.0007131
-0.0007448
-0.0007764
-0.0008082
-0.0008399
-0.0008717
-0.0009036
-0.0009354
-0.0009673
-0.0009993
-0.0010312
-0.0010632
-0.0010952
-0.0011272
-0.0011592
-0.0011913
-0.0012234
-0.0012555
0.0000227
0.0000484
0.0000728
0.0000958
0.0001169
0.0001358
0.0001519
0.0001647
0.0001736
0.0001782
0.0001782
0.0001736
0.0001647
0.0001519
0.0001358
0.0001169
0.0000958
0.0000728
0.0000484
0.0000227
-0.0000039
-0.0000313
-0.0000594
-0.0000880
-0.0001170
-0.0001465
-0.0001763
-0.0002063
-0.0002366
-0.0002671
-0.0002978
-0.0003286
-0.0003596
-0.0003907
-0.0004219
-0.0004532
-0.0004845
-0.0005160
-0.0005475
-0.0005791
-0.0006108
-0.0006425
-0.0006742
-0.0007060
-0.0007378
-0.0007697
-0.0008016
-0.0008336
-0.0008655
-0.0008975
-0.0009295
-0.0009616
-0.0009936
-0.0010257
-0.0010578
-0.0010899
-0.0011220
-0.0011542
-0.0011863
-0.0012185
-0.0012507
0.0000411
0.0000681
0.0000941
0.0001188
0.0001417
0.0001625
0.0001805
0.0001950
0.0002052
0.0002106
0.0002106
0.0002052
0.0001950
0.0001805
0.0001625
0.0001417
0.0001188
0.0000941
0.0000681
0.0000411
0.0000132
-0.0000153
-0.0000444
-0.0000739
-0.0001038
-0.0001339
-0.0001644
-0.0001950
-0.0002258
-0.0002568
-0.0002880
-0.0003192
-0.0003506
-0.0003820
-0.0004135
-0.0004451
-0.0004768
-0.0005085
-0.0005403
-0.0005721
-0.0006040
-0.0006359
-0.0006678
-0.0006998
-0.0007318
-0.0007639
-0.0007959
-0.0008280
-0.0008601
-0.0008922
-0.0009244
-0.0009565
-0.0009887
-0.0010209
-0.0010531
-0.0010853
-0.0011175
-0.0011498
-0.0011820
-0.0012143
-0.0012465
0.0000573
0.0000857
0.0001133
0.0001397
0.0001647
0.0001876
0.0002079
0.0002246
0.0002366
0.0002429
0.0002429
0.0002366
0.0002246
0.0002079
0.0001876
0.0001647
0.0001397
0.0001133
0.0000857
0.0000573
0.0000283
-0.0000013
-0.0000313
-0.0000616
-0.0000922
-0.0001231
-0.0001541
-0.0001853
-0.0002166
-0.0002480
-0.0002795
-0.0003111
-0.0003428
-0.0003746
-0.0004064
-0.0004383
-0.0004702
-0.0005022
-0.0005341
-0.0005662
-0.0005982
-0.0006303
-0.0006624
-0.0006946
-0.0007267
-0.0007589
-0.0007911
-0.0008233
-0.0008555
-0.0008877
-0.0009200
-0.0009523
-0.0009845
-0.0010168
-0.0010491
-0.0010814
-0.0011137
-0.0011460
-0.0011784
-0.0012107
-0.0012430
0.0000712
0.0001009
0.0001300
0.0001582
0.0001852
0.0002106
0.0002335
0.0002529
0.0002674
0.0002752
0.0002752
0.0002674
0.0002529
0.0002335
0.0002106
0.0001852
0.0001582
0.0001300
0.0001009
0.0000712
0.0000411
0.0000105
-0.0000203
-0.0000514
-0.0000826
-0.0001140
-0.0001455
-0.0001772
-0.0002089
-0.0002407
-0.0002726
-0.0003045
-0.0003365
-0.0003685
-0.0004005
-0.0004326
-0.0004648
-0.0004969
-0.0005291
-0.0005613
-0.0005935
-0.0006257
-0.0006580
-0.0006902
-0.0007225
-0.0007548
-0.0007871
-0.0008194
-0.0008517
-0.0008841
-0.0009164
-0.0009488
-0.0009811
-0.0010135
-0.0010458
-0.0010782
-0.0011106
-0.0011430
-0.0011754
-0.0012077
-0.0012401
0.0000825
0.0001133
0.0001437
0.0001736
0.0002026
0.0002305
0.0002564
0.0002793
0.0002972
0.0003074
0.0003074
0.0002972
0.0002793
0.0002564
0.0002305
0.0002026
0.0001736
0.0001437
0.0001133
0.0000825
0.0000513
0.0000200
-0.0000115
-0.0000432
-0.0000750
-0.0001068
-0.0001388
-0.0001708
-0.0002029
-0.0002350
-0.0002671
-0.0002993
-0.0003315
-0.0003637
-0.0003959
-0.0004282
-0.0004605
-0.0004928
-0.0005251
-0.0005574
-0.0005898
-0.0006221
-0.0006545
-0.0006869
-0.0007192
-0.0007516
-0.0007840
-0.0008164
-0.0008488
-0.0008812
-0.0009136
-0.0009460
-0.0009784
-0.0010109
-0.0010433
-0.0010757
-0.0011081
-0.0011406
-0.0011730
-0.0012055
-0.0012379
0.0000907
0.0001225
0.0001540
0.0001852
0.0002160
0.0002462
0.0002752
0.0003022
0.0003250
0.0003392
0.0003392
0.0003250
0.0003022
0.0002752
0.0002462
0.0002160
0.0001852
0.0001540
0.0001225
0.0000907
0.0000589
0.0000269
-0.0000052
-0.0000373
-0.0000695
-0.0001017
-0.0001339
-0.0001662
-0.0001985
-0.0002308
-0.0002632
-0.0002955
-0.0003279
-0.0003603
-0.0003926
-0.0004250
-0.0004574
-0.0004899
-0.0005223
-0.0005547
-0.0005871
-0.0006196
-0.0006520
-0.0006844
-0.0007169
-0.0007493
-0.0007818
-0.0008142
-0.0008467
-0.0008791
-0.0009116
-0.0009441
-0.0009765
-0.0010090
-0.0010415
-0.0010739
-0.0011064
-0.0011389
-0.0011713
-0.0012038
-0.0012363
0.0000958
0.0001281
0.0001603
0.0001925
0.0002246
0.0002564
0.0002879
0.0003187
0.0003477
0.0003699
0.0003699
0.0003477
0.0003187
0.0002879
0.0002564
0.0002246
0.0001925
0.0001603
0.0001281
0.0000958
0.0000635
0.0000311
-0.0000013
-0.0000337
-0.0000661
-0.0000985
-0.0001310
-0.0001634
-0.0001959
-0.0002283
-0.0002608
-0.0002933
-0.0003257
-0.0003582
-0.0003907
-0.0004231
-0.0004556
-0.0004881
-0.0005206
-0.0005531
-0.0005855
-0.0006180
-0.0006505
-0.0006830
-0.0007155
-0.0007480
-0.0007804
-0.0008129
-0.0008454
-0.0008779
-0.0009104
-0.0009429
-0.0009754
-0.0010079
-0.0010404
-0.0010729
-0.0011053
-0.0011378
-0.0011703
-0.0012028
-0.0012353
0.0000975
0.0001300
0.0001625
0.0001950
0.0002275
0.0002600
0.0002925
0.0003250
0.0003575
0.0003900
0.0003900
0.0003575
0.0003250
0.0002925
0.0002600
0.0002275
0.0001950
0.0001625
0.0001300
0.0000975
0.0000650
0.0000325
0.0000000
-0.0000325
-0.0000650
-0.0000975
-0.0001300
-0.0001625
-0.0001950
-0.0002275
-0.0002600
-0.0002925
-0.0003250
-0.0003575
-0.0003900
-0.0004225
-0.0004550
-0.0004875
-0.0005200
-0.0005525
-0.0005850
-0.0006175
-0.0006500
-0.0006825
-0.0007150
-0.0007475
-0.0007800
-0.0008125
-0.0008450
-0.0008775
-0.0009100
-0.0009425
-0.0009750
-0.0010075
-0.0010400
-0.0010725
-0.0011050
-0.0011375
-0.0011700
-0.0012025
-0.0012350
0.0000958
0.0001281
0.0001603
0.0001925
0.0002246
0.0002564
0.0002879
0.0003187
0.0003477
0.0003699
0.0003699
0.0003477
0.0003187
0.0002879
0.0002564
0.0002246
0.0001925
0.0001603
0.0001281
0.0000958
0.0000635
0.0000311
-0.0000013
-0.0000337
-0.0000661
-0.0000985
-0.0001310
-0.0001634
-0.0001959
-0.0002283
-0.0002608
-0.0002933
-0.0003257
-0.0003582
-0.0003907
-0.0004231
-0.0004556
-0.0004881
-0.0005206
-0.0005531
-0.0005855
-0.0006180
-0.0006505
-0.0006830
-0.0007155
-0.0007480
-0.0007804
-0.0008129
-0.0008454
-0.0008779
-0.0009104
-0.0009429
-0.0009754
-0.0010079
-0.0010404
-0.0010729
-0.0011053
-0.0011378
-0.0011703
-0.0012028
-0.0012353
0.0000907
0.0001225
0.0001540
0.0001852
0.0002160
0.0002462
0.0002752
0.0003022
0.0003250
0.0003392
0.0003392
0.0003250
0.0003022
0.0002752
0.0002462
0.0002160
0.0001852
0.0001540
0.0001225
0.0000907
0.0000589
0.0000269
-0.0000052
-0.0000373
-0.0000695
-0.0001017
-0.0001339
-0.0001662
-0.0001985
-0.0002308
-0.0002632
-0.0002955
-0.0003279
-0.0003603
-0.0003926
-0.0004250
-0.0004574
-0.0004899
-0.0005223
-0.0005547
-0.0005871
-0.0006196
-0.0006520
-0.0006844
-0.0007169
-0.0007493
-0.0007818
-0.0008142
-0.0008467
-0.0008791
-0.0009116
-0.0009441
-0.0009765
-0.0010090
-0.0010415
-0.0010739
-0.0011064
-0.0011389
-0.0011713
-0.0012038
-0.0012363
0.0000825
0.0001133
0.0001437
0.0001736
0.0002026
0.0002305
0.0002564
0.0002793
0.0002972
0.0003074
0.0003074
0.0002972
0.0002793
0.0002564
0.0002305
0.0002026
0.0001736
0.0001437
0.0001133
0.0000825
0.0000513
0.0000200
-0.0000115
-0.0000432
-0.0000750
-0.0001068
-0.0001388
-0.0001708
-0.0002029
-0.0002350
-0.0002671
-0.0002993
-0.0003315
-0.0003637
-0.0003959
-0.0004282
-0.0004605
-0.0004928
-0.0005251
-0.0005574
-0.0005898
-0.0006221
-0.0006545
-0.0006869
-0.0007192
-0.0007516
-0.0007840
-0.0008164
-0.0008488
-0.0008812
-0.0009136
-0.0009460
-0.0009784
-0.0010109
-0.0010433
-0.0010757
-0.0011081
-0.0011406
-0.0011730
-0.0012055
-0.0012379
0.0000712
0.0001009
0.0001300
0.0001582
0.0001852
0.0002106
0.0002335
0.0002529
0.0002674
0.0002752
0.0002752
0.0002674
0.0002529
0.0002335
0.0002106
0.0001852
0.0001582
0.0001300
0.0001009
0.0000712
0.0000411
0.0000105
-0.0000203
-0.0000514
-0.0000826
-0.0001140
-0.0001455
-0.0001772
-0.0002089
-0.0002407
-0.0002726
-0.0003045
-0.0003365
-0.0003685
-0.0004005
-0.0004326
-0.0004648
-0.0004969
-0.0005291
-0.0005613
-0.0005935
-0.0006257
-0.0006580
-0.0006902
-0.0007225
-0.0007548
-0.0007871
-0.0008194
-0.0008517
-0.0008841
-0.0009164
-0.0009488
-0.0009811
-0.0010135
-0.0010458
-0.0010782
-0.0011106
-0.0011430
-0.0011754
-0.0012077
-0.0012401
0.0000573
0.0000857
0.0001133
0.0001397
0.0001647
0.0001876
0.0002079
0.0002246
0.0002366
0.0002429
0.0002429
0.0002366
0.0002246
0.0002079
0.0001876
0.0001647
0.0001397
0.0001133
0.0000857
0.0000573
0.0000283
-0.0000013
-0.0000313
-0.0000616
-0.0000922
-0.0001231
-0.0001541
-0.0001853
-0.0002166
-0.0002480
-0.0002795
-0.0003111
-0.0003428
-0.0003746
-0.0004064
-0.0004383
-0.0004702
-0.0005022
-0.0005341
-0.0005662
-0.0005982
-0.0006303
-0.0006624
-0.0006946
-0.0007267
-0.0007589
-0.0007911
-0.0008233
-0.0008555
-0.0008877
-0.0009200
-0.0009523
-0.0009845
-0.0010168
-0.0010491
-0.0010814
-0.0011137
-0.0011460
-0.0011784
-0.0012107
-0.0012430
0.0000411
0.0000681
0.0000941
0.0001188
0.0001417
0.0001625
0.0001805
0.0001950
0.0002052
0.0002106
0.0002106
0.0002052
0.0001950
0.0001805
0.0001625
0.0001417
0.0001188
0.0000941
0.0000681
0.0000411
0.0000132
-0.0000153
-0.0000444
-0.0000739
-0.0001038
-0.0001339
-0.0001644
-0.0001950
-0.0002258
-0.0002568
-0.0002880
-0.0003192
-0.0003506
-0.0003820
-0.0004135
-0.0004451
-0.0004768
-0.0005085
-0.0005403
-0.0005721
-0.0006040
-0.0006359
-0.0006678
-0.0006998
-0.0007318
-0.0007639
-0.0007959
-0.0008280
-0.0008601
-0.0008922
-0.0009244
-0.0009565
-0.0009887
-0.0010209
-0.0010531
-0.0010853
-0.0011175
-0.0011498
-0.0011820
-0.0012143
-0.0012465
0.0000227
0.0000484
0.0000728
0.0000958
0.0001169
0.0001358
0.0001519
0.0001647
0.0001736
0.0001782
0.0001782
0.0001736
0.0001647
0.0001519
0.0001358
0.0001169
0.0000958
0.0000728
0.0000484
0.0000227
-0.0000039
-0.0000313
-0.0000594
-0.0000880
-0.0001170
-0.0001465
-0.0001763
-0.0002063
-0.0002366
-0.0002671
-0.0002978
-0.0003286
-0.0003596
-0.0003907
-0.0004219
-0.0004532
-0.0004845
-0.0005160
-0.0005475
-0.0005791
-0.0006108
-0.0006425
-0.0006742
-0.0007060
-0.0007378
-0.0007697
-0.0008016
-0.0008336
-0.0008655
-0.0008975
-0.0009295
-0.0009616
-0.0009936
-0.0010257
-0.0010578
-0.0010899
-0.0011220
-0.0011542
-0.0011863
-0.0012185
-0.0012507
0.0000026
0.0000269
0.0000499
0.0000712
0.0000907
0.0001079
0.0001225
0.0001339
0.0001417
0.0001457
0.0001457
0.0001417
0.0001339
0.0001225
0.0001079
0.0000907
0.0000712
0.0000499
0.0000269
0.0000026
-0.0000228
-0.0000490
-0.0000761
-0.0001038
-0.0001320
-0.0001606
-0.0001897
-0.0002191
-0.0002488
-0.0002788
-0.0003089
-0.0003393
-0.0003698
-0.0004005
-0.0004314
-0.0004623
-0.0004934
-0.0005246
-0.0005558
-0.0005871
-0.0006185
-0.0006500
-0.0006815
-0.0007131
-0.0007448
-0.0007764
-0.0008082
-0.0008399
-0.0008717
-0.0009036
-0.0009354
-0.0009673
-0.0009993
-0.0010312
-0.0010632
-0.0010952
-0.0011272
-0.0011592
-0.0011913
-0.0012234
-0.0012555
-0.0000191
0.0000039
0.0000255
0.0000454
0.0000635
0.0000792
0.0000924
0.0001027
0.0001097
0.0001133
0.0001133
0.0001097
0.0001027
0.0000924
0.0000792
0.0000635
0.0000454
0.0000255
0.0000039
-0.0000191
-0.0000432
-0.0000684
-0.0000943
-0.0001211
-0.0001484
-0.0001763
-0.0002046
-0.0002333
-0.0002624
-0.0002917
-0.0003214
-0.0003513
-0.0003813
-0.0004116
-0.0004420
-0.0004726
-0.0005033
-0.0005341
-0.0005651
-0.0005961
-0.0006273
-0.0006585
-0.0006898
-0.0007211
-0.0007525
-0.0007840
-0.0008155
-0.0008471
-0.0008787
-0.0009104
-0.0009421
-0.0009739
-0.0010056
-0.0010374
-0.0010693
-0.0011012
-0.0011330
-0.0011650
-0.0011969
-0.0012289
-0.0012609
-0.0000420
-0.0000203
0.0000000
0.0000186
0.0000353
0.0000499
0.0000619
0.0000712
0.0000776
0.0000808
0.0000808
0.0000776
0.0000712
0.0000619
0.0000499
0.0000353
0.0000186
0.0000000
-0.0000203
-0.0000420
-0.0000650
-0.0000890
-0.0001140
-0.0001398
-0.0001662
-0.0001932
-0.0002208
-0.0002488
-0.0002772
-0.0003060
-0.0003350
-0.0003644
-0.0003940
-0.0004238
-0.0004538
-0.0004839
-0.0005143
-0.0005448
-0.0005754
-0.0006061
-0.0006369
-0.0006678
-0.0006989
-0.0007300
-0.0007612
-0.0007924
-0.0008237
-0.0008551
-0.0008865
-0.0009180
-0.0009495
-0.0009811
-0.0010127
-0.0010444
-0.0010761
-0.0011078
-0.0011396
-0.0011713
-0.0012032
-0.0012350
-0.0012669
-0.0000661
-0.0000455
-0.0000264
-0.0000090
0.0000066
0.0000200
0.0000311
0.0000396
0.0000454
0.0000484
0.0000484
0.0000454
0.0000396
0.0000311
0.0000200
0.0000066
-0.0000090
-0.0000264
-0.0000455
-0.0000661
-0.0000880
-0.0001109
-0.0001349
-0.0001597
-0.0001853
-0.0002115
-0.0002382
-0.0002655
-0.0002933
-0.0003214
-0.0003499
-0.0003786
-0.0004077
-0.0004370
-0.0004666
-0.0004963
-0.0005263
-0.0005563
-0.0005866
-0.0006170
-0.0006475
-0.0006781
-0.0007089
-0.0007397
-0.0007706
-0.0008016
-0.0008327
-0.0008639
-0.0008951
-0.0009263
-0.0009577
-0.0009891
-0.0010205
-0.0010520
-0.0010835
-0.0011151
-0.0011467
-0.0011784
-0.0012100
-0.0012417
-0.0012735
-0.0000912
-0.0000717
-0.0000537
-0.0000373
-0.0000228
-0.0000103
0.0000000
0.0000079
0.0000132
0.0000159
0.0000159
0.0000132
0.0000079
0.0000000
-0.0000103
-0.0000228
-0.0000373
-0.0000537
-0.0000717
-0.0000912
-0.0001120
-0.0001339
-0.0001569
-0.0001808
-0.0002054
-0.0002308
-0.0002568
-0.0002834
-0.0003104
-0.0003379
-0.0003658
-0.0003940
-0.0004225
-0.0004513
-0.0004804
-0.0005097
-0.0005392
-0.0005689
-0.0005988
-0.0006288
-0.0006590
-0.0006893
-0.0007197
-0.0007502
-0.0007809
-0.0008116
-0.0008425
-0.0008734
-0.0009044
-0.0009354
-0.0009666
-0.0009978
-0.0010290
-0.0010603
-0.0010917
-0.0011231
-0.0011545
-0.0011860
-0.0012175
-0.0012491
-0.0012807
-0.0001170
-0.0000985
-0.0000815
-0.0000661
-0.0000525
-0.0000408
-0.0000313
-0.0000240
-0.0000191
-0.0000166
-0.0000166
-0.0000191
-0.0000240
-0.0000313
-0.0000408
-0.0000525
-0.0000661
-0.0000815
-0.0000985
-0.0001170
-0.0001369
-0.0001578
-0.0001799
-0.0002029
-0.0002267
-0.0002512
-0.0002764
-0.0003023
-0.0003286
-0.0003554
-0.0003827
-0.0004103
-0.0004383
-0.0004666
-0.0004951
-0.0005240
-0.0005531
-0.0005823
-0.0006118
-0.0006415
-0.0006713
-0.0007013
-0.0007314
-0.0007616
-0.0007920
-0.0008224
-0.0008530
-0.0008837
-0.0009144
-0.0009452
-0.0009761
-0.0010071
-0.0010382
-0.0010693
-0.0011005
-0.0011317
-0.0011629
-0.0011943
-0.0012256
-0.0012571
-0.0012885
-0.0001436
-0.0001260
-0.0001099
-0.0000954
-0.0000826
-0.0000717
-0.0000628
-0.0000559
-0.0000514
-0.0000490
-0.0000490
-0.0000514
-0.0000559
-0.0000628
-0.0000717
-0.0000826
-0.0000954
-0.0001099
-0.0001260
-0.0001436
-0.0001625
-0.0001826
-0.0002037
-0.0002258
-0.0002488
-0.0002726
-0.0002970
-0.0003221
-0.0003478
-0.0003739
-0.0004005
-0.0004276
-0.0004550
-0.0004828
-0.0005108
-0.0005392
-0.0005678
-0.0005967
-0.0006257
-0.0006550
-0.0006844
-0.0007141
-0.0007438
-0.0007738
-0.0008038
-0.0008340
-0.0008643
-0.0008947
-0.0009252
-0.0009557
-0.0009864
-0.0010172
-0.0010480
-0.0010789
-0.0011099
-0.0011409
-0.0011720
-0.0012032
-0.0012344
-0.0012656
-0.0012969
-0.0001708
-0.0001541
-0.0001388
-0.0001251
-0.0001130
-0.0001027
-0.0000943
-0.0000880
-0.0000837
-0.0000815
-0.0000815
-0.0000837
-0.0000880
-0.0000943
-0.0001027
-0.0001130
-0.0001251
-0.0001388
-0.0001541
-0.0001708
-0.0001888
-0.0002080
-0.0002283
-0.0002496
-0.0002718
-0.0002948
-0.0003185
-0.0003428
-0.0003678
-0.0003933
-0.0004193
-0.0004458
-0.0004726
-0.0004998
-0.0005274
-0.0005553
-0.0005834
-0.0006118
-0.0006405
-0.0006693
-0.0006984
-0.0007276
-0.0007571
-0.0007867
-0.0008164
-0.0008463
-0.0008763
-0.0009064
-0.0009366
-0.0009669
-0.0009974
-0.0010279
-0.0010585
-0.0010892
-0.0011200
-0.0011508
-0.0011817
-0.0012126
-0.0012437
-0.0012747
-0.0013059
-0.0001985
-0.0001826
-0.0001680
-0.0001550
-0.0001436
-0.0001339
-0.0001260
-0.0001201
-0.0001160
-0.0001140
-0.0001140
-0.0001160
-0.0001201
-0.0001260
-0.0001339
-0.0001436
-0.0001550
-0.0001680
-0.0001826
-0.0001985
-0.0002157
-0.0002341
-0.0002536
-0.0002741
-0.0002955
-0.0003177
-0.0003407
-0.0003644
-0.0003887
-0.0004135
-0.0004389
-0.0004648
-0.0004910
-0.0005177
-0.0005448
-0.0005721
-0.0005998
-0.0006278
-0.0006560
-0.0006844
-0.0007131
-0.0007420
-0.0007711
-0.0008003
-0.0008297
-0.0008593
-0.0008890
-0.0009188
-0.0009488
-0.0009788
-0.0010090
-0.0010393
-0.0010696
-0.0011001
-0.0011306
-0.0011613
-0.0011920
-0.0012227
-0.0012536
-0.0012845
-0.0013154
-0.0002267
-0.0002115
-0.0001976
-0.0001853
-0.0001744
-0.0001653
-0.0001578
-0.0001522
-0.0001484
-0.0001465
-0.0001465
-0.0001484
-0.0001522
-0.0001578
-0.0001653
-0.0001744
-0.0001853
-0.0001976
-0.0002115
-0.0002267
-0.0002431
-0.0002608
-0.0002795
-0.0002993
-0.0003199
-0.0003414
-0.0003637
-0.0003867
-0.0004103
-0.0004345
-0.0004593
-0.0004845
-0.0005103
-0.0005364
-0.0005629
-0.0005898
-0.0006170
-0.0006445
-0.0006723
-0.0007003
-0.0007286
-0.0007571
-0.0007858
-0.0008147
-0.0008437
-0.0008730
-0.0009024
-0.0009319
-0.0009616
-0.0009913
-0.0010213
-0.0010513
-0.0010814
-0.0011116
-0.0011419
-0.0011723
-0.0012028
-0.0012334
-0.0012640
-0.0012947
-0.0013255
-0.0002552
-0.0002407
-0.0002275
-0.0002157
-0.0002054
-0.0001968
-0.0001897
-0.0001844
-0.0001808
-0.0001790
-0.0001790
-0.0001808
-0.0001844
-0.0001897
-0.0001968
-0.0002054
-0.0002157
-0.0002275
-0.0002407
-0.0002552
-0.0002710
-0.0002880
-0.0003060
-0.0003250
-0.0003450
-0.0003658
-0.0003873
-0.0004097
-0.0004326
-0.0004562
-0.0004804
-0.0005051
-0.0005302
-0.0005558
-0.0005818
-0.0006082
-0.0006349
-0.0006619
-0.0006893
-0.0007169
-0.0007448
-0.0007729
-0.0008012
-0.0008297
-0.0008584
-0.0008873
-0.0009164
-0.0009456
-0.0009750
-0.0010045
-0.0010341
-0.0010639
-0.0010938
-0.0011238
-0.0011538
-0.0011840
-0.0012143
-0.0012446
-0.0012751
-0.0013056
-0.0013361
-0.0002841
-0.0002702
-0.0002576
-0.0002464
-0.0002366
-0.0002283
-0.0002216
-0.0002166
-0.0002132
-0.0002115
-0.0002115
-0.0002132
-0.0002166
-0.0002216
-0.0002283
-0.0002366
-0.0002464
-0.0002576
-0.0002702
-0.0002841
-0.0002993
-0.0003156
-0.0003329
-0.0003513
-0.0003705
-0.0003907
-0.0004116
-0.0004333
-0.0004556
-0.0004786
-0.0005022
-0.0005263
-0.0005508
-0.0005759
-0.0006014
-0.0006273
-0.0006535
-0.0006801
-0.0007070
-0.0007341
-0.0007616
-0.0007893
-0.0008173
-0.0008454
-0.0008738
-0.0009024
-0.0009311
-0.0009600
-0.0009891
-0.0010183
-0.0010476
-0.0010771
-0.0011067
-0.0011365
-0.0011663
-0.0011963
-0.0012263
-0.0012564
-0.0012866
-0.0013169
-0.0013473
-0.0003134
-0.0003000
-0.0002880
-0.0002772
-0.0002679
-0.0002600
-0.0002536
-0.0002488
-0.0002456
-0.0002440
-0.0002440
-0.0002456
-0.0002488
-0.0002536
-0.0002600
-0.0002679
-0.0002772
-0.0002880
-0.0003000
-0.0003134
-0.0003279
-0.0003435
-0.0003603
-0.0003780
-0.0003966
-0.0004161
-0.0004364
-0.0004574
-0.0004792
-0.0005016
-0.0005246
-0.0005481
-0.0005721
-0.0005967
-0.0006216
-0.0006470
-0.0006728
-0.0006989
-0.0007253
-0.0007521
-0.0007791
-0.0008064
-0.0008340
-0.0008618
-0.0008898
-0.0009180
-0.0009464
-0.0009750
-0.0010038
-0.0010327
-0.0010617
-0.0010910
-0.0011203
-0.0011498
-0.0011794
-0.0012091
-0.0012389
-0.0012688
-0.0012988
-0.0013289
-0.0013590
