-0.0002000
-0.0001800
-0.0001600
-0.0001400
-0.0001200
-0.0001000
-0.0000800
-0.0000600
-0.0000400
-0.0000200
0.0000000
0.0000200
0.0000400
0.0000600
0.0000800
0.0001000
0.0001200
0.0001400
0.0001600
0.0001800
0.0002000
-0.0002000
-0.0001800
-0.0001600
-0.0001400
-0.0001200
-0.0001000
-0.0000800
-0.0000600
-0.0000400
-0.0000200
0.0000000
0.0000200
0.0000400
0.0000600
0.0000800
0.0001000
0.0001200
0.0001400
0.0001600
0.0001800
0.0002000
-0.0002000
-0.0001800
-0.0001600
-0.0001400
-0.0001200
-0.0001000
-0.0000800
-0.0000600
-0.0000400
-0.0000200
0.0000000
0.0000200
0.0000400
0.0000600
0.0000800
0.0001000
0.0001200
0.0001400
0.0001600
0.0001800
0.0002000
-0.0002000
-0.0001800
-0.0001600
-0.0001400
-0.0001200
-0.0001000
-0.0000800
-0.0000600
-0.0000400
-0.0000200
0.0000000
0.0000200
0.0000400
0.0000600
0.0000800
0.0001000
0.0001200
0.0001400
0.0001600
0.0001800
0.0002000
-0.0002000
-0.0001800
-0.0001600
-0.0001400
-0.0001200
-0.0001000
-0.0000800
-0.0000600
-0.0000400
-0.0000200
0.0000000
0.0000200
0.0000400
0.0000600
0.0000800
0.0001000
0.0001200
0.0001400
0.0001600
0.0001800
0.0002000
-0.0002000
-0.0001800
-0.0001600
-0.0001400
-0.0001200
-0.0001000
-0.0000800
-0.0000600
-0.0000400
-0.0000200
0.0000000
0.0000200
0.0000400
0.0000600
0.0000800
0.0001000
0.0001200
0.0001400
0.0001600
0.0001800
0.0002000
-0.0002000
-0.0001800
-0.0001600
-0.0001400
-0.0001200
-0.0001000
-0.0000800
-0.0000600
-0.0000400
-0.0000200
0.0000000
0.0000200
0.0000400
0.0000600
0.0000800
0.0001000
0.0001200
0.0001400
0.0001600
0.0001800
0.0002000
-0.0002000
-0.0001800
-0.0001600
-0.0001400
-0.0001200
-0.0001000
-0.0000800
-0.0000600
-0.0000400
-0.0000200
0.0000000
0.0000200
0.0000400
0.0000600
0.0000800
0.0001000
0.0001200
0.0001400
0.0001600
0.0001800
0.0002000
-0.0002000
-0.0001800
-0.0001600
-0.0001400
-0.0001200
-0.0001000
-0.0000800
-0.0000600
-0.0000400
-0.0000200
0.0000000
0.0000200
0.0000400
0.0000600
0.0000800
0.0001000
0.0001200
0.0001400
0.0001600
0.0001800
0.0002000
-0.0002000
-0.0001800
-0.0001600
-0.0001400
-0.0001200
-0.0001000
-0.0000800
-0.0000600
-0.0000400
-0.0000200
0.0000000
0.0000200
0.0000400
0.0000600
0.0000800
0.0001000
0.0001200
0.0001400
0.0001600
0.0001800
0.0002000
-0.0002000
-0.0001800
-0.0001600
-0.0001400
-0.0001200
-0.0001000
-0.0000800
-0.0000600
-0.0000400
-0.0000200
0.0000000
0.0000200
0.0000400
0.0000600
0.0000800
0.0001000
0.0001200
0.0001400
0.0001600
0.0001800
0.0002000
-0.0002000
-0.0001800
-0.0001600
-0.0001400
-0.0001200
-0.0001000
-0.0000800
-0.0000600
-0.0000400
-0.0000200
0.0000000
0.0000200
0.0000400
0.0000600
0.0000800
0.0001000
0.0001200
0.0001400
0.0001600
0.0001800
0.0002000
-0.0002000
-0.0001800
-0.0001600
-0.0001400
-0.0001200
-0.0001000
-0.0000800
-0.0000600
-0.0000400
-0.0000200
0.0000000
0.0000200
0.0000400
0.0000600
0.0000800
0.0001000
0.0001200
0.0001400
0.0001600
0.0001800
0.0002000
-0.0002000
-0.0001800
-0.0001600
-0.0001400
-0.0001200
-0.0001000
-0.0000800
-0.0000600
-0.0000400
-0.0000200
0.0000000
0.0000200
0.0000400
0.0000600
0.0000800
0.0001000
0.0001200
0.0001400
0.0001600
0.0001800
0.0002000
-0.0002000
-0.0001800
-0.0001600
-0.0001400
-0.0001200
-0.0001000
-0.0000800
-0.0000600
-0.0000400
-0.0000200
0.0000000
0.0000200
0.0000400
0.0000600
0.0000800
0.0001000
0.0001200
0.0001400
0.0001600
0.0001800
0.0002000
-0.0002000
-0.0001800
-0.0001600
-0.0001400
-0.0001200
-0.0001000
-0.0000800
-0.0000600
-0.0000400
-0.0000200
0.0000000
0.0000200
0.0000400
0.0000600
0.0000800
0.0001000
0.0001200
0.0001400
0.0001600
0.0001800
0.0002000
-0.0002000
-0.0001800
-0.0001600
-0.0001400
-0.0001200
-0.0001000
-0.0000800
-0.0000600
-0.0000400
-0.0000200
0.0000000
0.0000200
0.0000400
0.0000600
0.0000800
0.0001000
0.0001200
0.0001400
0.0001600
0.0001800
0.0002000
-0.0002000
-0.0001800
-0.0001600
-0.0001400
-0.0001200
-0.0001000
-0.0000800
-0.0000600
-0.0000400
-0.0000200
0.0000000
0.0000200
0.0000400
0.0000600
0.0000800
0.0001000
0.0001200
0.0001400
0.0001600
0.0001800
0.0002000
-0.0002000
-0.0001800
-0.0001600
-0.0001400
-0.0001200
-0.0001000
-0.0000800
-0.0000600
-0.0000400
-0.0000200
0.0000000
0.0000200
0.0000400
0.0000600
0.0000800
0.0001000
0.0001200
0.0001400
0.0001600
0.0001800
0.0002000
-0.0002000
-0.0001800
-0.0001600
-0.0001400
-0.0001200
-0.0001000
-0.0000800
-0.0000600
-0.0000400
-0.0000200
0.0000000
0.0000200
0.0000400
0.0000600
0.0000800
0.0001000
0.0001200
0.0001400
0.0001600
0.0001800
0.0002000
-0.0002000
-0.0001800
-0.0001600
-0.0001400
-0.0001200
-0.0001000
-0.0000800
-0.0000600
-0.0000400
-0.0000200
0.0000000
0.0000200
0.0000400
0.0000600
0.0000800
0.0001000
0.0001200
0.0001400
0.0001600
0.0001800
0.0002000
-0.0002000
-0.0001800
-0.0001600
-0.0001400
-0.0001200
-0.0001000
-0.0000800
-0.0000600
-0.0000400
-0.0000200
0.0000000
0.0000200
0.0000400
0.0000600
0.0000800
0.0001000
0.0001200
0.0001400
0.0001600
0.0001800
0.0002000
-0.0002000
-0.0001800
-0.0001600
-0.0001400
-0.0001200
-0.0001000
-0.0000800
-0.0000600
-0.0000400
-0.0000200
0.0000000
0.0000200
0.0000400
0.0000600
0.0000800
0.0001000
0.0001200
0.0001400
0.0001600
0.0001800
0.0002000
-0.0002000
-0.0001800
-0.0001600
-0.0001400
-0.0001200
-0.0001000
-0.0000800
-0.0000600
-0.0000400
-0.0000200
0.0000000
0.0000200
0.0000400
0.0000600
0.0000800
0.0001000
0.0001200
0.0001400
0.0001600
0.0001800
0.0002000
-0.0002000
-0.0001800
-0.0001600
-0.0001400
-0.0001200
-0.0001000
-0.0000800
-0.0000600
-0.0000400
-0.0000200
0.0000000
0.0000200
0.0000400
0.0000600
0.0000800
0.0001000
0.0001200
0.0001400
0.0001600
0.0001800
0.0002000
-0.0002000
-0.0001800
-0.0001600
-0.0001400
-0.0001200
-0.0001000
-0.0000800
-0.0000600
-0.0000400
-0.0000200
0.0000000
0.0000200
0.0000400
0.0000600
0.0000800
0.0001000
0.0001200
0.0001400
0.0001600
0.0001800
0.0002000
-0.0002000
-0.0001800
-0.0001600
-0.0001400
-0.0001200
-0.0001000
-0.0000800
-0.0000600
-0.0000400
-0.0000200
0.0000000
0.0000200
0.0000400
0.0000600
0.0000800
0.0001000
0.0001200
0.0001400
0.0001600
0.0001800
0.0002000
-0.0002000
-0.0001800
-0.0001600
-0.0001400
-0.0001200
-0.0001000
-0.0000800
-0.0000600
-0.0000400
-0.0000200
0.0000000
0.0000200
0.0000400
0.0000600
0.0000800
0.0001000
0.0001200
0.0001400
0.0001600
0.0001800
0.0002000
-0.0002000
-0.0001800
-0.0001600
-0.0001400
-0.0001200
-0.0001000
-0.0000800
-0.0000600
-0.0000400
-0.0000200
0.0000000
0.0000200
0.0000400
0.0000600
0.0000800
0.0001000
0.0001200
0.0001400
0.0001600
0.0001800
0.0002000
-0.0002000
-0.0001800
-0.0001600
-0.0001400
-0.0001200
-0.0001000
-0.0000800
-0.0000600
-0.0000400
-0.0000200
0.0000000
0.0000200
0.0000400
0.0000600
0.0000800
0.0001000
0.0001200
0.0001400
0.0001600
0.0001800
0.0002000
-0.0002000
-0.0001800
-0.0001600
-0.0001400
-0.0001200
-0.0001000
-0.0000800
-0.0000600
-0.0000400
-0.0000200
0.0000000
0.0000200
0.0000400
0.0000600
0.0000800
0.0001000
0.0001200
0.0001400
0.0001600
0.0001800
0.0002000
